Dynamical matrix file
                                                                           
  1    2  2  6.7034255  0.0000000  0.0000000  0.0000000  0.0000000  0.0000000
           1  'C   '    10947.3567922507     
    1    1      0.0000000000     -0.0000000000      0.0000000000
    2    1     -0.2480731097      0.2480731097      0.2480731097

     Dynamical  Matrix in cartesian axes

     q = (    0.503883715  -0.503883715   0.503883715 ) 

    1    1
  0.67320722  0.00000000   -0.09603880  0.00000000    0.09603880  0.00000000
 -0.09603880  0.00000000    0.67320722  0.00000000   -0.09603880  0.00000000
  0.09603880  0.00000000   -0.09603880  0.00000000    0.67320722  0.00000000
    1    2
 -0.64872912  0.00000000   -0.12146437  0.00000000    0.12146437  0.00000000
 -0.12146437  0.00000000   -0.64872912  0.00000000   -0.12146437  0.00000000
  0.12146437  0.00000000   -0.12146437  0.00000000   -0.64872912  0.00000000
    2    1
 -0.64872912  0.00000000   -0.12146437  0.00000000    0.12146437  0.00000000
 -0.12146437  0.00000000   -0.64872912  0.00000000   -0.12146437  0.00000000
  0.12146437  0.00000000   -0.12146437  0.00000000   -0.64872912  0.00000000
    2    2
  0.67320725  0.00000000   -0.09603873  0.00000000    0.09603873  0.00000000
 -0.09603873  0.00000000    0.67320725  0.00000000   -0.09603873  0.00000000
  0.09603873  0.00000000   -0.09603873  0.00000000    0.67320725  0.00000000

     Dynamical  Matrix in cartesian axes

     q = (   -0.503883715  -0.503883715  -0.503883715 ) 

    1    1
  0.67320722  0.00000000    0.09603880  0.00000000    0.09603880  0.00000000
  0.09603880  0.00000000    0.67320722  0.00000000    0.09603880  0.00000000
  0.09603880  0.00000000    0.09603880  0.00000000    0.67320722  0.00000000
    1    2
 -0.64872912 -0.00000000    0.12146437  0.00000000    0.12146437  0.00000000
  0.12146437  0.00000000   -0.64872912 -0.00000000    0.12146437  0.00000000
  0.12146437  0.00000000    0.12146437  0.00000000   -0.64872912 -0.00000000
    2    1
 -0.64872912  0.00000000    0.12146437 -0.00000000    0.12146437 -0.00000000
  0.12146437 -0.00000000   -0.64872912  0.00000000    0.12146437 -0.00000000
  0.12146437 -0.00000000    0.12146437 -0.00000000   -0.64872912  0.00000000
    2    2
  0.67320725  0.00000000    0.09603873  0.00000000    0.09603873  0.00000000
  0.09603873  0.00000000    0.67320725  0.00000000    0.09603873  0.00000000
  0.09603873  0.00000000    0.09603873  0.00000000    0.67320725  0.00000000

     Dynamical  Matrix in cartesian axes

     q = (   -0.503883715   0.503883715   0.503883715 ) 

    1    1
  0.67320722  0.00000000   -0.09603880  0.00000000   -0.09603880  0.00000000
 -0.09603880  0.00000000    0.67320722  0.00000000    0.09603880  0.00000000
 -0.09603880  0.00000000    0.09603880  0.00000000    0.67320722  0.00000000
    1    2
  0.64872912 -0.00000000    0.12146437 -0.00000000    0.12146437 -0.00000000
  0.12146437 -0.00000000    0.64872912 -0.00000000   -0.12146437  0.00000000
  0.12146437 -0.00000000   -0.12146437  0.00000000    0.64872912 -0.00000000
    2    1
  0.64872912  0.00000000    0.12146437  0.00000000    0.12146437  0.00000000
  0.12146437  0.00000000    0.64872912  0.00000000   -0.12146437 -0.00000000
  0.12146437  0.00000000   -0.12146437 -0.00000000    0.64872912  0.00000000
    2    2
  0.67320725  0.00000000   -0.09603873  0.00000000   -0.09603873  0.00000000
 -0.09603873  0.00000000    0.67320725  0.00000000    0.09603873  0.00000000
 -0.09603873  0.00000000    0.09603873  0.00000000    0.67320725  0.00000000

     Dynamical  Matrix in cartesian axes

     q = (    0.503883715   0.503883715  -0.503883715 ) 

    1    1
  0.67320722  0.00000000    0.09603880  0.00000000   -0.09603880  0.00000000
  0.09603880  0.00000000    0.67320722  0.00000000   -0.09603880  0.00000000
 -0.09603880  0.00000000   -0.09603880  0.00000000    0.67320722  0.00000000
    1    2
 -0.64872912 -0.00000000    0.12146437  0.00000000   -0.12146437 -0.00000000
  0.12146437  0.00000000   -0.64872912 -0.00000000   -0.12146437 -0.00000000
 -0.12146437 -0.00000000   -0.12146437 -0.00000000   -0.64872912 -0.00000000
    2    1
 -0.64872912  0.00000000    0.12146437 -0.00000000   -0.12146437  0.00000000
  0.12146437 -0.00000000   -0.64872912  0.00000000   -0.12146437  0.00000000
 -0.12146437  0.00000000   -0.12146437  0.00000000   -0.64872912  0.00000000
    2    2
  0.67320725  0.00000000    0.09603873  0.00000000   -0.09603873  0.00000000
  0.09603873  0.00000000    0.67320725  0.00000000   -0.09603873  0.00000000
 -0.09603873  0.00000000   -0.09603873  0.00000000    0.67320725  0.00000000

     Diagonalizing the dynamical matrix

     q = (    0.503883715  -0.503883715   0.503883715 ) 

 **************************************************************************
     freq (    1) =     -13.814246 [THz] =    -460.793660 [cm-1]
 ( -0.481571  0.000000 -0.516588  0.000000 -0.035017  0.000000 ) 
 ( -0.481571  0.000000 -0.516588  0.000000 -0.035017  0.000000 ) 
     freq (    2) =     -13.814246 [THz] =    -460.793660 [cm-1]
 ( -0.318469  0.000000  0.257818  0.000000  0.576287  0.000000 ) 
 ( -0.318469  0.000000  0.257818  0.000000  0.576287  0.000000 ) 
     freq (    3) =      21.313549 [THz] =     710.943470 [cm-1]
 (  0.408248  0.000000 -0.408248  0.000000  0.408248  0.000000 ) 
 (  0.408248  0.000000 -0.408248  0.000000  0.408248  0.000000 ) 
     freq (    4) =      35.449305 [THz] =    1182.461527 [cm-1]
 ( -0.408248  0.000000  0.408248  0.000000 -0.408248  0.000000 ) 
 (  0.408248  0.000000 -0.408248  0.000000  0.408248  0.000000 ) 
     freq (    5) =      36.497451 [THz] =    1217.423938 [cm-1]
 (  0.447634  0.000000  0.539598  0.000000  0.091965  0.000000 ) 
 ( -0.447634  0.000000 -0.539598  0.000000 -0.091965  0.000000 ) 
     freq (    6) =      36.497451 [THz] =    1217.423938 [cm-1]
 ( -0.364633  0.000000  0.205346  0.000000  0.569979  0.000000 ) 
 (  0.364633  0.000000 -0.205346  0.000000 -0.569979  0.000000 ) 
 **************************************************************************
