Dynamical matrix file
                                                                           
  1    2  2  6.7034255  0.0000000  0.0000000  0.0000000  0.0000000  0.0000000
           1  'C   '    10947.3567922507     
    1    1      0.0000000000     -0.0000000000      0.0000000000
    2    1     -0.2480731097      0.2480731097      0.2480731097

     Dynamical  Matrix in cartesian axes

     q = (    0.000000000  -1.007767429   0.000000000 ) 

    1    1
  0.40281191  0.00000000    0.00000000  0.00000000   -0.00000000  0.00000000
  0.00000000  0.00000000    0.98139486  0.00000000    0.00000000  0.00000000
 -0.00000000  0.00000000    0.00000000  0.00000000    0.40281191  0.00000000
    1    2
 -0.00000000  0.00000000   -0.00000000  0.00000000    0.36294039  0.00000000
  0.00000000 -0.00000000    0.00000000 -0.00000000    0.00000000 -0.00000000
  0.36294039  0.00000000   -0.00000000  0.00000000    0.00000000  0.00000000
    2    1
  0.00000000 -0.00000000    0.00000000 -0.00000000    0.36294039 -0.00000000
  0.00000000 -0.00000000    0.00000000  0.00000000    0.00000000  0.00000000
  0.36294039 -0.00000000   -0.00000000 -0.00000000    0.00000000 -0.00000000
    2    2
  0.40281191  0.00000000   -0.00000000  0.00000000    0.00000000  0.00000000
 -0.00000000  0.00000000    0.98139489  0.00000000   -0.00000000  0.00000000
 -0.00000000  0.00000000   -0.00000000  0.00000000    0.40281191  0.00000000

     Dynamical  Matrix in cartesian axes

     q = (    0.000000000  -0.000000000  -1.007767429 ) 

    1    1
  0.40281191  0.00000000   -0.00000000  0.00000000   -0.00000000  0.00000000
 -0.00000000  0.00000000    0.40281191  0.00000000   -0.00000000  0.00000000
 -0.00000000  0.00000000   -0.00000000  0.00000000    0.98139486  0.00000000
    1    2
 -0.00000000  0.00000000    0.36294039  0.00000000   -0.00000000  0.00000000
  0.36294039  0.00000000    0.00000000  0.00000000    0.00000000  0.00000000
 -0.00000000  0.00000000    0.00000000  0.00000000   -0.00000000  0.00000000
    2    1
  0.00000000 -0.00000000    0.36294039 -0.00000000   -0.00000000  0.00000000
  0.36294039 -0.00000000    0.00000000 -0.00000000   -0.00000000  0.00000000
  0.00000000 -0.00000000   -0.00000000  0.00000000    0.00000000  0.00000000
    2    2
  0.40281191  0.00000000    0.00000000  0.00000000    0.00000000  0.00000000
  0.00000000  0.00000000    0.40281191  0.00000000    0.00000000  0.00000000
  0.00000000  0.00000000    0.00000000  0.00000000    0.98139489  0.00000000

     Dynamical  Matrix in cartesian axes

     q = (    1.007767429   0.000000000   0.000000000 ) 

    1    1
  0.98139486  0.00000000    0.00000000  0.00000000   -0.00000000  0.00000000
  0.00000000  0.00000000    0.40281191  0.00000000   -0.00000000  0.00000000
  0.00000000  0.00000000    0.00000000  0.00000000    0.40281191  0.00000000
    1    2
  0.00000000 -0.00000000    0.00000000 -0.00000000   -0.00000000 -0.00000000
 -0.00000000  0.00000000   -0.00000000  0.00000000   -0.36294039 -0.00000000
  0.00000000 -0.00000000   -0.36294039 -0.00000000    0.00000000  0.00000000
    2    1
  0.00000000  0.00000000    0.00000000  0.00000000    0.00000000 -0.00000000
  0.00000000  0.00000000    0.00000000 -0.00000000   -0.36294039  0.00000000
  0.00000000 -0.00000000   -0.36294039  0.00000000    0.00000000 -0.00000000
    2    2
  0.98139489  0.00000000   -0.00000000  0.00000000    0.00000000  0.00000000
 -0.00000000  0.00000000    0.40281191  0.00000000    0.00000000  0.00000000
  0.00000000  0.00000000    0.00000000  0.00000000    0.40281191  0.00000000

     Diagonalizing the dynamical matrix

     q = (    0.000000000  -1.007767429   0.000000000 ) 

 **************************************************************************
     freq (    1) =       6.278441 [THz] =     209.426242 [cm-1]
 (  0.087243  0.000000 -0.000000  0.000000  0.701704  0.000000 ) 
 ( -0.701704  0.000000 -0.000000 -0.000000 -0.087243  0.000000 ) 
     freq (    2) =       6.278441 [THz] =     209.426242 [cm-1]
 (  0.701704  0.000000 -0.000000 -0.000000 -0.087243 -0.000000 ) 
 (  0.087243 -0.000000 -0.000000  0.000000 -0.701704  0.000000 ) 
     freq (    3) =      27.514686 [THz] =     917.791119 [cm-1]
 (  0.707107  0.000000 -0.000000 -0.000000  0.000000  0.000000 ) 
 (  0.000000  0.000000  0.000000  0.000000  0.707107  0.000000 ) 
     freq (    4) =      27.514686 [THz] =     917.791119 [cm-1]
 ( -0.000000 -0.000000  0.000000  0.000000  0.707107  0.000000 ) 
 (  0.707107  0.000000  0.000000  0.000000 -0.000000  0.000000 ) 
     freq (    5) =      31.148869 [THz] =    1039.014446 [cm-1]
 (  0.000000  0.000000  1.000000  0.000000 -0.000000  0.000000 ) 
 ( -0.000000  0.000000 -0.000000  0.000000  0.000000  0.000000 ) 
     freq (    6) =      31.148870 [THz] =    1039.014462 [cm-1]
 ( -0.000000 -0.000000 -0.000000 -0.000000  0.000000 -0.000000 ) 
 (  0.000000 -0.000000 -1.000000 -0.000000  0.000000  0.000000 ) 
 **************************************************************************
