 ikr ibn iq imode EPCE[meV]
   1   1   1   1    0.0000000000E+00
   1   1   1   2    0.0000000000E+00
   1   1   1   3    0.0000000000E+00
   1   1   1   4    0.5324319155E+01
   1   1   1   5    0.5324320544E+01
   1   1   1   6    0.5324331241E+01
   1   1   2   1   -0.1885908460E+02
   1   1   2   2   -0.1885912760E+02
   1   1   2   3    0.1222345070E+02
   1   1   2   4    0.7349230616E+01
   1   1   2   5    0.7138145470E+01
   1   1   2   6    0.7138157547E+01
   1   1   3   1   -0.1885920481E+02
   1   1   3   2   -0.1885909052E+02
   1   1   3   3    0.1222339682E+02
   1   1   3   4    0.7349198220E+01
   1   1   3   5    0.7138188065E+01
   1   1   3   6    0.7138146416E+01
   1   1   4   1    0.4149503590E+02
   1   1   4   2    0.4149504238E+02
   1   1   4   3    0.9468548923E+01
   1   1   4   4    0.9468548935E+01
   1   1   4   5    0.8363882945E+01
   1   1   4   6    0.8363882939E+01
   1   1   5   1   -0.1885908960E+02
   1   1   5   2   -0.1885919210E+02
   1   1   5   3    0.1222340565E+02
   1   1   5   4    0.7349203531E+01
   1   1   5   5    0.7138174627E+01
   1   1   5   6    0.7138154696E+01
   1   1   6   1    0.4149515905E+02
   1   1   6   2    0.4149514093E+02
   1   1   6   3    0.9468574261E+01
   1   1   6   4    0.9468574187E+01
   1   1   6   5    0.8363838313E+01
   1   1   6   6    0.8363838197E+01
   1   1   7   1    0.4149510692E+02
   1   1   7   2    0.4149518085E+02
   1   1   7   3    0.9468543653E+01
   1   1   7   4    0.9468602009E+01
   1   1   7   5    0.8363840784E+01
   1   1   7   6    0.8363840648E+01
   1   1   8   1   -0.1885908161E+02
   1   1   8   2   -0.1885912804E+02
   1   1   8   3    0.1222345235E+02
   1   1   8   4    0.7349231608E+01
   1   1   8   5    0.7138142239E+01
   1   1   8   6    0.7138159813E+01
   1   2   1   1    0.0000000000E+00
   1   2   1   2    0.0000000000E+00
   1   2   1   3    0.0000000000E+00
   1   2   1   4    0.9320384963E+02
   1   2   1   5    0.1559341293E+03
   1   2   1   6    0.5585250273E+02
   1   2   2   1   -0.3484309783E+03
   1   2   2   2   -0.2384121224E+03
   1   2   2   3    0.3198294557E+03
   1   2   2   4    0.1922943435E+03
   1   2   2   5    0.1353835729E+03
   1   2   2   6    0.8673591367E+02
   1   2   3   1   -0.3272480660E+03
   1   2   3   2   -0.2226432039E+03
   1   2   3   3    0.3437795587E+03
   1   2   3   4    0.2066941095E+03
   1   2   3   5    0.1187836888E+03
   1   2   3   6    0.8934956933E+02
   1   2   4   1    0.1104529125E+04
   1   2   4   2    0.8591134311E+03
   1   2   4   3    0.2240369693E+03
   1   2   4   4    0.2240369693E+03
   1   2   4   5    0.8330583063E+02
   1   2   4   6    0.8330582988E+02
   1   2   5   1   -0.5249772467E+03
   1   2   5   2   -0.3407746934E+03
   1   2   5   3    0.1390563980E+03
   1   2   5   4    0.8360630417E+02
   1   2   5   5    0.8990755763E+02
   1   2   5   6    0.2377786267E+03
   1   2   6   1    0.6641834381E+03
   1   2   6   2    0.7041716223E+03
   1   2   6   3    0.1561191069E+03
   1   2   6   4    0.1561191055E+03
   1   2   6   5    0.2032934060E+03
   1   2   6   6    0.2032934015E+03
   1   2   7   1    0.7227780827E+03
   1   2   7   2    0.6991103280E+03
   1   2   7   3    0.1715357366E+03
   1   2   7   4    0.1529179877E+03
   1   2   7   5    0.1925030957E+03
   1   2   7   6    0.1925030912E+03
   1   2   8   1   -0.3416823370E+03
   1   2   8   2   -0.5366247108E+03
   1   2   8   3    0.1309188818E+03
   1   2   8   4    0.7871370184E+02
   1   2   8   5    0.1293263995E+03
   1   2   8   6    0.2031118797E+03
   1   3   1   1    0.0000000000E+00
   1   3   1   2    0.0000000000E+00
   1   3   1   3    0.0000000000E+00
   1   3   1   4    0.1273286308E+03
   1   3   1   5    0.8943644528E+02
   1   3   1   6    0.8822576656E+02
   1   3   2   1   -0.2330119865E+03
   1   3   2   2   -0.5513858497E+03
   1   3   2   3    0.1917863912E+03
   1   3   2   4    0.1153096987E+03
   1   3   2   5    0.9599134223E+02
   1   3   2   6    0.2009024007E+03
   1   3   3   1   -0.4672364940E+03
   1   3   3   2   -0.3365559673E+03
   1   3   3   3    0.1792158837E+03
   1   3   3   4    0.1077518036E+03
   1   3   3   5    0.2036162122E+03
   1   3   3   6    0.1006183755E+03
   1   3   4   1    0.6141735401E+03
   1   3   4   2    0.7336169211E+03
   1   3   4   3    0.1537728380E+03
   1   3   4   4    0.1537728396E+03
   1   3   4   5    0.2074390227E+03
   1   3   4   6    0.2074390185E+03
   1   3   5   1   -0.3344903527E+03
   1   3   5   2   -0.5294066310E+03
   1   3   5   3    0.1402595052E+03
   1   3   5   4    0.8432966066E+02
   1   3   5   5    0.2344251660E+03
   1   3   5   6    0.9255891934E+02
   1   3   6   1    0.4955455300E+03
   1   3   6   2    0.1177063359E+04
   1   3   6   3    0.1908321984E+03
   1   3   6   4    0.1908321989E+03
   1   3   6   5    0.1419678400E+03
   1   3   6   6    0.1419678405E+03
   1   3   7   1    0.7580852522E+03
   1   3   7   2    0.9754070504E+03
   1   3   7   3    0.1123026874E+03
   1   3   7   4    0.2832543967E+03
   1   3   7   5    0.1296960347E+03
   1   3   7   6    0.1296960324E+03
   1   3   8   1   -0.2234594101E+03
   1   3   8   2   -0.2052500762E+03
   1   3   8   3    0.4223236188E+03
   1   3   8   4    0.2539179602E+03
   1   3   8   5    0.8457914796E+02
   1   3   8   6    0.7768693455E+02
   1   4   1   1    0.0000000000E+00
   1   4   1   2    0.0000000000E+00
   1   4   1   3    0.0000000000E+00
   1   4   1   4    0.8446053616E+02
   1   4   1   5    0.5961720593E+02
   1   4   1   6    0.1609131155E+03
   1   4   2   1   -0.4988583618E+03
   1   4   2   2   -0.2905135914E+03
   1   4   2   3    0.1885624821E+03
   1   4   2   4    0.1133713548E+03
   1   4   2   5    0.1775174918E+03
   1   4   2   6    0.1212589491E+03
   1   4   3   1   -0.2858041594E+03
   1   4   3   2   -0.5211150029E+03
   1   4   3   3    0.1771893659E+03
   1   4   3   4    0.1065333795E+03
   1   4   3   5    0.8648945992E+02
   1   4   3   6    0.2189285809E+03
   1   4   4   1    0.6582335005E+03
   1   4   4   2    0.7842237998E+03
   1   4   4   3    0.1645736188E+03
   1   4   4   4    0.1645736192E+03
   1   4   4   5    0.1883577706E+03
   1   4   4   6    0.1883577679E+03
   1   4   5   1   -0.2208254443E+03
   1   4   5   2   -0.2101109332E+03
   1   4   5   3    0.4208803073E+03
   1   4   5   4    0.2530501832E+03
   1   4   5   5    0.8456124290E+02
   1   4   5   6    0.7854771556E+02
   1   4   6   1    0.1217208396E+04
   1   4   6   2    0.4957177052E+03
   1   4   6   3    0.1954320916E+03
   1   4   6   4    0.1954320921E+03
   1   4   6   5    0.1338414302E+03
   1   4   6   6    0.1338414297E+03
   1   4   7   1    0.8960838053E+03
   1   4   7   2    0.7024246795E+03
   1   4   7   3    0.2585468771E+03
   1   4   7   4    0.1062089133E+03
   1   4   7   5    0.1569037195E+03
   1   4   7   6    0.1569037180E+03
   1   4   8   1   -0.5151604751E+03
   1   4   8   2   -0.3384089410E+03
   1   4   8   3    0.1469532894E+03
   1   4   8   4    0.8835423318E+02
   1   4   8   5    0.1949876894E+03
   1   4   8   6    0.1280874226E+03
   1   5   1   1    0.0000000000E+00
   1   5   1   2    0.0000000000E+00
   1   5   1   3    0.0000000000E+00
   1   5   1   4    0.5825060265E+02
   1   5   1   5    0.8583082127E+02
   1   5   1   6    0.1298644868E+03
   1   5   2   1   -0.3603825843E+03
   1   5   2   2   -0.2556812415E+03
   1   5   2   3    0.2296190043E+03
   1   5   2   4    0.1380561886E+03
   1   5   2   5    0.1398347212E+03
   1   5   2   6    0.9334477860E+02
   1   5   3   1   -0.4642341512E+03
   1   5   3   2   -0.2219962382E+03
   1   5   3   3    0.1841409754E+03
   1   5   3   4    0.1107129670E+03
   1   5   3   5    0.1729529563E+03
   1   5   3   6    0.8678451291E+02
   1   5   4   1    0.5010653512E+03
   1   5   4   2    0.5079459070E+03
   1   5   4   3    0.1151206588E+03
   1   5   4   4    0.1151206584E+03
   1   5   4   5    0.2269564252E+03
   1   5   4   6    0.2269564144E+03
   1   5   5   1   -0.2355259580E+03
   1   5   5   2   -0.4333571850E+03
   1   5   5   3    0.1953844870E+03
   1   5   5   4    0.1174730187E+03
   1   5   5   5    0.1481443573E+03
   1   5   5   6    0.1050271977E+03
   1   5   6   1    0.7652976128E+03
   1   5   6   2    0.7363394263E+03
   1   5   6   3    0.1713255839E+03
   1   5   6   4    0.1713255878E+03
   1   5   6   5    0.1276615891E+03
   1   5   6   6    0.1276615856E+03
   1   5   7   1    0.8503516479E+03
   1   5   7   2    0.9089944170E+03
   1   5   7   3    0.1776632053E+03
   1   5   7   4    0.2237933216E+03
   1   5   7   5    0.7571713997E+02
   1   5   7   6    0.7571713765E+02
   1   5   8   1   -0.3538031775E+03
   1   5   8   2   -0.2625807414E+03
   1   5   8   3    0.2294115378E+03
   1   5   8   4    0.1379314515E+03
   1   5   8   5    0.1339141247E+03
   1   5   8   6    0.9938653008E+02
   1   6   1   1    0.0000000000E+00
   1   6   1   2    0.0000000000E+00
   1   6   1   3    0.0000000000E+00
   1   6   1   4    0.5882377614E+02
   1   6   1   5    0.1395449463E+03
   1   6   1   6    0.7558348281E+02
   1   6   2   1   -0.3975480896E+03
   1   6   2   2   -0.1709436488E+03
   1   6   2   3    0.2604670122E+03
   1   6   2   4    0.1566032528E+03
   1   6   2   5    0.1524299204E+03
   1   6   2   6    0.6274359519E+02
   1   6   3   1   -0.3225003596E+03
   1   6   3   2   -0.1768493693E+03
   1   6   3   3    0.3052809826E+03
   1   6   3   4    0.1835472158E+03
   1   6   3   5    0.1208223093E+03
   1   6   3   6    0.6818102961E+02
   1   6   4   1    0.8737894419E+03
   1   6   4   2    0.6911644945E+03
   1   6   4   3    0.1785495720E+03
   1   6   4   4    0.1785495711E+03
   1   6   4   5    0.1149091709E+03
   1   6   4   6    0.1149091685E+03
   1   6   5   1   -0.4034929321E+03
   1   6   5   2   -0.3381809697E+03
   1   6   5   3    0.1482200527E+03
   1   6   5   4    0.8911586227E+02
   1   6   5   5    0.8715328326E+02
   1   6   5   6    0.1935694961E+03
   1   6   6   1    0.5499869434E+03
   1   6   6   2    0.6036021518E+03
   1   6   6   3    0.1316159097E+03
   1   6   6   4    0.1316159132E+03
   1   6   6   5    0.1978248519E+03
   1   6   6   6    0.1978248530E+03
   1   6   7   1    0.8010104364E+03
   1   6   7   2    0.7505390059E+03
   1   6   7   3    0.1968713790E+03
   1   6   7   4    0.1571690585E+03
   1   6   7   5    0.1176110098E+03
   1   6   7   6    0.1176110134E+03
   1   6   8   1   -0.3921721260E+03
   1   6   8   2   -0.3859332364E+03
   1   6   8   3    0.1246072244E+03
   1   6   8   4    0.7491887938E+02
   1   6   8   5    0.1484367307E+03
   1   6   8   6    0.1460753176E+03
   1   7   1   1    0.0000000000E+00
   1   7   1   2    0.0000000000E+00
   1   7   1   3    0.0000000000E+00
   1   7   1   4    0.1568744524E+03
   1   7   1   5    0.4857905345E+02
   1   7   1   6    0.6850422687E+02
   1   7   2   1   -0.2124342926E+03
   1   7   2   2   -0.5437219339E+03
   1   7   2   3    0.1388461124E+03
   1   7   2   4    0.8347987201E+02
   1   7   2   5    0.7501918965E+02
   1   7   2   6    0.2111851342E+03
   1   7   3   1   -0.1836321668E+03
   1   7   3   2   -0.5714792286E+03
   1   7   3   3    0.1395233133E+03
   1   7   3   4    0.8388703243E+02
   1   7   3   5    0.7350856188E+02
   1   7   3   6    0.2123002945E+03
   1   7   4   1    0.7601826556E+03
   1   7   4   2    0.9359075548E+03
   1   7   4   3    0.1935112466E+03
   1   7   4   4    0.1935112380E+03
   1   7   4   5    0.8848571141E+02
   1   7   4   6    0.8848571096E+02
   1   7   5   1   -0.3313532837E+03
   1   7   5   2   -0.1988305621E+03
   1   7   5   3    0.2853087283E+03
   1   7   5   4    0.1715390925E+03
   1   7   5   5    0.1319880886E+03
   1   7   5   6    0.6868593054E+02
   1   7   6   1    0.8197155219E+03
   1   7   6   2    0.7951411222E+03
   1   7   6   3    0.1842430942E+03
   1   7   6   4    0.1842431024E+03
   1   7   6   5    0.1048593441E+03
   1   7   6   6    0.1048593427E+03
   1   7   7   1    0.4836991891E+03
   1   7   7   2    0.4755325872E+03
   1   7   7   3    0.1126532350E+03
   1   7   7   4    0.1062291470E+03
   1   7   7   5    0.2370086560E+03
   1   7   7   6    0.2370086684E+03
   1   7   8   1   -0.2243866842E+03
   1   7   8   2   -0.3218347896E+03
   1   7   8   3    0.2749140378E+03
   1   7   8   4    0.1652893862E+03
   1   7   8   5    0.8493012023E+02
   1   7   8   6    0.1218141240E+03
   1   8   1   1    0.0000000000E+00
   1   8   1   2    0.0000000000E+00
   1   8   1   3    0.0000000000E+00
   1   8   1   4    0.5529187596E+01
   1   8   1   5    0.5529175164E+01
   1   8   1   6    0.5529107724E+01
   1   8   2   1   -0.1958492708E+02
   1   8   2   2   -0.1958464280E+02
   1   8   2   3    0.1269351216E+02
   1   8   2   4    0.7631850488E+01
   1   8   2   5    0.7412860131E+01
   1   8   2   6    0.7412780220E+01
   1   8   3   1   -0.1958412488E+02
   1   8   3   2   -0.1958488916E+02
   1   8   3   3    0.1269387243E+02
   1   8   3   4    0.7632067098E+01
   1   8   3   5    0.7412575325E+01
   1   8   3   6    0.7412854637E+01
   1   8   4   1    0.4309197066E+02
   1   8   4   2    0.4309193140E+02
   1   8   4   3    0.9832940444E+01
   1   8   4   4    0.9832940355E+01
   1   8   4   5    0.8685429324E+01
   1   8   4   6    0.8685432594E+01
   1   8   5   1   -0.1958489313E+02
   1   8   5   2   -0.1958420723E+02
   1   8   5   3    0.1269381648E+02
   1   8   5   4    0.7632033456E+01
   1   8   5   5    0.7412667153E+01
   1   8   5   6    0.7412795485E+01
   1   8   6   1    0.4309116450E+02
   1   8   6   2    0.4309128803E+02
   1   8   6   3    0.9832776297E+01
   1   8   6   4    0.9832773742E+01
   1   8   6   5    0.8685723828E+01
   1   8   6   6    0.8685722429E+01
   1   8   7   1    0.4309151077E+02
   1   8   7   2    0.4309100386E+02
   1   8   7   3    0.9832977185E+01
   1   8   7   4    0.9832587023E+01
   1   8   7   5    0.8685711234E+01
   1   8   7   6    0.8685709991E+01
   1   8   8   1   -0.1958494677E+02
   1   8   8   2   -0.1958463487E+02
   1   8   8   3    0.1269350454E+02
   1   8   8   4    0.7631845905E+01
   1   8   8   5    0.7412881428E+01
   1   8   8   6    0.7412763374E+01
   2   1   1   1    0.0000000000E+00
   2   1   1   2    0.0000000000E+00
   2   1   1   3    0.0000000000E+00
   2   1   1   4    0.8907899889E+01
   2   1   1   5    0.1680545687E+02
   2   1   1   6    0.1149218066E+02
   2   1   2   1   -0.2835160809E+02
   2   1   2   2   -0.2835162172E+02
   2   1   2   3    0.4866353234E+02
   2   1   2   4    0.2925847459E+02
   2   1   2   5    0.1073105402E+02
   2   1   2   6    0.1073105788E+02
   2   1   3   1   -0.6812292029E+02
   2   1   3   2   -0.3011795005E+02
   2   1   3   3    0.2174116479E+02
   2   1   3   4    0.1307166346E+02
   2   1   3   5    0.2384083844E+02
   2   1   3   6    0.1334322602E+02
   2   1   4   1    0.1050461274E+03
   2   1   4   2    0.8826115066E+02
   2   1   4   3    0.2205491895E+02
   2   1   4   4    0.2205491825E+02
   2   1   4   5    0.1948182031E+02
   2   1   4   6    0.1948181955E+02
   2   1   5   1   -0.3585645499E+02
   2   1   5   2   -0.6238432751E+02
   2   1   5   3    0.2174122172E+02
   2   1   5   4    0.1307169769E+02
   2   1   5   5    0.1153831567E+02
   2   1   5   6    0.2564571554E+02
   2   1   6   1    0.1306955239E+03
   2   1   6   2    0.6261209852E+02
   2   1   6   3    0.2205495747E+02
   2   1   6   4    0.2205495830E+02
   2   1   6   5    0.1948175080E+02
   2   1   6   6    0.1948175026E+02
   2   1   7   1    0.8672491727E+02
   2   1   7   2    0.1065828194E+03
   2   1   7   3    0.1424456630E+02
   2   1   7   4    0.2986537555E+02
   2   1   7   5    0.1948172713E+02
   2   1   7   6    0.1948172784E+02
   2   1   8   1   -0.2835160717E+02
   2   1   8   2   -0.6988911699E+02
   2   1   8   3    0.2174125953E+02
   2   1   8   4    0.1307172042E+02
   2   1   8   5    0.1073105302E+02
   2   1   8   6    0.2645295611E+02
   2   2   1   1    0.0000000000E+00
   2   2   1   2    0.0000000000E+00
   2   2   1   3    0.0000000000E+00
   2   2   1   4    0.2497486701E+02
   2   2   1   5    0.4901992183E+02
   2   2   1   6    0.3284292877E+02
   2   2   2   1   -0.7871739976E+02
   2   2   2   2   -0.7871743778E+02
   2   2   2   3    0.1432344782E+03
   2   2   2   4    0.8611833420E+02
   2   2   2   5    0.2979445357E+02
   2   2   2   6    0.2979446423E+02
   2   2   3   1   -0.1998057321E+03
   2   2   3   2   -0.8409526567E+02
   2   2   3   3    0.6126621033E+02
   2   2   3   4    0.3683571191E+02
   2   2   3   5    0.6970868658E+02
   2   2   3   6    0.3774753772E+02
   2   2   4   1    0.3030984733E+03
   2   2   4   2    0.2519944273E+03
   2   2   4   3    0.6333195935E+02
   2   2   4   4    0.6333195997E+02
   2   2   4   5    0.5594298608E+02
   2   2   4   6    0.5594298722E+02
   2   2   5   1   -0.1015670351E+03
   2   2   5   2   -0.1823339252E+03
   2   2   5   3    0.6126623453E+02
   2   2   5   4    0.3683572647E+02
   2   2   5   5    0.3225221061E+02
   2   2   5   6    0.7520399956E+02
   2   2   6   1    0.3811906125E+03
   2   2   6   2    0.1739025688E+03
   2   2   6   3    0.6333199262E+02
   2   2   6   4    0.6333199074E+02
   2   2   6   5    0.5594293063E+02
   2   2   6   6    0.5594292954E+02
   2   2   7   1    0.2473167899E+03
   2   2   7   2    0.3077764185E+03
   2   2   7   3    0.3955233205E+02
   2   2   7   4    0.8711165749E+02
   2   2   7   5    0.5594292571E+02
   2   2   7   6    0.5594292353E+02
   2   2   8   1   -0.7871739710E+02
   2   2   8   2   -0.2051834879E+03
   2   2   8   3    0.6126628340E+02
   2   2   8   4    0.3683575585E+02
   2   2   8   5    0.2979445070E+02
   2   2   8   6    0.7766173094E+02
   2   3   1   1    0.0000000000E+00
   2   3   1   2    0.0000000000E+00
   2   3   1   3    0.0000000000E+00
   2   3   1   4    0.1582267923E+03
   2   3   1   5    0.4739569418E+02
   2   3   1   6    0.6716965965E+02
   2   3   2   1   -0.2414980571E+03
   2   3   2   2   -0.5579697559E+03
   2   3   2   3    0.1080980531E+03
   2   3   2   4    0.6499290103E+02
   2   3   2   5    0.1022646562E+03
   2   3   2   6    0.2003330569E+03
   2   3   3   1   -0.2242057177E+03
   2   3   3   2   -0.3610359677E+03
   2   3   3   3    0.2469474069E+03
   2   3   3   4    0.1484747219E+03
   2   3   3   5    0.1010671536E+03
   2   3   3   6    0.1204461990E+03
   2   3   4   1    0.6628541501E+03
   2   3   4   2    0.7407453448E+03
   2   3   4   3    0.1601402300E+03
   2   3   4   4    0.1601402365E+03
   2   3   4   5    0.1456098459E+03
   2   3   4   6    0.1456098503E+03
   2   3   5   1   -0.4863839808E+03
   2   3   5   2   -0.2588211943E+03
   2   3   5   3    0.1432680499E+03
   2   3   5   4    0.8613851884E+02
   2   3   5   5    0.2159979418E+03
   2   3   5   6    0.6606142077E+02
   2   3   6   1    0.4351651485E+03
   2   3   6   2    0.1275493015E+04
   2   3   6   3    0.1951733414E+03
   2   3   6   4    0.1951733326E+03
   2   3   6   5    0.8371836698E+02
   2   3   6   6    0.8371836787E+02
   2   3   7   1    0.5487425192E+03
   2   3   7   2    0.5890104585E+03
   2   3   7   3    0.1139711518E+03
   2   3   7   4    0.1456471052E+03
   2   3   7   5    0.1991945148E+03
   2   3   7   6    0.1991945030E+03
   2   3   8   1   -0.2269624570E+03
   2   3   8   2   -0.2197862412E+03
   2   3   8   3    0.3367107892E+03
   2   3   8   4    0.2024440807E+03
   2   3   8   5    0.8590504748E+02
   2   3   8   6    0.8318885748E+02
   2   4   1   1    0.0000000000E+00
   2   4   1   2    0.0000000000E+00
   2   4   1   3    0.0000000000E+00
   2   4   1   4    0.5846991054E+02
   2   4   1   5    0.9056068007E+02
   2   4   1   6    0.1237613730E+03
   2   4   2   1   -0.5579695016E+03
   2   4   2   2   -0.2414978132E+03
   2   4   2   3    0.1080979571E+03
   2   4   2   4    0.6499284326E+02
   2   4   2   5    0.2003330054E+03
   2   4   2   6    0.1022645190E+03
   2   4   3   1   -0.1787340530E+03
   2   4   3   2   -0.4208201159E+03
   2   4   3   3    0.2376704394E+03
   2   4   3   4    0.1428970355E+03
   2   4   3   5    0.7082341543E+02
   2   4   3   6    0.1561071969E+03
   2   4   4   1    0.6708075644E+03
   2   4   4   2    0.7602662179E+03
   2   4   4   3    0.1632748433E+03
   2   4   4   4    0.1632748457E+03
   2   4   4   5    0.1400717780E+03
   2   4   4   6    0.1400717785E+03
   2   4   5   1   -0.2382586392E+03
   2   4   5   2   -0.2013335834E+03
   2   4   5   3    0.3413487961E+03
   2   4   5   4    0.2052326372E+03
   2   4   5   5    0.7855148803E+02
   2   4   5   6    0.8783369854E+02
   2   4   6   1    0.6427668604E+03
   2   4   6   2    0.4812476893E+03
   2   4   6   3    0.1282416772E+03
   2   4   6   4    0.1282416756E+03
   2   4   6   5    0.2019633721E+03
   2   4   6   6    0.2019633733E+03
   2   4   7   1    0.9675871726E+03
   2   4   7   2    0.7293322864E+03
   2   4   7   3    0.2873150041E+03
   2   4   7   4    0.9989670263E+02
   2   4   7   5    0.8648728773E+02
   2   4   7   6    0.8648728595E+02
   2   4   8   1   -0.5725050293E+03
   2   4   8   2   -0.1655429124E+03
   2   4   8   3    0.1479065480E+03
   2   4   8   4    0.8892737061E+02
   2   4   8   5    0.2166925419E+03
   2   4   8   6    0.6265781546E+02
   2   5   1   1    0.0000000000E+00
   2   5   1   2    0.0000000000E+00
   2   5   1   3    0.0000000000E+00
   2   5   1   4    0.1230217017E+03
   2   5   1   5    0.6293991930E+02
   2   5   1   6    0.6896627996E+02
   2   5   2   1   -0.2686130864E+03
   2   5   2   2   -0.4620789245E+03
   2   5   2   3    0.1116624573E+03
   2   5   2   4    0.6713596431E+02
   2   5   2   5    0.1017657324E+03
   2   5   2   6    0.1748004130E+03
   2   5   3   1   -0.2100550544E+03
   2   5   3   2   -0.4087553979E+03
   2   5   3   3    0.1841778049E+03
   2   5   3   4    0.1107351104E+03
   2   5   3   5    0.9437074198E+02
   2   5   3   6    0.1398483531E+03
   2   5   4   1    0.6475137950E+03
   2   5   4   2    0.7651366589E+03
   2   5   4   3    0.1611728800E+03
   2   5   4   4    0.1611728803E+03
   2   5   4   5    0.1157229905E+03
   2   5   4   6    0.1157230001E+03
   2   5   5   1   -0.3315058794E+03
   2   5   5   2   -0.2553831783E+03
   2   5   5   3    0.2048674615E+03
   2   5   5   4    0.1231745648E+03
   2   5   5   5    0.1516310969E+03
   2   5   5   6    0.7050578441E+02
   2   5   6   1    0.4965500045E+03
   2   5   6   2    0.8690077412E+03
   2   5   6   3    0.1557999590E+03
   2   5   6   4    0.1557999478E+03
   2   5   6   5    0.1252151192E+03
   2   5   6   6    0.1252151096E+03
   2   5   7   1    0.5968461649E+03
   2   5   7   2    0.5985063176E+03
   2   5   7   3    0.1357278224E+03
   2   5   7   4    0.1370337824E+03
   2   5   7   5    0.1595221002E+03
   2   5   7   6    0.1595220896E+03
   2   5   8   1   -0.2703357781E+03
   2   5   8   2   -0.2011990075E+03
   2   5   8   3    0.2796336271E+03
   2   5   8   4    0.1681269933E+03
   2   5   8   5    0.1023218032E+03
   2   5   8   6    0.7615360936E+02
   2   6   1   1    0.0000000000E+00
   2   6   1   2    0.0000000000E+00
   2   6   1   3    0.0000000000E+00
   2   6   1   4    0.7579977933E+02
   2   6   1   5    0.7062421305E+02
   2   6   1   6    0.1085034574E+03
   2   6   2   1   -0.4620830204E+03
   2   6   2   2   -0.2686077626E+03
   2   6   2   3    0.1116622172E+03
   2   6   2   4    0.6713581996E+02
   2   6   2   5    0.1748017293E+03
   2   6   2   6    0.1017639514E+03
   2   6   3   1   -0.1920018702E+03
   2   6   3   2   -0.3073418871E+03
   2   6   3   3    0.2616083764E+03
   2   6   3   4    0.1572894869E+03
   2   6   3   5    0.7386692445E+02
   2   6   3   6    0.1151341542E+03
   2   6   4   1    0.6076577299E+03
   2   6   4   2    0.6287300604E+03
   2   6   4   3    0.1410626336E+03
   2   6   4   4    0.1410626163E+03
   2   6   4   5    0.1512502074E+03
   2   6   4   6    0.1512502150E+03
   2   6   5   1   -0.3371704940E+03
   2   6   5   2   -0.1940901066E+03
   2   6   5   3    0.2409216698E+03
   2   6   5   4    0.1448518061E+03
   2   6   5   5    0.1182624741E+03
   2   6   5   6    0.8281909555E+02
   2   6   6   1    0.5466890002E+03
   2   6   6   2    0.7367907018E+03
   2   6   6   3    0.1464354660E+03
   2   6   6   4    0.1464354557E+03
   2   6   6   5    0.1417582732E+03
   2   6   6   6    0.1417582322E+03
   2   6   7   1    0.8097196481E+03
   2   6   7   2    0.6439665088E+03
   2   6   7   3    0.2310478492E+03
   2   6   7   4    0.1006616464E+03
   2   6   7   5    0.1074510370E+03
   2   6   7   6    0.1074510269E+03
   2   6   8   1   -0.4603606167E+03
   2   6   8   2   -0.1862662869E+03
   2   6   8   3    0.1661477063E+03
   2   6   8   4    0.9989468931E+02
   2   6   8   5    0.1742460016E+03
   2   6   8   6    0.7050159058E+02
   2   7   1   1    0.0000000000E+00
   2   7   1   2    0.0000000000E+00
   2   7   1   3    0.0000000000E+00
   2   7   1   4    0.3388103956E+01
   2   7   1   5    0.1406924235E+02
   2   7   1   6    0.6883173408E+01
   2   7   2   1   -0.7672284502E+01
   2   7   2   2   -0.7671841592E+01
   2   7   2   3    0.4593505126E+02
   2   7   2   4    0.2761800193E+02
   2   7   2   5    0.2903929892E+01
   2   7   2   6    0.2903805440E+01
   2   7   3   1   -0.6146032226E+02
   2   7   3   2   -0.1006111369E+02
   2   7   3   3    0.9524071618E+01
   2   7   3   4    0.5726255247E+01
   2   7   3   5    0.2063401212E+02
   2   7   3   6    0.6436774974E+01
   2   7   4   1    0.7458353474E+02
   2   7   4   2    0.5188247516E+02
   2   7   4   3    0.1442882468E+02
   2   7   4   4    0.1442883222E+02
   2   7   4   5    0.1274516012E+02
   2   7   4   6    0.1274514849E+02
   2   7   5   1   -0.1782211195E+02
   2   7   5   2   -0.5369921161E+02
   2   7   5   3    0.9524144466E+01
   2   7   5   4    0.5726299046E+01
   2   7   5   5    0.3995437175E+01
   2   7   5   6    0.2307530737E+02
   2   7   6   1    0.1092723575E+03
   2   7   6   2    0.1719220641E+02
   2   7   6   3    0.1442865628E+02
   2   7   6   4    0.1442867066E+02
   2   7   6   5    0.1274543222E+02
   2   7   6   6    0.1274545932E+02
   2   7   7   1    0.4980430807E+02
   2   7   7   2    0.7666075022E+02
   2   7   7   3    0.3865722012E+01
   2   7   7   4    0.2499171775E+02
   2   7   7   5    0.1274533923E+02
   2   7   7   6    0.1274535300E+02
   2   7   8   1   -0.7672315221E+01
   2   7   8   2   -0.6384963815E+02
   2   7   8   3    0.9523736258E+01
   2   7   8   4    0.5726053616E+01
   2   7   8   5    0.2903963114E+01
   2   7   8   6    0.2416701982E+02
   2   8   1   1    0.0000000000E+00
   2   8   1   2    0.0000000000E+00
   2   8   1   3    0.0000000000E+00
   2   8   1   4    0.5748765427E+02
   2   8   1   5    0.1398413749E+03
   2   8   1   6    0.8443545680E+02
   2   8   2   1   -0.1702487917E+03
   2   8   2   2   -0.1702477037E+03
   2   8   2   3    0.4261759395E+03
   2   8   2   4    0.2562341305E+03
   2   8   2   5    0.6443893093E+02
   2   8   2   6    0.6443862876E+02
   2   8   3   1   -0.5849704971E+03
   2   8   3   2   -0.1886676308E+03
   2   8   3   3    0.1454378407E+03
   2   8   3   4    0.8744308442E+02
   2   8   3   5    0.2011432080E+03
   2   8   3   6    0.9167799686E+02
   2   8   4   1    0.8194930050E+03
   2   8   4   2    0.6444630952E+03
   2   8   4   3    0.1670264720E+03
   2   8   4   4    0.1670264714E+03
   2   8   4   5    0.1475386900E+03
   2   8   4   6    0.1475386349E+03
   2   8   5   1   -0.2485075208E+03
   2   8   5   2   -0.5251302851E+03
   2   8   5   3    0.1454380494E+03
   2   8   5   4    0.8744320987E+02
   2   8   5   5    0.7285597248E+02
   2   8   5   6    0.2199651105E+03
   2   8   6   1    0.1086954456E+04
   2   8   6   2    0.3769980632E+03
   2   8   6   3    0.1670260348E+03
   2   8   6   4    0.1670260915E+03
   2   8   6   5    0.1475393622E+03
   2   8   6   6    0.1475394062E+03
   2   8   7   1    0.6284413064E+03
   2   8   7   2    0.8355125530E+03
   2   8   7   3    0.8558214204E+02
   2   8   7   4    0.2484702901E+03
   2   8   7   5    0.1475390915E+03
   2   8   7   6    0.1475391366E+03
   2   8   8   1   -0.1702488700E+03
   2   8   8   2   -0.6033904781E+03
   2   8   8   3    0.1454370498E+03
   2   8   8   4    0.8744260891E+02
   2   8   8   5    0.6443901541E+02
   2   8   8   6    0.2283826513E+03
   3   1   1   1    0.0000000000E+00
   3   1   1   2    0.0000000000E+00
   3   1   1   3    0.0000000000E+00
   3   1   1   4    0.1889034639E+02
   3   1   1   5    0.1624507704E+02
   3   1   1   6    0.4463370422E+02
   3   1   2   1   -0.1169051332E+03
   3   1   2   2   -0.7543380165E+02
   3   1   2   3    0.5846832408E+02
   3   1   2   4    0.3515351527E+02
   3   1   2   5    0.4615215853E+02
   3   1   2   6    0.2664791841E+02
   3   1   3   1   -0.1277278278E+03
   3   1   3   2   -0.6461120988E+02
   3   1   3   3    0.5846825745E+02
   3   1   3   4    0.3515347521E+02
   3   1   3   5    0.4511698649E+02
   3   1   3   6    0.2768312937E+02
   3   1   4   1    0.1193808838E+03
   3   1   4   2    0.1258040418E+03
   3   1   4   3    0.2797377715E+02
   3   1   4   4    0.2797376541E+02
   3   1   4   5    0.1276856939E+03
   3   1   4   6    0.2408905340E+02
   3   1   5   1   -0.7746555936E+02
   3   1   5   2   -0.1069259038E+03
   3   1   5   3    0.6361942925E+02
   3   1   5   4    0.3825056706E+02
   3   1   5   5    0.4824321220E+02
   3   1   5   6    0.2154875519E+02
   3   1   6   1    0.2620093621E+03
   3   1   6   2    0.2370788036E+03
   3   1   6   3    0.3239973465E+02
   3   1   6   4    0.8148473988E+02
   3   1   6   5    0.3315017238E+02
   3   1   6   6    0.1626988356E+02
   3   1   7   1    0.1466011705E+03
   3   1   7   2    0.3524869697E+03
   3   1   7   3    0.5569354768E+02
   3   1   7   4    0.5819092104E+02
   3   1   7   5    0.3315016716E+02
   3   1   7   6    0.1626989906E+02
   3   1   8   1   -0.1134152938E+03
   3   1   8   2   -0.7097609648E+02
   3   1   8   3    0.6361947645E+02
   3   1   8   4    0.3825059543E+02
   3   1   8   5    0.4292756464E+02
   3   1   8   6    0.2686437518E+02
   3   2   1   1    0.0000000000E+00
   3   2   1   2    0.0000000000E+00
   3   2   1   3    0.0000000000E+00
   3   2   1   4    0.1758003492E+02
   3   2   1   5    0.1794753079E+02
   3   2   1   6    0.4424156342E+02
   3   2   2   1   -0.1177092530E+03
   3   2   2   2   -0.6668213817E+02
   3   2   2   3    0.6361948038E+02
   3   2   2   4    0.3825058741E+02
   3   2   2   5    0.4689517058E+02
   3   2   2   6    0.2289677835E+02
   3   2   3   1   -0.1310256604E+03
   3   2   3   2   -0.5336581475E+02
   3   2   3   3    0.6361942594E+02
   3   2   3   4    0.3825055467E+02
   3   2   3   5    0.4562146148E+02
   3   2   3   6    0.2417051925E+02
   3   2   4   1    0.1258040361E+03
   3   2   4   2    0.1193809013E+03
   3   2   4   3    0.2797376664E+02
   3   2   4   4    0.2797377846E+02
   3   2   4   5    0.2408905381E+02
   3   2   4   6    0.1276856919E+03
   3   2   5   1   -0.8419782888E+02
   3   2   5   2   -0.1081411791E+03
   3   2   5   3    0.5846828115E+02
   3   2   5   4    0.3515347907E+02
   3   2   5   5    0.4724777248E+02
   3   2   5   6    0.2555234095E+02
   3   2   6   1    0.2370788275E+03
   3   2   6   2    0.2620093452E+03
   3   2   6   3    0.8148474030E+02
   3   2   6   4    0.3239973529E+02
   3   2   6   5    0.1626988494E+02
   3   2   6   6    0.3315017302E+02
   3   2   7   1    0.3524868901E+03
   3   2   7   2    0.1466012569E+03
   3   2   7   3    0.5819085599E+02
   3   2   7   4    0.5569361374E+02
   3   2   7   5    0.1626990056E+02
   3   2   7   6    0.3315016776E+02
   3   2   8   1   -0.1134152885E+03
   3   2   8   2   -0.7892363059E+02
   3   2   8   3    0.5846833880E+02
   3   2   8   4    0.3515351373E+02
   3   2   8   5    0.4292756840E+02
   3   2   8   6    0.2987251136E+02
   3   3   1   1    0.0000000000E+00
   3   3   1   2    0.0000000000E+00
   3   3   1   3    0.0000000000E+00
   3   3   1   4    0.9829588989E+02
   3   3   1   5    0.7930000193E+02
   3   3   1   6    0.4531896416E+02
   3   3   2   1   -0.2164822605E+03
   3   3   2   2   -0.3653542861E+03
   3   3   2   3    0.1346476039E+03
   3   3   2   4    0.8095555972E+02
   3   3   2   5    0.7510454361E+02
   3   3   2   6    0.1451199676E+03
   3   3   3   1   -0.1776324025E+03
   3   3   3   2   -0.4042043116E+03
   3   3   3   3    0.1346474954E+03
   3   3   3   4    0.8095549446E+02
   3   3   3   5    0.7882086877E+02
   3   3   3   6    0.1414037059E+03
   3   3   4   1    0.7303775497E+03
   3   3   4   2    0.7286623964E+03
   3   3   4   3    0.1557167663E+03
   3   3   4   4    0.1772143842E+03
   3   3   4   5    0.5608408380E+02
   3   3   4   6    0.5608408336E+02
   3   3   5   1   -0.2399514329E+03
   3   3   5   2   -0.2309853766E+03
   3   3   5   3    0.2065265900E+03
   3   3   5   4    0.1241720996E+03
   3   3   5   5    0.8506232034E+02
   3   3   5   6    0.9318675888E+02
   3   3   6   1    0.5011535263E+03
   3   3   6   2    0.5066132412E+03
   3   3   6   3    0.1203530471E+03
   3   3   6   4    0.1096042960E+03
   3   3   6   5    0.1375490063E+03
   3   3   6   6    0.1565385664E+03
   3   3   7   1    0.4813402949E+03
   3   3   7   2    0.5264264050E+03
   3   3   7   3    0.1147051218E+03
   3   3   7   4    0.1152522057E+03
   3   3   7   5    0.1565384795E+03
   3   3   7   6    0.1375491208E+03
   3   3   8   1   -0.2290098762E+03
   3   3   8   2   -0.2419265384E+03
   3   3   8   3    0.2065268460E+03
   3   3   8   4    0.1241722535E+03
   3   3   8   5    0.8667999391E+02
   3   3   8   6    0.9156893583E+02
   3   4   1   1    0.0000000000E+00
   3   4   1   2    0.0000000000E+00
   3   4   1   3    0.0000000000E+00
   3   4   1   4    0.8001173743E+02
   3   4   1   5    0.1030560248E+03
   3   4   1   6    0.3984707241E+02
   3   4   2   1   -0.2277029658E+03
   3   4   2   2   -0.2432334015E+03
   3   4   2   3    0.2065268276E+03
   3   4   2   4    0.1241722425E+03
   3   4   2   5    0.8547243247E+02
   3   4   2   6    0.9277647940E+02
   3   4   3   1   -0.2236506186E+03
   3   4   3   2   -0.2472862042E+03
   3   4   3   3    0.2065265324E+03
   3   4   3   4    0.1241720650E+03
   3   4   3   5    0.8586028235E+02
   3   4   3   6    0.9238880188E+02
   3   4   4   1    0.7286622838E+03
   3   4   4   2    0.7303774941E+03
   3   4   4   3    0.1772143653E+03
   3   4   4   4    0.1557167467E+03
   3   4   4   5    0.5608408412E+02
   3   4   4   6    0.5608408383E+02
   3   4   5   1   -0.3338931746E+03
   3   4   5   2   -0.2479434451E+03
   3   4   5   3    0.1346475076E+03
   3   4   5   4    0.8095550181E+02
   3   4   5   5    0.7117177179E+02
   3   4   5   6    0.1490527671E+03
   3   4   6   1    0.5066132647E+03
   3   4   6   2    0.5011534151E+03
   3   4   6   3    0.1096042857E+03
   3   4   6   4    0.1203530373E+03
   3   4   6   5    0.1565385523E+03
   3   4   6   6    0.1375489891E+03
   3   4   7   1    0.5264260871E+03
   3   4   7   2    0.4813405361E+03
   3   4   7   3    0.1152519781E+03
   3   4   7   4    0.1147053320E+03
   3   4   7   5    0.1375491035E+03
   3   4   7   6    0.1565384603E+03
   3   4   8   1   -0.2290098453E+03
   3   4   8   2   -0.3528266282E+03
   3   4   8   3    0.1346476024E+03
   3   4   8   4    0.8095555876E+02
   3   4   8   5    0.8667998131E+02
   3   4   8   6    0.1335445023E+03
   3   5   1   1    0.0000000000E+00
   3   5   1   2    0.0000000000E+00
   3   5   1   3    0.0000000000E+00
   3   5   1   4    0.3791414489E+01
   3   5   1   5    0.7213433787E+01
   3   5   1   6    0.2587201001E+02
   3   5   2   1   -0.6301843398E+02
   3   5   2   2   -0.1265426390E+02
   3   5   2   3    0.3561401548E+02
   3   5   2   4    0.2141258224E+02
   3   5   2   5    0.2616427218E+02
   3   5   2   6    0.2477761004E+01
   3   5   3   1   -0.7616099670E+02
   3   5   3   2    0.4884972985E+00
   3   5   3   3    0.3561414412E+02
   3   5   3   4    0.2141265958E+02
   3   5   3   5    0.2490685719E+02
   3   5   3   6    0.3735100876E+01
   3   5   4   1    0.3795589506E+02
   3   5   4   2    0.1951705606E+02
   3   5   4   3    0.6557259028E+01
   3   5   4   4    0.6557211071E+01
   3   5   4   5    0.7751280670E+02
   3   5   4   6    0.1517638973E+02
   3   5   5   1   -0.4262426822E+02
   3   5   5   2   -0.5586332269E+02
   3   5   5   3    0.2082668216E+02
   3   5   5   4    0.1252184218E+02
   3   5   5   5    0.2463686289E+02
   3   5   5   6    0.1264058293E+02
   3   5   6   1    0.1380363840E+03
   3   5   6   2    0.1206268166E+03
   3   5   6   3    0.1237372832E+02
   3   5   6   4    0.4664935557E+02
   3   5   6   5    0.6683820239E+01
   3   5   6   6    0.4900598416E+01
   3   5   7   1    0.5744788708E+02
   3   5   7   2    0.2012154769E+03
   3   5   7   3    0.2863980554E+02
   3   5   7   4    0.3038331565E+02
   3   5   7   5    0.6683744936E+01
   3   5   7   6    0.4900607836E+01
   3   5   8   1   -0.5878032985E+02
   3   5   8   2   -0.3970795496E+02
   3   5   8   3    0.2082623241E+02
   3   5   8   4    0.1252157178E+02
   3   5   8   5    0.2224829051E+02
   3   5   8   6    0.1502941796E+02
   3   6   1   1    0.0000000000E+00
   3   6   1   2    0.0000000000E+00
   3   6   1   3    0.0000000000E+00
   3   6   1   4    0.7553053807E+01
   3   6   1   5    0.2326158342E+01
   3   6   1   6    0.2699769422E+02
   3   6   2   1   -0.6071010512E+02
   3   6   2   2   -0.3777824586E+02
   3   6   2   3    0.2082630044E+02
   3   6   2   4    0.1252160769E+02
   3   6   2   5    0.2403135805E+02
   3   6   2   6    0.1324637968E+02
   3   6   3   1   -0.6669360166E+02
   3   6   3   2   -0.3179395002E+02
   3   6   3   3    0.2082681851E+02
   3   6   3   4    0.1252191917E+02
   3   6   3   5    0.2345863846E+02
   3   6   3   6    0.1381879673E+02
   3   6   4   1    0.1951731848E+02
   3   6   4   2    0.3795600901E+02
   3   6   4   3    0.6557254507E+01
   3   6   4   4    0.6557301459E+01
   3   6   4   5    0.1517638928E+02
   3   6   4   6    0.7751280556E+02
   3   6   5   1   -0.2329816614E+02
   3   6   5   2   -0.5237454906E+02
   3   6   5   3    0.3561411517E+02
   3   6   5   4    0.2141263719E+02
   3   6   5   5    0.2749468346E+02
   3   6   5   6    0.1147360501E+01
   3   6   6   1    0.1206268027E+03
   3   6   6   2    0.1380365860E+03
   3   6   6   3    0.4664937616E+02
   3   6   6   4    0.1237375040E+02
   3   6   6   5    0.4900635602E+01
   3   6   6   6    0.6683858469E+01
   3   6   7   1    0.2012160151E+03
   3   6   7   2    0.5744753497E+02
   3   6   7   3    0.3038368712E+02
   3   6   7   4    0.2863947625E+02
   3   6   7   5    0.4900644548E+01
   3   6   7   6    0.6683784466E+01
   3   6   8   1   -0.5878039746E+02
   3   6   8   2   -0.1689248953E+02
   3   6   8   3    0.3561400382E+02
   3   6   8   4    0.2141257024E+02
   3   6   8   5    0.2224831917E+02
   3   6   8   6    0.6393789810E+01
   3   7   1   1    0.0000000000E+00
   3   7   1   2    0.0000000000E+00
   3   7   1   3    0.0000000000E+00
   3   7   1   4    0.2205852249E+03
   3   7   1   5    0.1956332116E+03
   3   7   1   6    0.1137784473E+03
   3   7   2   1   -0.5315614348E+03
   3   7   2   2   -0.7970107122E+03
   3   7   2   3    0.3556454248E+03
   3   7   2   4    0.2138283459E+03
   3   7   2   5    0.1890102845E+03
   3   7   2   6    0.3138528536E+03
   3   7   3   1   -0.4622875483E+03
   3   7   3   2   -0.8662839053E+03
   3   7   3   3    0.3556458741E+03
   3   7   3   4    0.2138286160E+03
   3   7   3   5    0.1956361751E+03
   3   7   3   6    0.3072267006E+03
   3   7   4   1    0.1329143458E+04
   3   7   4   2    0.2057016809E+04
   3   7   4   3    0.4573332304E+03
   3   7   4   4    0.3153380293E+03
   3   7   4   5    0.1500369849E+03
   3   7   4   6    0.1500369820E+03
   3   7   5   1   -0.6103814454E+03
   3   7   5   2   -0.5640942712E+03
   3   7   5   3    0.4555220832E+03
   3   7   5   4    0.2738782134E+03
   3   7   5   5    0.2012983776E+03
   3   7   5   6    0.2432394263E+03
   3   7   6   1    0.1236754884E+04
   3   7   6   2    0.1200695094E+04
   3   7   6   3    0.2425960552E+03
   3   7   6   4    0.3135936688E+03
   3   7   6   5    0.4039755000E+03
   3   7   6   6    0.2785471047E+03
   3   7   7   1    0.1367624114E+04
   3   7   7   2    0.1069826008E+04
   3   7   7   3    0.2799011915E+03
   3   7   7   4    0.2762885658E+03
   3   7   7   5    0.2785470564E+03
   3   7   7   6    0.4039754879E+03
   3   7   8   1   -0.5538991708E+03
   3   7   8   2   -0.6205770939E+03
   3   7   8   3    0.4555217280E+03
   3   7   8   4    0.2738779998E+03
   3   7   8   5    0.2096502413E+03
   3   7   8   6    0.2348877700E+03
   3   8   1   1    0.0000000000E+00
   3   8   1   2    0.0000000000E+00
   3   8   1   3    0.0000000000E+00
   3   8   1   4    0.1951799645E+03
   3   8   1   5    0.2286415298E+03
   3   8   1   6    0.1061753869E+03
   3   8   2   1   -0.5471523289E+03
   3   8   2   2   -0.6273274116E+03
   3   8   2   3    0.4555194690E+03
   3   8   2   4    0.2738766417E+03
   3   8   2   5    0.2034162037E+03
   3   8   2   6    0.2411231233E+03
   3   8   3   1   -0.5262284489E+03
   3   8   3   2   -0.6482506637E+03
   3   8   3   3    0.4555198760E+03
   3   8   3   4    0.2738768864E+03
   3   8   3   5    0.2054172318E+03
   3   8   3   6    0.2391218574E+03
   3   8   4   1    0.2057014018E+04
   3   8   4   2    0.1329146224E+04
   3   8   4   3    0.3153380257E+03
   3   8   4   4    0.4573332283E+03
   3   8   4   5    0.1500369854E+03
   3   8   4   6    0.1500369832E+03
   3   8   5   1   -0.7409110525E+03
   3   8   5   2   -0.5876569965E+03
   3   8   5   3    0.3556480747E+03
   3   8   5   4    0.2138299391E+03
   3   8   5   5    0.1819979428E+03
   3   8   5   6    0.3208636443E+03
   3   8   6   1    0.1200694957E+04
   3   8   6   2    0.1236755023E+04
   3   8   6   3    0.3135936712E+03
   3   8   6   4    0.2425960537E+03
   3   8   6   5    0.2785471057E+03
   3   8   6   6    0.4039754876E+03
   3   8   7   1    0.1069826592E+04
   3   8   7   2    0.1367623512E+04
   3   8   7   3    0.2762890289E+03
   3   8   7   4    0.2799007238E+03
   3   8   7   5    0.4039754966E+03
   3   8   7   6    0.2785470489E+03
   3   8   8   1   -0.5538991556E+03
   3   8   8   2   -0.7746694991E+03
   3   8   8   3    0.3556476822E+03
   3   8   8   4    0.2138297031E+03
   3   8   8   5    0.2096502416E+03
   3   8   8   6    0.2932115747E+03
