 iks ibn en[eV] imselfen[meV]
   1   1   -0.2185008418E+02    0.2682061341E+01
   1   2   -0.2707755269E-09    0.1352834949E+02
   1   3   -0.1957200517E-09    0.1352836578E+02
   1   4    0.0000000000E+00    0.1352840267E+02
   1   5    0.5673039243E+01    0.7178180799E+02
   1   6    0.5673039244E+01    0.7178169478E+02
   1   7    0.5673039246E+01    0.7178202326E+02
   1   8    0.1400642646E+02    0.2019293324E+03
   2   1   -0.2140982030E+02    0.2006158955E+02
   2   2   -0.2471766316E+01    0.5571331386E+02
   2   3   -0.6808687235E+00    0.4487118112E+02
   2   4   -0.6808687229E+00    0.4487131883E+02
   2   5    0.6557977641E+01    0.2219969559E+03
   2   6    0.6557977641E+01    0.2219965676E+03
   2   7    0.7031793826E+01    0.3136461413E+03
   2   8    0.1431967874E+02    0.1215012906E+03
   3   1   -0.2010167323E+02    0.2248953130E+02
   3   2   -0.6727720570E+01    0.2039719367E+03
   3   3   -0.1805144300E+01    0.7543281606E+02
   3   4   -0.1805144300E+01    0.7543279898E+02
   3   5    0.7930176988E+01    0.3878200207E+03
   3   6    0.7930176989E+01    0.3878203530E+03
   3   7    0.8433724400E+01    0.4399526493E+03
   3   8    0.1510807429E+02    0.1935902658E+03
   4   1   -0.1798942927E+02    0.5156152448E+02
   4   2   -0.1089330996E+02    0.6639340004E+02
   4   3   -0.2608474737E+01    0.8265852169E+02
   4   4   -0.2608474737E+01    0.8265847367E+02
   4   5    0.8525790374E+01    0.6580955743E+03
   4   6    0.8525790375E+01    0.6580953130E+03
   4   7    0.9088037537E+01    0.1327086138E+03
   4   8    0.1577834552E+02    0.1855717711E+03
   5   1   -0.1590844381E+02    0.5624986268E+02
   5   2   -0.1369097455E+02    0.1830269236E+02
   5   3   -0.2887479593E+01    0.9349776053E+02
   5   4   -0.2887479591E+01    0.9349764505E+02
   5   5    0.8596059925E+01    0.6207726260E+03
   5   6    0.8596059927E+01    0.6207748513E+03
   5   7    0.9275907031E+01    0.1032635369E+03
   5   8    0.1596247545E+02    0.2144377584E+03
   6   1   -0.2126327800E+02    0.1337152897E+02
   6   2   -0.1785383185E+01    0.6420875652E+02
   6   3   -0.1785383185E+01    0.6420875202E+02
   6   4   -0.1329877017E+01    0.3171088953E+02
   6   5    0.5271343128E+01    0.1758487344E+03
   6   6    0.7959764623E+01    0.3387591405E+03
   6   7    0.7959764624E+01    0.3387593124E+03
   6   8    0.1387687806E+02    0.4744959151E+03
   7   1   -0.2024484045E+02    0.5145522278E+02
   7   2   -0.5192865546E+01    0.1596802958E+03
   7   3   -0.2968699057E+01    0.1289302059E+03
   7   4   -0.2069785990E+01    0.2011807250E+03
   7   5    0.5948967394E+01    0.1421728919E+03
   7   6    0.9581266875E+01    0.3113896320E+03
   7   7    0.9616953988E+01    0.3740854314E+03
   7   8    0.1324188958E+02    0.4405059028E+03
   8   1   -0.1839489043E+02    0.4073463755E+02
   8   2   -0.9297879209E+01    0.1084326190E+03
   8   3   -0.3632835932E+01    0.9917829608E+02
   8   4   -0.3267555059E+01    0.1785450672E+03
   8   5    0.7142273443E+01    0.4356376121E+03
   8   6    0.1028640812E+02    0.3336104794E+03
   8   7    0.1041545240E+02    0.4246234657E+03
   8   8    0.1377845090E+02    0.5258235098E+03
   9   1   -0.1598770174E+02    0.5697220833E+02
   9   2   -0.1283159591E+02    0.8989378734E+02
   9   3   -0.4247155256E+01    0.1757235539E+03
   9   4   -0.3632392421E+01    0.9780225085E+02
   9   5    0.7759607163E+01    0.2886353158E+03
   9   6    0.9993060225E+01    0.5876686441E+03
   9   7    0.1067529901E+02    0.2669436066E+03
   9   8    0.1548524568E+02    0.4002065172E+03
  10   1   -0.1679011066E+02    0.6927061381E+02
  10   2   -0.1179107044E+02    0.4942692105E+02
  10   3   -0.4692021300E+01    0.1333657363E+03
  10   4   -0.2998069142E+01    0.1590893631E+03
  10   5    0.8372479648E+01    0.5142091678E+03
  10   6    0.9328559919E+01    0.1824767149E+03
  10   7    0.1055765854E+02    0.3141399968E+03
  10   8    0.1572424963E+02    0.2346947191E+03
  11   1   -0.1909971746E+02    0.9159040862E+02
  11   2   -0.7919984807E+01    0.9519466312E+02
  11   3   -0.4475067997E+01    0.2182835075E+03
  11   4   -0.1897401627E+01    0.1547820492E+03
  11   5    0.8267815578E+01    0.5799206852E+03
  11   6    0.8854884166E+01    0.2981835048E+03
  11   7    0.9884445429E+01    0.4279207619E+03
  11   8    0.1456174314E+02    0.1342186679E+03
  12   1   -0.2068028077E+02    0.2302024288E+02
  12   2   -0.4057699832E+01    0.7860688789E+02
  12   3   -0.3350354630E+01    0.1492646157E+03
  12   4   -0.7848754347E+00    0.1061740206E+03
  12   5    0.6863547623E+01    0.2995448903E+03
  12   6    0.8244388845E+01    0.4696460184E+03
  12   7    0.8370972505E+01    0.4884835293E+03
  12   8    0.1431058810E+02    0.1065829772E+03
  13   1   -0.1952189822E+02    0.1954303887E+02
  13   2   -0.4547198663E+01    0.1998938228E+03
  13   3   -0.4248703779E+01    0.1655661843E+03
  13   4   -0.4248703778E+01    0.1655661087E+03
  13   5    0.4537080777E+01    0.2757832727E+02
  13   6    0.1048133106E+02    0.3534346551E+03
  13   7    0.1184664993E+02    0.2345539702E+03
  13   8    0.1184664993E+02    0.2345544019E+03
  14   1   -0.1796059272E+02    0.4140004407E+02
  14   2   -0.7638374854E+01    0.1138344050E+03
  14   3   -0.5344427630E+01    0.1302265992E+03
  14   4   -0.4998442082E+01    0.1213262987E+03
  14   5    0.5284729715E+01    0.1330020569E+03
  14   6    0.9522645234E+01    0.2385604770E+03
  14   7    0.1317260537E+02    0.4226282678E+03
  14   8    0.1324553339E+02    0.4854096801E+03
  15   1   -0.1569683143E+02    0.3682602628E+02
  15   2   -0.1099104058E+02    0.8942330250E+02
  15   3   -0.6892107141E+01    0.9604660785E+02
  15   4   -0.5022550205E+01    0.1180975551E+03
  15   5    0.6199934491E+01    0.1277257136E+03
  15   6    0.1167531005E+02    0.1030236837E+03
  15   7    0.1307982944E+02    0.5009419144E+03
  15   8    0.1372215214E+02    0.5237253682E+03
  16   1   -0.1496777511E+02    0.1214112849E+03
  16   2   -0.1182717061E+02    0.6092525588E+02
  16   3   -0.7919557529E+01    0.8737399674E+02
  16   4   -0.4330808843E+01    0.2402592027E+03
  16   5    0.6982883139E+01    0.2585269226E+03
  16   6    0.1201714672E+02    0.3220495877E+03
  16   7    0.1369124470E+02    0.4774286365E+03
  16   8    0.1514882718E+02    0.2180721516E+03
  17   1   -0.1729039254E+02    0.3632307394E+02
  17   2   -0.8840831235E+01    0.1060846222E+03
  17   3   -0.7807839225E+01    0.9551740858E+02
  17   4   -0.3105365667E+01    0.2828663058E+03
  17   5    0.8101339226E+01    0.3570176375E+03
  17   6    0.1020403637E+02    0.3475699850E+03
  17   7    0.1267159547E+02    0.1488706919E+03
  17   8    0.1434825842E+02    0.1196943693E+03
  18   1   -0.1669644069E+02    0.3877182518E+02
  18   2   -0.8690140608E+01    0.9376513429E+02
  18   3   -0.5908963191E+01    0.6443468566E+02
  18   4   -0.5908963191E+01    0.6443492587E+02
  18   5    0.4230037937E+01    0.1436269901E+02
  18   6    0.6855441803E+01    0.2408067385E+03
  18   7    0.1548165636E+02    0.4623606014E+03
  18   8    0.1548165636E+02    0.4623603331E+03
  19   1   -0.1468989219E+02    0.5559440707E+02
  19   2   -0.1081384088E+02    0.6118237746E+02
  19   3   -0.7556574569E+01    0.5517480938E+02
  19   4   -0.6096673377E+01    0.6237912170E+02
  19   5    0.5080648203E+01    0.5826943503E+02
  19   6    0.7148695711E+01    0.3374336451E+03
  19   7    0.1602078197E+02    0.2496669554E+03
  19   8    0.1632246301E+02    0.1647244484E+03
  20   1   -0.1313542230E+02    0.5305083709E+02
  20   2   -0.1191432569E+02    0.1120590247E+03
  20   3   -0.9595955088E+01    0.2993442548E+02
  20   4   -0.5523082478E+01    0.9209489840E+02
  20   5    0.5789863257E+01    0.6847640538E+02
  20   6    0.1097970680E+02    0.2017682790E+03
  20   7    0.1469424812E+02    0.2231192183E+03
  20   8    0.1606913070E+02    0.3050960797E+03
  21   1   -0.1295992000E+02    0.8918712790E+02
  21   2   -0.1295992000E+02    0.8918725464E+02
  21   3   -0.6482864889E+01    0.1229103437E+03
  21   4   -0.6482864889E+01    0.1229104048E+03
  21   5    0.4860415051E+01    0.2771198753E+02
  21   6    0.4860415051E+01    0.2771195015E+02
  21   7    0.1721840728E+02    0.2825311288E+02
  21   8    0.1721840728E+02    0.2825333537E+02
  22   1   -0.1895392819E+02    0.4311093706E+02
  22   2   -0.6615242168E+01    0.2719230920E+03
  22   3   -0.5655022460E+01    0.1028338191E+03
  22   4   -0.2964351522E+01    0.1299191915E+03
  22   5    0.6707691834E+01    0.2425104178E+03
  22   6    0.1026178756E+02    0.3020355892E+03
  22   7    0.1184326904E+02    0.2312641325E+03
  22   8    0.1207019292E+02    0.2683721237E+03
  23   1   -0.1688217834E+02    0.1232455969E+03
  23   2   -0.1003495260E+02    0.4540028435E+02
  23   3   -0.6421636158E+01    0.1059997873E+03
  23   4   -0.4199734152E+01    0.1357586163E+03
  23   5    0.8118093806E+01    0.3689626554E+03
  23   6    0.9851851188E+01    0.4428991098E+03
  23   7    0.1277192987E+02    0.2785208198E+03
  23   8    0.1364747991E+02    0.4822621178E+03
  24   1   -0.1488259775E+02    0.1336011471E+03
  24   2   -0.1264440620E+02    0.5739081777E+02
  24   3   -0.6444068051E+01    0.1184984492E+03
  24   4   -0.4831895820E+01    0.1264422854E+03
  24   5    0.8415973951E+01    0.5163150959E+03
  24   6    0.9718663813E+01    0.4633516432E+03
  24   7    0.1344794706E+02    0.5697757531E+03
  24   8    0.1521549868E+02    0.2627801964E+03
  25   1   -0.1617385646E+02    0.8477186097E+02
  25   2   -0.9123118066E+01    0.6798242888E+02
  25   3   -0.7186833630E+01    0.4710812084E+02
  25   4   -0.6120263589E+01    0.7551869617E+02
  25   5    0.6460986178E+01    0.1318541015E+03
  25   6    0.8753573927E+01    0.2803639808E+03
  25   7    0.1333711927E+02    0.5925850717E+03
  25   8    0.1548937812E+02    0.4648895169E+03
  26   1   -0.1391317658E+02    0.5861209958E+02
  26   2   -0.1134837446E+02    0.6016696268E+02
  26   3   -0.8631661223E+01    0.5295898180E+02
  26   4   -0.6537633359E+01    0.1838866774E+03
  26   5    0.7674700673E+01    0.1535818715E+03
  26   6    0.1109698576E+02    0.2909201599E+03
  26   7    0.1289466662E+02    0.5183868681E+03
  26   8    0.1532395334E+02    0.4188681006E+03
  27   1   -0.1472750942E+02    0.7394947094E+02
  27   2   -0.1055903430E+02    0.3809756621E+02
  27   3   -0.9111010734E+01    0.5006758036E+02
  27   4   -0.5633866259E+01    0.9224266342E+02
  27   5    0.8519477794E+01    0.5218342500E+03
  27   6    0.1099893452E+02    0.2278851756E+03
  27   7    0.1345532824E+02    0.5336248051E+03
  27   8    0.1492145387E+02    0.1730370724E+03
  28   1   -0.1260509686E+02    0.5076288867E+02
  28   2   -0.1260509686E+02    0.5076293127E+02
  28   3   -0.7525792115E+01    0.4659759203E+02
  28   4   -0.7525792115E+01    0.4659763931E+02
  28   5    0.7013182087E+01    0.2614049381E+03
  28   6    0.7013182088E+01    0.2614049795E+03
  28   7    0.1595561776E+02    0.2372622186E+03
  28   8    0.1595561776E+02    0.2372615900E+03
  29   1   -0.1212115193E+02    0.6793616647E+02
  29   2   -0.1212115193E+02    0.6793618550E+02
  29   3   -0.8577112965E+01    0.3685570055E+02
  29   4   -0.8577112965E+01    0.3685560697E+02
  29   5    0.1077406089E+02    0.2798387719E+03
  29   6    0.1077406090E+02    0.2798398638E+03
  29   7    0.1269755597E+02    0.1863223925E+03
  29   8    0.1269755597E+02    0.1863223447E+03
