#            band          E0[eV]         EHF[eV]         Eqp[eV]      Eqp-E0[eV]      Sc_Eqp[eV]       Width[eV]
     0.2400000000E+03    0.1193508394E+02    0.8728109506E+01    0.1110184318E+02   -0.8332407671E+00    0.2375346922E+01    0.6574198967E-02
     0.2410000000E+03    0.1198493612E+02    0.8894792026E+01    0.1115137555E+02   -0.8335605723E+00    0.2257253070E+01    0.3378298237E-02
     0.2420000000E+03    0.1198493617E+02    0.8894792085E+01    0.1115137481E+02   -0.8335613542E+00    0.2257252263E+01    0.3378249487E-02
     0.2430000000E+03    0.1201419177E+02    0.8933090629E+01    0.1118398450E+02   -0.8302072737E+00    0.2251410223E+01    0.3273757877E-02
     0.2440000000E+03    0.1201419186E+02    0.8933090747E+01    0.1118398449E+02   -0.8302073609E+00    0.2251410102E+01    0.3273740479E-02
     0.2450000000E+03    0.1203005268E+02    0.8940059791E+01    0.1119718098E+02   -0.8328716998E+00    0.2257642449E+01    0.3309814358E-02
     0.2460000000E+03    0.1203005276E+02    0.8940059935E+01    0.1119718094E+02   -0.8328718215E+00    0.2257642276E+01    0.3309804466E-02
     0.2470000000E+03    0.1205931679E+02    0.8974499443E+01    0.1122756337E+02   -0.8317534275E+00    0.2253732782E+01    0.3281957398E-02
     0.2480000000E+03    0.1206713393E+02    0.8985588283E+01    0.1123392738E+02   -0.8332065509E+00    0.2248996574E+01    0.3314486877E-02
     0.2490000000E+03    0.1206713401E+02    0.8985588384E+01    0.1123392777E+02   -0.8332062461E+00    0.2248996859E+01    0.3314491120E-02
     0.2500000000E+03    0.1206758638E+02    0.8982182746E+01    0.1123670651E+02   -0.8308798710E+00    0.2255181199E+01    0.3271290282E-02
     0.2510000000E+03    0.1206758642E+02    0.8982182764E+01    0.1123670573E+02   -0.8308806918E+00    0.2255180397E+01    0.3271271942E-02
     0.2520000000E+03    0.1207833220E+02    0.9016474151E+01    0.1125008742E+02   -0.8282447799E+00    0.2234131769E+01    0.3238242933E-02
     0.2530000000E+03    0.1263982823E+02    0.9174859745E+01    0.1183086244E+02   -0.8089657958E+00    0.2658626032E+01    0.6432005012E-02
     0.2540000000E+03    0.1379485200E+02    0.1126001738E+02    0.1304969645E+02   -0.7451555517E+00    0.1790094231E+01    0.2500193374E-02
     0.2550000000E+03    0.1379485205E+02    0.1126001745E+02    0.1304969588E+02   -0.7451561704E+00    0.1790093591E+01    0.2500191824E-02
     0.2560000000E+03    0.1398703549E+02    0.1134786654E+02    0.1324941427E+02   -0.7376212172E+00    0.1902090077E+01    0.2905150923E-02
     0.2570000000E+03    0.1485127998E+02    0.1126112499E+02    0.1417258985E+02   -0.6786901317E+00    0.2912303923E+01    0.6518267988E-02
     0.2580000000E+03    0.1816427960E+02    0.2378921038E+02    0.1912488752E+02    0.9606079184E+00   -0.4665046224E+01   -0.2850601474E-02
     0.2590000000E+03    0.1831052286E+02    0.2396987652E+02    0.1929679009E+02    0.9862672286E+00   -0.4673928434E+01   -0.2805552000E-02
     0.2600000000E+03    0.1831052291E+02    0.2396987659E+02    0.1929679062E+02    0.9862677097E+00   -0.4673927969E+01   -0.2805544953E-02
     0.2610000000E+03    0.1835888145E+02    0.2400930867E+02    0.1932541108E+02    0.9665296342E+00   -0.4684612966E+01   -0.2747376413E-02
     0.2620000000E+03    0.1835888145E+02    0.2400930869E+02    0.1932541184E+02    0.9665303874E+00   -0.4684612219E+01   -0.2747380499E-02
     0.2630000000E+03    0.1846649651E+02    0.2408687314E+02    0.1938935803E+02    0.9228615179E+00   -0.4698245240E+01   -0.2752571923E-02
     0.2640000000E+03    0.1864204834E+02    0.2422931783E+02    0.1948851792E+02    0.8464695727E+00   -0.4741305692E+01   -0.2822292893E-02
     0.2650000000E+03    0.1866122222E+02    0.2424756109E+02    0.1951071492E+02    0.8494926965E+00   -0.4737358897E+01   -0.2846522085E-02
     0.2660000000E+03    0.1866122226E+02    0.2424756113E+02    0.1951071543E+02    0.8494931770E+00   -0.4737358424E+01   -0.2846507697E-02
     0.2670000000E+03    0.1872405394E+02    0.2431114124E+02    0.1954989585E+02    0.8258419090E+00   -0.4761758098E+01   -0.2782296993E-02
     0.2680000000E+03    0.1872405396E+02    0.2431114126E+02    0.1954989525E+02    0.8258412842E+00   -0.4761758722E+01   -0.2782305299E-02
     0.2690000000E+03    0.1886134040E+02    0.2446462364E+02    0.1975862590E+02    0.8972854910E+00   -0.4706603602E+01   -0.2941400008E-02
     0.2700000000E+03    0.1945975286E+02    0.2563788761E+02    0.2071376866E+02    0.1254015799E+01   -0.4925434423E+01   -0.3502582468E-02
     0.2710000000E+03    0.1948268563E+02    0.2571273784E+02    0.2078080331E+02    0.1298117674E+01   -0.4933469897E+01   -0.3506331386E-02
     0.2720000000E+03    0.1948268568E+02    0.2571273791E+02    0.2078080326E+02    0.1298117579E+01   -0.4933470015E+01   -0.3506319328E-02
     0.2730000000E+03    0.1978007741E+02    0.2578626640E+02    0.2078902319E+02    0.1008945775E+01   -0.4998303673E+01   -0.3629966019E-02
     0.2740000000E+03    0.1979851654E+02    0.2577435421E+02    0.2076792493E+02    0.9694083875E+00   -0.5007201688E+01   -0.3709775288E-02
     0.2750000000E+03    0.1984095999E+02    0.2584050829E+02    0.2082980891E+02    0.9888489273E+00   -0.5011752364E+01   -0.3670527113E-02
     0.2760000000E+03    0.1984096003E+02    0.2584050834E+02    0.2082980825E+02    0.9888482149E+00   -0.5011753090E+01   -0.3670543644E-02
     0.2770000000E+03    0.1990731117E+02    0.2589815012E+02    0.2088678444E+02    0.9794732754E+00   -0.5012297921E+01   -0.3605211431E-02
     0.2780000000E+03    0.1993654451E+02    0.2592541811E+02    0.2091652608E+02    0.9799815704E+00   -0.5009683081E+01   -0.3606646791E-02
     0.2790000000E+03    0.1993654453E+02    0.2592541815E+02    0.2091652704E+02    0.9799825039E+00   -0.5009682156E+01   -0.3606628601E-02
     0.2800000000E+03    0.1994632722E+02    0.2591877111E+02    0.2091895139E+02    0.9726241784E+00   -0.5000554085E+01   -0.3632955265E-02
