Dynamical matrix file
                                                                           
  1    2  2  6.7034255  0.0000000  0.0000000  0.0000000  0.0000000  0.0000000
           1  'C   '    10947.3567922507     
    1    1      0.0000000000     -0.0000000000      0.0000000000
    2    1     -0.2480731097      0.2480731097      0.2480731097

     Dynamical  Matrix in cartesian axes

     q = (    0.000000000   0.000000000   0.000000000 ) 

    1    1
  0.86190697  0.00000000    0.00000000  0.00000000   -0.00000000  0.00000000
 -0.00000000  0.00000000    0.86190697  0.00000000   -0.00000000  0.00000000
  0.00000000  0.00000000    0.00000000  0.00000000    0.86190697  0.00000000
    1    2
 -1.21078787  0.00000000    0.00000000  0.00000000   -0.00000000  0.00000000
 -0.00000000  0.00000000   -1.21078787  0.00000000   -0.00000000  0.00000000
 -0.00000000  0.00000000    0.00000000  0.00000000   -1.21078787  0.00000000
    2    1
 -1.21078787  0.00000000   -0.00000000  0.00000000    0.00000000  0.00000000
 -0.00000000  0.00000000   -1.21078787  0.00000000   -0.00000000  0.00000000
  0.00000000  0.00000000   -0.00000000  0.00000000   -1.21078787  0.00000000
    2    2
  0.86190694  0.00000000    0.00000000  0.00000000   -0.00000000  0.00000000
  0.00000000  0.00000000    0.86190694  0.00000000    0.00000000  0.00000000
  0.00000000  0.00000000    0.00000000  0.00000000    0.86190694  0.00000000

     Dielectric Tensor:

         15.624870849789          0.000000000000          0.000000000000
          0.000000000000         15.624870849789         -0.000000000000
          0.000000000000         -0.000000000000         15.624870849789

     Effective Charges E-U: Z_{alpha}{s,beta}

     atom #    1
         -2.415763495333          0.000000000000         -0.000000000000
         -0.000000000000         -2.415763495333         -0.000000000000
         -0.000000000000         -0.000000000000         -2.415763495333
     atom #    2
         -2.415763273070         -0.000000000000          0.000000000000
          0.000000000000         -2.415763273070          0.000000000000
          0.000000000000          0.000000000000         -2.415763273070

     Diagonalizing the dynamical matrix

     q = (    0.000000000   0.000000000   0.000000000 ) 

 **************************************************************************
     freq (    1) =      -0.000001 [THz] =      -0.000024 [cm-1]
 (  0.002559  0.000000 -0.284633  0.000000 -0.647285  0.000000 ) 
 (  0.002559  0.000000 -0.284633  0.000000 -0.647285  0.000000 ) 
     freq (    2) =      -0.000000 [THz] =      -0.000002 [cm-1]
 ( -0.557835  0.000000  0.396958  0.000000 -0.176761  0.000000 ) 
 ( -0.557835  0.000000  0.396958  0.000000 -0.176761  0.000000 ) 
     freq (    3) =       0.000001 [THz] =       0.000024 [cm-1]
 (  0.434527  0.000000  0.511281  0.000000 -0.223110  0.000000 ) 
 (  0.434527  0.000000  0.511281  0.000000 -0.223110  0.000000 ) 
     freq (    4) =      48.929348 [THz] =    1632.107365 [cm-1]
 ( -0.000000  0.000000 -0.298216  0.000000  0.641145  0.000000 ) 
 (  0.000000  0.000000  0.298216  0.000000 -0.641145  0.000000 ) 
     freq (    5) =      48.929348 [THz] =    1632.107365 [cm-1]
 ( -0.707107  0.000000  0.000000  0.000000  0.000000  0.000000 ) 
 (  0.707107  0.000000 -0.000000  0.000000  0.000000  0.000000 ) 
     freq (    6) =      48.929348 [THz] =    1632.107365 [cm-1]
 (  0.000000  0.000000  0.641145  0.000000  0.298216  0.000000 ) 
 ( -0.000000  0.000000 -0.641145  0.000000 -0.298216  0.000000 ) 
 **************************************************************************
