Dynamical matrix file
                                                                           
  1    2  2  6.7034255  0.0000000  0.0000000  0.0000000  0.0000000  0.0000000
           1  'C   '    10947.3567922507     
    1    1      0.0000000000     -0.0000000000      0.0000000000
    2    1     -0.2480731097      0.2480731097      0.2480731097

     Dynamical  Matrix in cartesian axes

     q = (    0.503883715  -0.503883715   0.503883715 ) 

    1    1
  0.67228191  0.00000000   -0.09603420  0.00000000    0.09603420  0.00000000
 -0.09603420  0.00000000    0.67228191  0.00000000   -0.09603420  0.00000000
  0.09603420  0.00000000   -0.09603420  0.00000000    0.67228191  0.00000000
    1    2
 -0.64872072  0.00000000   -0.12143022  0.00000000    0.12143022  0.00000000
 -0.12143022  0.00000000   -0.64872072  0.00000000   -0.12143022  0.00000000
  0.12143022  0.00000000   -0.12143022  0.00000000   -0.64872072  0.00000000
    2    1
 -0.64872072  0.00000000   -0.12143022  0.00000000    0.12143022  0.00000000
 -0.12143022  0.00000000   -0.64872072  0.00000000   -0.12143022  0.00000000
  0.12143022  0.00000000   -0.12143022  0.00000000   -0.64872072  0.00000000
    2    2
  0.67228237  0.00000000   -0.09603413  0.00000000    0.09603413  0.00000000
 -0.09603413  0.00000000    0.67228237  0.00000000   -0.09603413  0.00000000
  0.09603413  0.00000000   -0.09603413  0.00000000    0.67228237  0.00000000

     Dynamical  Matrix in cartesian axes

     q = (   -0.503883715  -0.503883715  -0.503883715 ) 

    1    1
  0.67228191  0.00000000    0.09603420  0.00000000    0.09603420  0.00000000
  0.09603420  0.00000000    0.67228191  0.00000000    0.09603420  0.00000000
  0.09603420  0.00000000    0.09603420  0.00000000    0.67228191  0.00000000
    1    2
 -0.64872072 -0.00000000    0.12143022  0.00000000    0.12143022  0.00000000
  0.12143022  0.00000000   -0.64872072 -0.00000000    0.12143022  0.00000000
  0.12143022  0.00000000    0.12143022  0.00000000   -0.64872072 -0.00000000
    2    1
 -0.64872072  0.00000000    0.12143022 -0.00000000    0.12143022 -0.00000000
  0.12143022 -0.00000000   -0.64872072  0.00000000    0.12143022 -0.00000000
  0.12143022 -0.00000000    0.12143022 -0.00000000   -0.64872072  0.00000000
    2    2
  0.67228237  0.00000000    0.09603413  0.00000000    0.09603413  0.00000000
  0.09603413  0.00000000    0.67228237  0.00000000    0.09603413  0.00000000
  0.09603413  0.00000000    0.09603413  0.00000000    0.67228237  0.00000000

     Dynamical  Matrix in cartesian axes

     q = (   -0.503883715   0.503883715   0.503883715 ) 

    1    1
  0.67228191  0.00000000   -0.09603420  0.00000000   -0.09603420  0.00000000
 -0.09603420  0.00000000    0.67228191  0.00000000    0.09603420  0.00000000
 -0.09603420  0.00000000    0.09603420  0.00000000    0.67228191  0.00000000
    1    2
  0.64872072 -0.00000000    0.12143022 -0.00000000    0.12143022 -0.00000000
  0.12143022 -0.00000000    0.64872072 -0.00000000   -0.12143022  0.00000000
  0.12143022 -0.00000000   -0.12143022  0.00000000    0.64872072 -0.00000000
    2    1
  0.64872072  0.00000000    0.12143022  0.00000000    0.12143022  0.00000000
  0.12143022  0.00000000    0.64872072  0.00000000   -0.12143022 -0.00000000
  0.12143022  0.00000000   -0.12143022 -0.00000000    0.64872072  0.00000000
    2    2
  0.67228237  0.00000000   -0.09603413  0.00000000   -0.09603413  0.00000000
 -0.09603413  0.00000000    0.67228237  0.00000000    0.09603413  0.00000000
 -0.09603413  0.00000000    0.09603413  0.00000000    0.67228237  0.00000000

     Dynamical  Matrix in cartesian axes

     q = (    0.503883715   0.503883715  -0.503883715 ) 

    1    1
  0.67228191  0.00000000    0.09603420  0.00000000   -0.09603420  0.00000000
  0.09603420  0.00000000    0.67228191  0.00000000   -0.09603420  0.00000000
 -0.09603420  0.00000000   -0.09603420  0.00000000    0.67228191  0.00000000
    1    2
 -0.64872072 -0.00000000    0.12143022  0.00000000   -0.12143022 -0.00000000
  0.12143022  0.00000000   -0.64872072 -0.00000000   -0.12143022 -0.00000000
 -0.12143022 -0.00000000   -0.12143022 -0.00000000   -0.64872072 -0.00000000
    2    1
 -0.64872072  0.00000000    0.12143022 -0.00000000   -0.12143022  0.00000000
  0.12143022 -0.00000000   -0.64872072  0.00000000   -0.12143022  0.00000000
 -0.12143022  0.00000000   -0.12143022  0.00000000   -0.64872072  0.00000000
    2    2
  0.67228237  0.00000000    0.09603413  0.00000000   -0.09603413  0.00000000
  0.09603413  0.00000000    0.67228237  0.00000000   -0.09603413  0.00000000
 -0.09603413  0.00000000   -0.09603413  0.00000000    0.67228237  0.00000000

     Diagonalizing the dynamical matrix

     q = (    0.503883715  -0.503883715   0.503883715 ) 

 **************************************************************************
     freq (    1) =     -13.845627 [THz] =    -461.840410 [cm-1]
 ( -0.457441  0.000000 -0.533779  0.000000 -0.076338  0.000000 ) 
 ( -0.457441  0.000000 -0.533779  0.000000 -0.076338  0.000000 ) 
     freq (    2) =     -13.845627 [THz] =    -461.840410 [cm-1]
 ( -0.352251  0.000000  0.220030  0.000000  0.572281  0.000000 ) 
 ( -0.352251  0.000000  0.220030  0.000000  0.572281  0.000000 ) 
     freq (    3) =      21.290479 [THz] =     710.173921 [cm-1]
 (  0.408248  0.000000 -0.408248  0.000000  0.408248  0.000000 ) 
 (  0.408248  0.000000 -0.408248  0.000000  0.408248  0.000000 ) 
     freq (    4) =      35.437109 [THz] =    1182.054736 [cm-1]
 ( -0.408248  0.000000  0.408248  0.000000 -0.408248  0.000000 ) 
 (  0.408248  0.000000 -0.408248  0.000000  0.408248  0.000000 ) 
     freq (    5) =      36.484406 [THz] =    1216.988777 [cm-1]
 (  0.266332  0.000000  0.576788  0.000000  0.310456  0.000000 ) 
 ( -0.266332  0.000000 -0.576788  0.000000 -0.310456  0.000000 ) 
     freq (    6) =      36.484406 [THz] =    1216.988777 [cm-1]
 (  0.512250  0.000000  0.025475  0.000000 -0.486775  0.000000 ) 
 ( -0.512251  0.000000 -0.025475  0.000000  0.486776  0.000000 ) 
 **************************************************************************
