Dynamical matrix file
                                                                           
  1    2  2  6.7034255  0.0000000  0.0000000  0.0000000  0.0000000  0.0000000
           1  'C   '    10947.3567922507     
    1    1      0.0000000000     -0.0000000000      0.0000000000
    2    1     -0.2480731097      0.2480731097      0.2480731097

     Dynamical  Matrix in cartesian axes

     q = (    0.000000000  -1.007767429   0.000000000 ) 

    1    1
  0.40190445  0.00000000    0.00000000  0.00000000    0.00000000  0.00000000
  0.00000000  0.00000000    0.98044249  0.00000000    0.00000000  0.00000000
 -0.00000000  0.00000000    0.00000000  0.00000000    0.40190445  0.00000000
    1    2
  0.00000000  0.00000000    0.00000000 -0.00000000    0.36285605  0.00000000
 -0.00000000 -0.00000000   -0.00000000  0.00000000    0.00000000 -0.00000000
  0.36285605  0.00000000    0.00000000 -0.00000000   -0.00000000  0.00000000
    2    1
 -0.00000000  0.00000000    0.00000000  0.00000000    0.36285605 -0.00000000
 -0.00000000  0.00000000    0.00000000  0.00000000    0.00000000  0.00000000
  0.36285605 -0.00000000    0.00000000 -0.00000000   -0.00000000  0.00000000
    2    2
  0.40190436  0.00000000    0.00000000  0.00000000    0.00000000  0.00000000
  0.00000000  0.00000000    0.98044097  0.00000000    0.00000000  0.00000000
  0.00000000  0.00000000    0.00000000  0.00000000    0.40190436  0.00000000

     Dynamical  Matrix in cartesian axes

     q = (    0.000000000  -0.000000000  -1.007767429 ) 

    1    1
  0.40190445  0.00000000   -0.00000000  0.00000000    0.00000000  0.00000000
  0.00000000  0.00000000    0.40190445  0.00000000    0.00000000  0.00000000
  0.00000000  0.00000000    0.00000000  0.00000000    0.98044249  0.00000000
    1    2
  0.00000000  0.00000000    0.36285605  0.00000000    0.00000000  0.00000000
  0.36285605  0.00000000    0.00000000  0.00000000    0.00000000  0.00000000
  0.00000000  0.00000000    0.00000000  0.00000000    0.00000000  0.00000000
    2    1
  0.00000000  0.00000000    0.36285605 -0.00000000    0.00000000  0.00000000
  0.36285605 -0.00000000    0.00000000  0.00000000    0.00000000 -0.00000000
 -0.00000000  0.00000000   -0.00000000 -0.00000000   -0.00000000  0.00000000
    2    2
  0.40190436  0.00000000    0.00000000  0.00000000   -0.00000000  0.00000000
  0.00000000  0.00000000    0.40190436  0.00000000    0.00000000  0.00000000
 -0.00000000  0.00000000   -0.00000000  0.00000000    0.98044097  0.00000000

     Dynamical  Matrix in cartesian axes

     q = (    1.007767429   0.000000000   0.000000000 ) 

    1    1
  0.98044249  0.00000000    0.00000000  0.00000000   -0.00000000  0.00000000
  0.00000000  0.00000000    0.40190445  0.00000000    0.00000000  0.00000000
  0.00000000  0.00000000    0.00000000  0.00000000    0.40190445  0.00000000
    1    2
 -0.00000000  0.00000000   -0.00000000 -0.00000000    0.00000000  0.00000000
  0.00000000 -0.00000000   -0.00000000 -0.00000000   -0.36285605 -0.00000000
 -0.00000000  0.00000000   -0.36285605 -0.00000000   -0.00000000  0.00000000
    2    1
  0.00000000  0.00000000    0.00000000  0.00000000   -0.00000000 -0.00000000
 -0.00000000  0.00000000   -0.00000000  0.00000000   -0.36285605  0.00000000
  0.00000000  0.00000000   -0.36285605  0.00000000    0.00000000  0.00000000
    2    2
  0.98044097  0.00000000    0.00000000  0.00000000    0.00000000  0.00000000
  0.00000000  0.00000000    0.40190436  0.00000000   -0.00000000  0.00000000
 -0.00000000  0.00000000   -0.00000000  0.00000000    0.40190436  0.00000000

     Diagonalizing the dynamical matrix

     q = (    0.000000000  -1.007767429   0.000000000 ) 

 **************************************************************************
     freq (    1) =       6.213292 [THz] =     207.253112 [cm-1]
 ( -0.700143 -0.000000  0.000000  0.000000  0.098994  0.000000 ) 
 ( -0.098994  0.000000 -0.000000  0.000000  0.700143  0.000000 ) 
     freq (    2) =       6.213292 [THz] =     207.253112 [cm-1]
 (  0.098994  0.000000  0.000000  0.000000  0.700143  0.000000 ) 
 ( -0.700143  0.000000 -0.000000  0.000000 -0.098994  0.000000 ) 
     freq (    3) =      27.496861 [THz] =     917.196542 [cm-1]
 ( -0.000000  0.000000 -0.000000  0.000000  0.707107 -0.000000 ) 
 (  0.707107 -0.000000  0.000000 -0.000000 -0.000000  0.000000 ) 
     freq (    4) =      27.496861 [THz] =     917.196542 [cm-1]
 ( -0.707107 -0.000000  0.000000  0.000000  0.000000  0.000000 ) 
 ( -0.000000  0.000000 -0.000000  0.000000 -0.707107  0.000000 ) 
     freq (    5) =      31.133728 [THz] =    1038.509378 [cm-1]
 ( -0.000000 -0.000000 -0.000000 -0.000000 -0.000000 -0.000000 ) 
 ( -0.000000 -0.000000  1.000000 -0.000000 -0.000000  0.000000 ) 
     freq (    6) =      31.133752 [THz] =    1038.510179 [cm-1]
 (  0.000000 -0.000000 -1.000000 -0.000000 -0.000000  0.000000 ) 
 ( -0.000000  0.000000 -0.000000  0.000000 -0.000000  0.000000 ) 
 **************************************************************************
