 ikr ibn iq imode EPCE[meV]
   1   1   1   1    0.0000000000E+00
   1   1   1   2    0.0000000000E+00
   1   1   1   3    0.0000000000E+00
   1   1   1   4    0.5324146196E+01
   1   1   1   5    0.5324146302E+01
   1   1   1   6    0.5324146421E+01
   1   1   2   1   -0.1881511074E+02
   1   1   2   2   -0.1881511131E+02
   1   1   2   3    0.1223584501E+02
   1   1   2   4    0.7351248434E+01
   1   1   2   5    0.7140228897E+01
   1   1   2   6    0.7140229139E+01
   1   1   3   1   -0.1881511065E+02
   1   1   3   2   -0.1881511094E+02
   1   1   3   3    0.1223584531E+02
   1   1   3   4    0.7351248610E+01
   1   1   3   5    0.7140228844E+01
   1   1   3   6    0.7140229021E+01
   1   1   4   1    0.4192737177E+02
   1   1   4   2    0.4192737217E+02
   1   1   4   3    0.9474063735E+01
   1   1   4   4    0.9474063390E+01
   1   1   4   5    0.8367356815E+01
   1   1   4   6    0.8367350367E+01
   1   1   5   1   -0.1881510997E+02
   1   1   5   2   -0.1881511087E+02
   1   1   5   3    0.1223584580E+02
   1   1   5   4    0.7351248907E+01
   1   1   5   5    0.7140228763E+01
   1   1   5   6    0.7140228815E+01
   1   1   6   1    0.4192737278E+02
   1   1   6   2    0.4192737181E+02
   1   1   6   3    0.9474063579E+01
   1   1   6   4    0.9474063692E+01
   1   1   6   5    0.8367356891E+01
   1   1   6   6    0.8367350033E+01
   1   1   7   1    0.4192737272E+02
   1   1   7   2    0.4192737242E+02
   1   1   7   3    0.9474063587E+01
   1   1   7   4    0.9474063808E+01
   1   1   7   5    0.8367356477E+01
   1   1   7   6    0.8367350229E+01
   1   1   8   1   -0.1881511075E+02
   1   1   8   2   -0.1881510974E+02
   1   1   8   3    0.1223584602E+02
   1   1   8   4    0.7351249039E+01
   1   1   8   5    0.7140228588E+01
   1   1   8   6    0.7140228861E+01
   1   2   1   1    0.0000000000E+00
   1   2   1   2    0.0000000000E+00
   1   2   1   3    0.0000000000E+00
   1   2   1   4    0.1082188751E+03
   1   2   1   5    0.1294312242E+03
   1   2   1   6    0.6737663474E+02
   1   2   2   1   -0.3545977202E+03
   1   2   2   2   -0.2309569219E+03
   1   2   2   3    0.3202082991E+03
   1   2   2   4    0.1923799096E+03
   1   2   2   5    0.1389597889E+03
   1   2   2   6    0.8325491085E+02
   1   2   3   1   -0.3084305930E+03
   1   2   3   2   -0.2402500193E+03
   1   2   3   3    0.3441882237E+03
   1   2   3   4    0.2067869557E+03
   1   2   3   5    0.1195681719E+03
   1   2   3   6    0.8865304053E+02
   1   2   4   1    0.8518093929E+03
   1   2   4   2    0.1132616020E+04
   1   2   4   3    0.2242040353E+03
   1   2   4   4    0.2242040479E+03
   1   2   4   5    0.8334834367E+02
   1   2   4   6    0.8334827832E+02
   1   2   5   1   -0.6014040194E+03
   1   2   5   2   -0.2624677891E+03
   1   2   5   3    0.1392130381E+03
   1   2   5   4    0.8363865573E+02
   1   2   5   5    0.1542281316E+03
   1   2   5   6    0.1736063706E+03
   1   2   6   1    0.6992377150E+03
   1   2   6   2    0.6835676944E+03
   1   2   6   3    0.1562318985E+03
   1   2   6   4    0.1562319104E+03
   1   2   6   5    0.2034123636E+03
   1   2   6   6    0.2034122201E+03
   1   2   7   1    0.7594931157E+03
   1   2   7   2    0.6774150532E+03
   1   2   7   3    0.1576776021E+03
   1   2   7   4    0.1670114658E+03
   1   2   7   5    0.1926152005E+03
   1   2   7   6    0.1926150458E+03
   1   2   8   1   -0.3612245543E+03
   1   2   8   2   -0.5151757876E+03
   1   2   8   3    0.1310654804E+03
   1   2   8   4    0.7874363449E+02
   1   2   8   5    0.1713011373E+03
   1   2   8   6    0.1612878730E+03
   1   3   1   1    0.0000000000E+00
   1   3   1   2    0.0000000000E+00
   1   3   1   3    0.0000000000E+00
   1   3   1   4    0.5770312328E+02
   1   3   1   5    0.9038490704E+02
   1   3   1   6    0.1569389401E+03
   1   3   2   1   -0.2468053148E+03
   1   3   2   2   -0.5358845791E+03
   1   3   2   3    0.1920078161E+03
   1   3   2   4    0.1153575545E+03
   1   3   2   5    0.1451362471E+03
   1   3   2   6    0.1518901742E+03
   1   3   3   1   -0.5515448488E+03
   1   3   3   2   -0.2504983957E+03
   1   3   3   3    0.1794219424E+03
   1   3   3   4    0.1077960101E+03
   1   3   3   5    0.2010401088E+03
   1   3   3   6    0.1033308004E+03
   1   3   4   1    0.7493451655E+03
   1   3   4   2    0.6126772370E+03
   1   3   4   3    0.1538837975E+03
   1   3   4   4    0.1538838065E+03
   1   3   4   5    0.2075603619E+03
   1   3   4   6    0.2075602028E+03
   1   3   5   1   -0.2591989444E+03
   1   3   5   2   -0.6028211229E+03
   1   3   5   3    0.1404178061E+03
   1   3   5   4    0.8436247564E+02
   1   3   5   5    0.1759341136E+03
   1   3   5   6    0.1511976631E+03
   1   3   6   1    0.9786769737E+03
   1   3   6   2    0.7116179919E+03
   1   3   6   3    0.1909726478E+03
   1   3   6   4    0.1909726350E+03
   1   3   6   5    0.1420476988E+03
   1   3   6   6    0.1420475991E+03
   1   3   7   1    0.4990900978E+03
   1   3   7   2    0.1252735248E+04
   1   3   7   3    0.2407765714E+03
   1   3   7   4    0.1550723431E+03
   1   3   7   5    0.1297682178E+03
   1   3   7   6    0.1297681147E+03
   1   3   8   1   -0.2213903935E+03
   1   3   8   2   -0.2063660334E+03
   1   3   8   3    0.4228282012E+03
   1   3   8   4    0.2540335505E+03
   1   3   8   5    0.8022147145E+02
   1   3   8   6    0.8210969144E+02
   1   4   1   1    0.0000000000E+00
   1   4   1   2    0.0000000000E+00
   1   4   1   3    0.0000000000E+00
   1   4   1   4    0.1391043082E+03
   1   4   1   5    0.8521093832E+02
   1   4   1   6    0.8071197203E+02
   1   4   2   1   -0.4765404829E+03
   1   4   2   2   -0.3111137058E+03
   1   4   2   3    0.1887800056E+03
   1   4   2   4    0.1134182984E+03
   1   4   2   5    0.1249763551E+03
   1   4   2   6    0.1739339882E+03
   1   4   3   1   -0.2179596107E+03
   1   4   3   2   -0.5872043757E+03
   1   4   3   3    0.1773930313E+03
   1   4   3   4    0.1065770482E+03
   1   4   3   5    0.8846139668E+02
   1   4   3   6    0.2170938166E+03
   1   4   4   1    0.8009281841E+03
   1   4   4   2    0.6567689058E+03
   1   4   4   3    0.1646932997E+03
   1   4   4   4    0.1646933095E+03
   1   4   4   5    0.1884671645E+03
   1   4   4   6    0.1884670064E+03
   1   4   5   1   -0.2173289106E+03
   1   4   5   2   -0.2126496980E+03
   1   4   5   3    0.4213836420E+03
   1   4   5   4    0.2531656649E+03
   1   4   5   5    0.7890658027E+02
   1   4   5   6    0.8426788810E+02
   1   4   6   1    0.7241593417E+03
   1   4   6   2    0.1006882310E+04
   1   4   6   3    0.1955762793E+03
   1   4   6   4    0.1955762748E+03
   1   4   6   5    0.1339163593E+03
   1   4   6   6    0.1339162656E+03
   1   4   7   1    0.1143497741E+04
   1   4   7   2    0.4719101407E+03
   1   4   7   3    0.1443254224E+03
   1   4   7   4    0.2206980987E+03
   1   4   7   5    0.1569931568E+03
   1   4   7   6    0.1569930225E+03
   1   4   8   1   -0.4953297985E+03
   1   4   8   2   -0.3563853890E+03
   1   4   8   3    0.1471198473E+03
   1   4   8   4    0.8838903615E+02
   1   4   8   5    0.1575456728E+03
   1   4   8   6    0.1656754599E+03
   1   5   1   1    0.0000000000E+00
   1   5   1   2    0.0000000000E+00
   1   5   1   3    0.0000000000E+00
   1   5   1   4    0.6676094458E+02
   1   5   1   5    0.8127615550E+02
   1   5   1   6    0.1259400358E+03
   1   5   2   1   -0.3663769065E+03
   1   5   2   2   -0.2483377845E+03
   1   5   2   3    0.2298873724E+03
   1   5   2   4    0.1381154456E+03
   1   5   2   5    0.1435640291E+03
   1   5   2   6    0.8971674549E+02
   1   5   3   1   -0.4506593444E+03
   1   5   3   2   -0.2340730401E+03
   1   5   3   3    0.1843534555E+03
   1   5   3   4    0.1107588441E+03
   1   5   3   5    0.1737554135E+03
   1   5   3   6    0.8609668283E+02
   1   5   4   1    0.5137551255E+03
   1   5   4   2    0.5058821080E+03
   1   5   4   3    0.1152004898E+03
   1   5   4   4    0.1152004990E+03
   1   5   4   5    0.2270919421E+03
   1   5   4   6    0.2270917663E+03
   1   5   5   1   -0.2112157993E+03
   1   5   5   2   -0.4562057494E+03
   1   5   5   3    0.1956110408E+03
   1   5   5   4    0.1175223580E+03
   1   5   5   5    0.1538068014E+03
   1   5   5   6    0.9947592989E+02
   1   5   6   1    0.7530812438E+03
   1   5   6   2    0.7644288469E+03
   1   5   6   3    0.1714510981E+03
   1   5   6   4    0.1714510773E+03
   1   5   6   5    0.1277325111E+03
   1   5   6   6    0.1277324151E+03
   1   5   7   1    0.7872989973E+03
   1   5   7   2    0.9906647637E+03
   1   5   7   3    0.2124409559E+03
   1   5   7   4    0.1893142912E+03
   1   5   7   5    0.7575432679E+02
   1   5   7   6    0.7575426710E+02
   1   5   8   1   -0.3461654604E+03
   1   5   8   2   -0.2688684770E+03
   1   5   8   3    0.2296797600E+03
   1   5   8   4    0.1379907129E+03
   1   5   8   5    0.1104700113E+03
   1   5   8   6    0.1229319155E+03
   1   6   1   1    0.0000000000E+00
   1   6   1   2    0.0000000000E+00
   1   6   1   3    0.0000000000E+00
   1   6   1   4    0.7192184444E+02
   1   6   1   5    0.1259499896E+03
   1   6   1   6    0.7611165244E+02
   1   6   2   1   -0.4008821575E+03
   1   6   2   2   -0.1663615614E+03
   1   6   2   3    0.2607732968E+03
   1   6   2   4    0.1566715897E+03
   1   6   2   5    0.1423653377E+03
   1   6   2   6    0.7290046946E+02
   1   6   3   1   -0.3155913586E+03
   1   6   3   2   -0.1826573405E+03
   1   6   3   3    0.3056421482E+03
   1   6   3   4    0.1836286224E+03
   1   6   3   5    0.1212649660E+03
   1   6   3   6    0.6781761852E+02
   1   6   4   1    0.6862704445E+03
   1   6   4   2    0.8952305469E+03
   1   6   4   3    0.1786808911E+03
   1   6   4   4    0.1786809041E+03
   1   6   4   5    0.1149719650E+03
   1   6   4   6    0.1149718755E+03
   1   6   5   1   -0.4578859745E+03
   1   6   5   2   -0.2821722561E+03
   1   6   5   3    0.1483885378E+03
   1   6   5   4    0.8915126050E+02
   1   6   5   5    0.1448092790E+03
   1   6   5   6    0.1360386653E+03
   1   6   6   1    0.5933829245E+03
   1   6   6   2    0.5723730815E+03
   1   6   6   3    0.1317092630E+03
   1   6   6   4    0.1317092624E+03
   1   6   6   5    0.1979413083E+03
   1   6   6   6    0.1979411569E+03
   1   6   7   1    0.8714907781E+03
   1   6   7   2    0.6964633304E+03
   1   6   7   3    0.1671983249E+03
   1   6   7   4    0.1871023667E+03
   1   6   7   5    0.1176754885E+03
   1   6   7   6    0.1176753953E+03
   1   6   8   1   -0.4060000453E+03
   1   6   8   2   -0.3704117140E+03
   1   6   8   3    0.1247471056E+03
   1   6   8   4    0.7494757931E+02
   1   6   8   5    0.1244717763E+03
   1   6   8   6    0.1701721282E+03
   1   7   1   1    0.0000000000E+00
   1   7   1   2    0.0000000000E+00
   1   7   1   3    0.0000000000E+00
   1   7   1   4    0.1352928986E+03
   1   7   1   5    0.6675765000E+02
   1   7   1   6    0.7193820663E+02
   1   7   2   1   -0.2009867567E+03
   1   7   2   2   -0.5535218776E+03
   1   7   2   3    0.1390032578E+03
   1   7   2   4    0.8351262049E+02
   1   7   2   5    0.8151939946E+02
   1   7   2   6    0.2048123920E+03
   1   7   3   1   -0.2019971053E+03
   1   7   3   2   -0.5514691759E+03
   1   7   3   3    0.1396811209E+03
   1   7   3   4    0.8391987806E+02
   1   7   3   5    0.7242417345E+02
   1   7   3   6    0.2135120509E+03
   1   7   4   1    0.9575488454E+03
   1   7   4   2    0.7564839760E+03
   1   7   4   3    0.1936545847E+03
   1   7   4   4    0.1936545915E+03
   1   7   4   5    0.8853115289E+02
   1   7   4   6    0.8853107670E+02
   1   7   5   1   -0.2991462732E+03
   1   7   5   2   -0.2298705258E+03
   1   7   5   3    0.2856451416E+03
   1   7   5   4    0.1716144980E+03
   1   7   5   5    0.6882777352E+02
   1   7   5   6    0.1319311322E+03
   1   7   6   1    0.8111520368E+03
   1   7   6   2    0.8207820232E+03
   1   7   6   3    0.1843789163E+03
   1   7   6   4    0.1843789211E+03
   1   7   6   5    0.1049154201E+03
   1   7   6   6    0.1049153479E+03
   1   7   7   1    0.4988237409E+03
   1   7   7   2    0.4705034665E+03
   1   7   7   3    0.1079060945E+03
   1   7   7   4    0.1111266554E+03
   1   7   7   5    0.2371504852E+03
   1   7   7   6    0.2371502673E+03
   1   7   8   1   -0.2160755458E+03
   1   7   8   2   -0.3289447995E+03
   1   7   8   3    0.2752377130E+03
   1   7   8   4    0.1653617551E+03
   1   7   8   5    0.1324925271E+03
   1   7   8   6    0.7433963461E+02
   1   8   1   1    0.0000000000E+00
   1   8   1   2    0.0000000000E+00
   1   8   1   3    0.0000000000E+00
   1   8   1   4    0.5526400305E+01
   1   8   1   5    0.5526395157E+01
   1   8   1   6    0.5526401143E+01
   1   8   2   1   -0.1952985545E+02
   1   8   2   2   -0.1952986344E+02
   1   8   2   3    0.1270065267E+02
   1   8   2   4    0.7630503082E+01
   1   8   2   5    0.7411471687E+01
   1   8   2   6    0.7411472378E+01
   1   8   3   1   -0.1952984996E+02
   1   8   3   2   -0.1952986435E+02
   1   8   3   3    0.1270065565E+02
   1   8   3   4    0.7630504870E+01
   1   8   3   5    0.7411468513E+01
   1   8   3   6    0.7411473816E+01
   1   8   4   1    0.4352009038E+02
   1   8   4   2    0.4352009338E+02
   1   8   4   3    0.9833962161E+01
   1   8   4   4    0.9833958689E+01
   1   8   4   5    0.8685218924E+01
   1   8   4   6    0.8685209518E+01
   1   8   5   1   -0.1952985021E+02
   1   8   5   2   -0.1952985259E+02
   1   8   5   3    0.1270066314E+02
   1   8   5   4    0.7630509367E+01
   1   8   5   5    0.7411466470E+01
   1   8   5   6    0.7411471490E+01
   1   8   6   1    0.4352012428E+02
   1   8   6   2    0.4352010608E+02
   1   8   6   3    0.9833963650E+01
   1   8   6   4    0.9833967733E+01
   1   8   6   5    0.8685209082E+01
   1   8   6   6    0.8685200756E+01
   1   8   7   1    0.4352010015E+02
   1   8   7   2    0.4352008916E+02
   1   8   7   3    0.9833960676E+01
   1   8   7   4    0.9833961429E+01
   1   8   7   5    0.8685214210E+01
   1   8   7   6    0.8685212017E+01
   1   8   8   1   -0.1952985399E+02
   1   8   8   2   -0.1952985103E+02
   1   8   8   3    0.1270066170E+02
   1   8   8   4    0.7630508502E+01
   1   8   8   5    0.7411470024E+01
   1   8   8   6    0.7411468776E+01
   2   1   1   1    0.0000000000E+00
   2   1   1   2    0.0000000000E+00
   2   1   1   3    0.0000000000E+00
   2   1   1   4    0.1576612868E+02
   2   1   1   5    0.1240237108E+02
   2   1   1   6    0.9038614385E+01
   2   1   2   1   -0.2828600556E+02
   2   1   2   2   -0.2828600650E+02
   2   1   2   3    0.4871871915E+02
   2   1   2   4    0.2927001833E+02
   2   1   2   5    0.1073438048E+02
   2   1   2   6    0.1073438054E+02
   2   1   3   1   -0.6107521706E+02
   2   1   3   2   -0.3694476942E+02
   2   1   3   3    0.2176426627E+02
   2   1   3   4    0.1307588713E+02
   2   1   3   5    0.2412727254E+02
   2   1   3   6    0.1307076211E+02
   2   1   4   1    0.8806558311E+02
   2   1   4   2    0.1072704629E+03
   2   1   4   3    0.2206942622E+02
   2   1   4   4    0.2206942696E+02
   2   1   4   5    0.1949139959E+02
   2   1   4   6    0.1949138508E+02
   2   1   5   1   -0.4281564198E+02
   2   1   5   2   -0.5520434433E+02
   2   1   5   3    0.2176426637E+02
   2   1   5   4    0.1307588719E+02
   2   1   5   5    0.2512253579E+02
   2   1   5   6    0.1207549880E+02
   2   1   6   1    0.8432893183E+02
   2   1   6   2    0.1110071159E+03
   2   1   6   3    0.2206942693E+02
   2   1   6   4    0.2206942664E+02
   2   1   6   5    0.1949139886E+02
   2   1   6   6    0.1949138513E+02
   2   1   7   1    0.6323692058E+02
   2   1   7   2    0.1320991217E+03
   2   1   7   3    0.2598491767E+02
   2   1   7   4    0.1815393467E+02
   2   1   7   5    0.1949140059E+02
   2   1   7   6    0.1949138556E+02
   2   1   8   1   -0.2837518484E+02
   2   1   8   2   -0.6964480186E+02
   2   1   8   3    0.2176426612E+02
   2   1   8   4    0.1307588704E+02
   2   1   8   5    0.2593200846E+02
   2   1   8   6    0.1126602628E+02
   2   2   1   1    0.0000000000E+00
   2   2   1   2    0.0000000000E+00
   2   2   1   3    0.0000000000E+00
   2   2   1   4    0.4585821174E+02
   2   2   1   5    0.3561649769E+02
   2   2   1   6    0.2537478014E+02
   2   2   2   1   -0.7854173486E+02
   2   2   2   2   -0.7854173778E+02
   2   2   2   3    0.1434047921E+03
   2   2   2   4    0.8615704535E+02
   2   2   2   5    0.2980614733E+02
   2   2   2   6    0.2980614877E+02
   2   2   3   1   -0.1783758825E+03
   2   2   3   2   -0.1049052885E+03
   2   2   3   3    0.6133588615E+02
   2   2   3   4    0.3685036354E+02
   2   2   3   5    0.7058382720E+02
   2   2   3   6    0.3691978707E+02
   2   2   4   1    0.2512412475E+03
   2   2   4   2    0.3097148333E+03
   2   2   4   3    0.6337785140E+02
   2   2   4   4    0.6337785293E+02
   2   2   4   5    0.5597440664E+02
   2   2   4   6    0.5597436151E+02
   2   2   5   1   -0.1227804840E+03
   2   2   5   2   -0.1605006877E+03
   2   2   5   3    0.6133588573E+02
   2   2   5   4    0.3685036329E+02
   2   2   5   5    0.7361413089E+02
   2   2   5   6    0.3388948362E+02
   2   2   6   1    0.2398641671E+03
   2   2   6   2    0.3210918993E+03
   2   2   6   3    0.6337785007E+02
   2   2   6   4    0.6337785101E+02
   2   2   6   5    0.5597440734E+02
   2   2   6   6    0.5597436656E+02
   2   2   7   1    0.1756447903E+03
   2   2   7   2    0.3853112893E+03
   2   2   7   3    0.7529944926E+02
   2   2   7   4    0.5145625481E+02
   2   2   7   5    0.5597440605E+02
   2   2   7   6    0.5597436256E+02
   2   2   8   1   -0.7881326210E+02
   2   2   8   2   -0.2044679053E+03
   2   2   8   3    0.6133588852E+02
   2   2   8   4    0.3685036497E+02
   2   2   8   5    0.7607874894E+02
   2   2   8   6    0.3142486394E+02
   2   3   1   1    0.0000000000E+00
   2   3   1   2    0.0000000000E+00
   2   3   1   3    0.0000000000E+00
   2   3   1   4    0.7923490591E+02
   2   3   1   5    0.5329812722E+02
   2   3   1   6    0.1402918403E+03
   2   3   2   1   -0.2611444756E+03
   2   3   2   2   -0.5365883304E+03
   2   3   2   3    0.1082188983E+03
   2   3   2   4    0.6501749621E+02
   2   3   2   5    0.1613940190E+03
   2   3   2   6    0.1413411030E+03
   2   3   3   1   -0.2785540331E+03
   2   3   3   2   -0.3054078495E+03
   2   3   3   3    0.2472384371E+03
   2   3   3   4    0.1485398982E+03
   2   3   3   5    0.9911611515E+02
   2   3   3   6    0.1224941413E+03
   2   3   4   1    0.7537806053E+03
   2   3   4   2    0.6646574058E+03
   2   3   4   3    0.1602577473E+03
   2   3   4   4    0.1602577356E+03
   2   3   4   5    0.1456932423E+03
   2   3   4   6    0.1456931191E+03
   2   3   5   1   -0.4100566937E+03
   2   3   5   2   -0.3335292139E+03
   2   3   5   3    0.1434317173E+03
   2   3   5   4    0.8617322189E+02
   2   3   5   5    0.8094155776E+02
   2   3   5   6    0.2012451202E+03
   2   3   6   1    0.1029025576E+04
   2   3   6   2    0.6997360106E+03
   2   3   6   3    0.1953186653E+03
   2   3   6   4    0.1953186770E+03
   2   3   6   5    0.8376261764E+02
   2   3   6   6    0.8376255691E+02
   2   3   7   1    0.5050594453E+03
   2   3   7   2    0.6447040302E+03
   2   3   7   3    0.1378425605E+03
   2   3   7   4    0.1219622337E+03
   2   3   7   5    0.1993120452E+03
   2   3   7   6    0.1993118884E+03
   2   3   8   1   -0.2291260682E+03
   2   3   8   2   -0.2166372197E+03
   2   3   8   3    0.3371117677E+03
   2   3   8   4    0.2025354482E+03
   2   3   8   5    0.7934915483E+02
   2   3   8   6    0.8981551071E+02
   2   4   1   1    0.0000000000E+00
   2   4   1   2    0.0000000000E+00
   2   4   1   3    0.0000000000E+00
   2   4   1   4    0.6910983859E+02
   2   4   1   5    0.1285852242E+03
   2   4   1   6    0.7512983832E+02
   2   4   2   1   -0.5365886899E+03
   2   4   2   2   -0.2611442691E+03
   2   4   2   3    0.1082188624E+03
   2   4   2   4    0.6501747466E+02
   2   4   2   5    0.1413412895E+03
   2   4   2   6    0.1613938905E+03
   2   4   3   1   -0.1922525959E+03
   2   4   3   2   -0.4059920528E+03
   2   4   3   3    0.2379501300E+03
   2   4   3   4    0.1429595192E+03
   2   4   3   5    0.7008462982E+02
   2   4   3   6    0.1569458562E+03
   2   4   4   1    0.7742821087E+03
   2   4   4   2    0.6719231996E+03
   2   4   4   3    0.1633949314E+03
   2   4   4   4    0.1633949524E+03
   2   4   4   5    0.1401518250E+03
   2   4   4   6    0.1401517065E+03
   2   4   5   1   -0.2428089558E+03
   2   4   5   2   -0.1958130730E+03
   2   4   5   3    0.3417559359E+03
   2   4   5   4    0.2053256466E+03
   2   4   5   5    0.7833598288E+02
   2   4   5   6    0.8811861491E+02
   2   4   6   1    0.5362933345E+03
   2   4   6   2    0.5995865387E+03
   2   4   6   3    0.1283338040E+03
   2   4   6   4    0.1283338003E+03
   2   4   6   5    0.2020828055E+03
   2   4   6   6    0.2020826550E+03
   2   4   7   1    0.1270558457E+04
   2   4   7   2    0.4443198699E+03
   2   4   7   3    0.1467703575E+03
   2   4   7   4    0.2407298723E+03
   2   4   7   5    0.8653331774E+02
   2   4   7   6    0.8653324681E+02
   2   4   8   1   -0.5677179207E+03
   2   4   8   2   -0.1687265876E+03
   2   4   8   3    0.1480759767E+03
   2   4   8   4    0.8896347500E+02
   2   4   8   5    0.7185752023E+02
   2   4   8   6    0.2076190368E+03
   2   5   1   1    0.0000000000E+00
   2   5   1   2    0.0000000000E+00
   2   5   1   3    0.0000000000E+00
   2   5   1   4    0.7819983822E+02
   2   5   1   5    0.7971873715E+02
   2   5   1   6    0.9703736030E+02
   2   5   2   1   -0.2678242104E+03
   2   5   2   2   -0.4612748712E+03
   2   5   2   3    0.1117867601E+03
   2   5   2   4    0.6716105382E+02
   2   5   2   5    0.1163041452E+03
   2   5   2   6    0.1603848636E+03
   2   5   3   1   -0.2609756138E+03
   2   5   3   2   -0.3564800342E+03
   2   5   3   3    0.1843907345E+03
   2   5   3   4    0.1107812412E+03
   2   5   3   5    0.9245237817E+02
   2   5   3   6    0.1418685743E+03
   2   5   4   1    0.7810816426E+03
   2   5   4   2    0.6464977386E+03
   2   5   4   3    0.1612905391E+03
   2   5   4   4    0.1612905615E+03
   2   5   4   5    0.1157863443E+03
   2   5   4   6    0.1157862281E+03
   2   5   5   1   -0.2896711406E+03
   2   5   5   2   -0.2959312742E+03
   2   5   5   3    0.2051055339E+03
   2   5   5   4    0.1232266127E+03
   2   5   5   5    0.8650861752E+02
   2   5   5   6    0.1357242117E+03
   2   5   6   1    0.7629669220E+03
   2   5   6   2    0.6170168044E+03
   2   5   6   3    0.1559130990E+03
   2   5   6   4    0.1559131120E+03
   2   5   6   5    0.1252848779E+03
   2   5   6   6    0.1252848148E+03
   2   5   7   1    0.6011043565E+03
   2   5   7   2    0.6068617173E+03
   2   5   7   3    0.1368056109E+03
   2   5   7   4    0.1361508571E+03
   2   5   7   5    0.1596140996E+03
   2   5   7   6    0.1596139622E+03
   2   5   8   1   -0.2688855591E+03
   2   5   8   2   -0.2016080915E+03
   2   5   8   3    0.2799630825E+03
   2   5   8   4    0.1682007388E+03
   2   5   8   5    0.7811560520E+02
   2   5   8   6    0.1004340942E+03
   2   6   1   1    0.0000000000E+00
   2   6   1   2    0.0000000000E+00
   2   6   1   3    0.0000000000E+00
   2   6   1   4    0.6397588135E+02
   2   6   1   5    0.9025202829E+02
   2   6   1   6    0.1007281397E+03
   2   6   2   1   -0.4612795294E+03
   2   6   2   2   -0.2678201385E+03
   2   6   2   3    0.1117866400E+03
   2   6   2   4    0.6716098165E+02
   2   6   2   5    0.1603850464E+03
   2   6   2   6    0.1163041849E+03
   2   6   3   1   -0.1971719577E+03
   2   6   3   2   -0.3010728380E+03
   2   6   3   3    0.2619162148E+03
   2   6   3   4    0.1573582504E+03
   2   6   3   5    0.7356566519E+02
   2   6   3   6    0.1155154380E+03
   2   6   4   1    0.6367759630E+03
   2   6   4   2    0.6126645637E+03
   2   6   4   3    0.1411640810E+03
   2   6   4   4    0.1411641073E+03
   2   6   4   5    0.1513373137E+03
   2   6   4   6    0.1513371746E+03
   2   6   5   1   -0.3193649626E+03
   2   6   5   2   -0.2107282569E+03
   2   6   5   3    0.2412045431E+03
   2   6   5   4    0.1449147581E+03
   2   6   5   5    0.7128549826E+02
   2   6   5   6    0.1298819030E+03
   2   6   6   1    0.6857641226E+03
   2   6   6   2    0.6112713846E+03
   2   6   6   3    0.1465414606E+03
   2   6   6   4    0.1465414650E+03
   2   6   6   5    0.1418388563E+03
   2   6   6   6    0.1418387809E+03
   2   6   7   1    0.1021931828E+04
   2   6   7   2    0.4471231097E+03
   2   6   7   3    0.1332930359E+03
   2   6   7   4    0.1986600343E+03
   2   6   7   5    0.1075093228E+03
   2   6   7   6    0.1075092357E+03
   2   6   8   1   -0.4594818187E+03
   2   6   8   2   -0.1857323639E+03
   2   6   8   3    0.1663390613E+03
   2   6   8   4    0.9993586568E+02
   2   6   8   5    0.7299167094E+02
   2   6   8   6    0.1718634896E+03
   2   7   1   1    0.0000000000E+00
   2   7   1   2    0.0000000000E+00
   2   7   1   3    0.0000000000E+00
   2   7   1   4    0.1266141681E+02
   2   7   1   5    0.8111554047E+01
   2   7   1   6    0.3561690615E+01
   2   7   2   1   -0.7641933142E+01
   2   7   2   2   -0.7641932295E+01
   2   7   2   3    0.4598602199E+02
   2   7   2   4    0.2762822443E+02
   2   7   2   5    0.2900069385E+01
   2   7   2   6    0.2900071755E+01
   2   7   3   1   -0.5199305449E+02
   2   7   3   2   -0.1935389439E+02
   2   7   3   3    0.9527069238E+01
   2   7   3   4    0.5723826408E+01
   2   7   3   5    0.2101547399E+02
   2   7   3   6    0.6060292615E+01
   2   7   4   1    0.5088963371E+02
   2   7   4   2    0.7686648658E+02
   2   7   4   3    0.1443413106E+02
   2   7   4   4    0.1443411294E+02
   2   7   4   5    0.1274799403E+02
   2   7   4   6    0.1274801368E+02
   2   7   5   1   -0.2729490600E+02
   2   7   5   2   -0.4405203387E+02
   2   7   5   3    0.9527075095E+01
   2   7   5   4    0.5723829927E+01
   2   7   5   5    0.2236168033E+02
   2   7   5   6    0.4714082857E+01
   2   7   6   1    0.4583539433E+02
   2   7   6   2    0.8192072384E+02
   2   7   6   3    0.1443412900E+02
   2   7   6   4    0.1443411452E+02
   2   7   6   5    0.1274802325E+02
   2   7   6   6    0.1274798531E+02
   2   7   7   1    0.1730610784E+02
   2   7   7   2    0.1104500134E+03
   2   7   7   3    0.1973025318E+02
   2   7   7   4    0.9137991035E+01
   2   7   7   5    0.1274800662E+02
   2   7   7   6    0.1274800069E+02
   2   7   8   1   -0.7762559143E+01
   2   7   8   2   -0.6358438776E+02
   2   7   8   3    0.9527070521E+01
   2   7   8   4    0.5723827179E+01
   2   7   8   5    0.2345658379E+02
   2   7   8   6    0.3619182068E+01
   2   8   1   1    0.0000000000E+00
   2   8   1   2    0.0000000000E+00
   2   8   1   3    0.0000000000E+00
   2   8   1   4    0.1290086579E+03
   2   8   1   5    0.9393157915E+02
   2   8   1   6    0.5885448076E+02
   2   8   2   1   -0.1698651970E+03
   2   8   2   2   -0.1698652054E+03
   2   8   2   3    0.4266814047E+03
   2   8   2   4    0.2563485402E+03
   2   8   2   5    0.6446288772E+02
   2   8   2   6    0.6446289299E+02
   2   8   3   1   -0.5117894611E+03
   2   8   3   2   -0.2601583343E+03
   2   8   3   3    0.1456017254E+03
   2   8   3   4    0.8747695437E+02
   2   8   3   5    0.2041232999E+03
   2   8   3   6    0.8882655528E+02
   2   8   4   1    0.6395724487E+03
   2   8   4   2    0.8398399867E+03
   2   8   4   3    0.1671467420E+03
   2   8   4   4    0.1671467467E+03
   2   8   4   5    0.1476215627E+03
   2   8   4   6    0.1476214976E+03
   2   8   5   1   -0.3213795143E+03
   2   8   5   2   -0.4505682943E+03
   2   8   5   3    0.1456017168E+03
   2   8   5   4    0.8747694918E+02
   2   8   5   5    0.2145018585E+03
   2   8   5   6    0.7844800168E+02
   2   8   6   1    0.6006066929E+03
   2   8   6   2    0.8788056483E+03
   2   8   6   3    0.1671467605E+03
   2   8   6   4    0.1671467069E+03
   2   8   6   5    0.1476216248E+03
   2   8   6   6    0.1476214731E+03
   2   8   7   1    0.3806604121E+03
   2   8   7   2    0.1098751990E+04
   2   8   7   3    0.2079772676E+03
   2   8   7   4    0.1263162135E+03
   2   8   7   5    0.1476216168E+03
   2   8   7   6    0.1476214569E+03
   2   8   8   1   -0.1707951582E+03
   2   8   8   2   -0.6011526346E+03
   2   8   8   3    0.1456017271E+03
   2   8   8   4    0.8747695537E+02
   2   8   8   5    0.2229429847E+03
   2   8   8   6    0.7000686953E+02
   3   1   1   1    0.0000000000E+00
   3   1   1   2    0.0000000000E+00
   3   1   1   3    0.0000000000E+00
   3   1   1   4    0.2152630379E+02
   3   1   1   5    0.1573063585E+02
   3   1   1   6    0.4251961073E+02
   3   1   2   1   -0.1203780447E+03
   3   1   2   2   -0.7153631201E+02
   3   1   2   3    0.5853512022E+02
   3   1   2   4    0.3516765905E+02
   3   1   2   5    0.4942609539E+02
   3   1   2   6    0.2340429840E+02
   3   1   3   1   -0.1159953802E+03
   3   1   3   2   -0.7591897880E+02
   3   1   3   3    0.5853511873E+02
   3   1   3   4    0.3516765815E+02
   3   1   3   5    0.4559664425E+02
   3   1   3   6    0.2723375042E+02
   3   1   4   1    0.1275522741E+03
   3   1   4   2    0.1202035750E+03
   3   1   4   3    0.2799191459E+02
   3   1   4   4    0.2799191515E+02
   3   1   4   5    0.2410178921E+02
   3   1   4   6    0.1277613965E+03
   3   1   5   1   -0.6332259710E+02
   3   1   5   2   -0.1206617832E+03
   3   1   5   3    0.6369214365E+02
   3   1   5   4    0.3826597881E+02
   3   1   5   5    0.3601902726E+02
   3   1   5   6    0.3380198501E+02
   3   1   6   1    0.1518670066E+03
   3   1   6   2    0.3524911675E+03
   3   1   6   3    0.8154477147E+02
   3   1   6   4    0.3242187744E+02
   3   1   6   5    0.1627682937E+02
   3   1   6   6    0.3316725634E+02
   3   1   7   1    0.2639796244E+03
   3   1   7   2    0.2403785512E+03
   3   1   7   3    0.3571660769E+02
   3   1   7   4    0.7825004157E+02
   3   1   7   5    0.1627682955E+02
   3   1   7   6    0.3316725552E+02
   3   1   8   1   -0.1096767781E+03
   3   1   8   2   -0.7430760156E+02
   3   1   8   3    0.6369214409E+02
   3   1   8   4    0.3826597907E+02
   3   1   8   5    0.3244848259E+02
   3   1   8   6    0.3737252942E+02
   3   2   1   1    0.0000000000E+00
   3   2   1   2    0.0000000000E+00
   3   2   1   3    0.0000000000E+00
   3   2   1   4    0.2152630425E+02
   3   2   1   5    0.1573063543E+02
   3   2   1   6    0.4251961180E+02
   3   2   2   1   -0.1220394848E+03
   3   2   2   2   -0.6194482643E+02
   3   2   2   3    0.6369211910E+02
   3   2   2   4    0.3826599435E+02
   3   2   2   5    0.5091909258E+02
   3   2   2   6    0.1890194809E+02
   3   2   3   1   -0.1166470660E+03
   3   2   3   2   -0.6733724298E+02
   3   2   3   3    0.6369212061E+02
   3   2   3   4    0.3826599525E+02
   3   2   3   5    0.4620734445E+02
   3   2   3   6    0.2361369534E+02
   3   2   4   1    0.1202035843E+03
   3   2   4   2    0.1275522836E+03
   3   2   4   3    0.2799191263E+02
   3   2   4   4    0.2799191225E+02
   3   2   4   5    0.1277614993E+03
   3   2   4   6    0.2410177049E+02
   3   2   5   1   -0.7265605463E+02
   3   2   5   2   -0.1192582323E+03
   3   2   5   3    0.5853509613E+02
   3   2   5   4    0.3516767486E+02
   3   2   5   5    0.3731615698E+02
   3   2   5   6    0.3551426496E+02
   3   2   6   1    0.3524912394E+03
   3   2   6   2    0.1518670186E+03
   3   2   6   3    0.3242187688E+02
   3   2   6   4    0.8154475847E+02
   3   2   6   5    0.3316728201E+02
   3   2   6   6    0.1627681541E+02
   3   2   7   1    0.2403785898E+03
   3   2   7   2    0.2639796645E+03
   3   2   7   3    0.7825002856E+02
   3   2   7   4    0.3571660596E+02
   3   2   7   5    0.3316728241E+02
   3   2   7   6    0.1627681648E+02
   3   2   8   1   -0.1103302220E+03
   3   2   8   2   -0.8158406911E+02
   3   2   8   3    0.5853509340E+02
   3   2   8   4    0.3516767322E+02
   3   2   8   5    0.3441420966E+02
   3   2   8   6    0.3841621387E+02
   3   3   1   1    0.0000000000E+00
   3   3   1   2    0.0000000000E+00
   3   3   1   3    0.0000000000E+00
   3   3   1   4    0.8331769573E+02
   3   3   1   5    0.9361863608E+02
   3   3   1   6    0.4600522325E+02
   3   3   2   1   -0.2026215646E+03
   3   3   2   2   -0.3779489772E+03
   3   3   2   3    0.1348030592E+03
   3   3   2   4    0.8098915741E+02
   3   3   2   5    0.6345631076E+02
   3   3   2   6    0.1568669509E+03
   3   3   3   1   -0.2183540349E+03
   3   3   3   2   -0.3622164991E+03
   3   3   3   3    0.1348030642E+03
   3   3   3   4    0.8098916043E+02
   3   3   3   5    0.7720292284E+02
   3   3   3   6    0.1431203359E+03
   3   3   4   1    0.7427763178E+03
   3   3   4   2    0.7317073195E+03
   3   3   4   3    0.1773475110E+03
   3   3   4   4    0.1558322483E+03
   3   3   4   5    0.5611237883E+02
   3   3   4   6    0.5611233428E+02
   3   3   5   1   -0.2436792874E+03
   3   3   5   2   -0.2262271937E+03
   3   3   5   3    0.2067701275E+03
   3   3   5   4    0.1242266942E+03
   3   3   5   5    0.8882604214E+02
   3   3   5   6    0.8950082972E+02
   3   3   6   1    0.5311733455E+03
   3   3   6   2    0.4872378374E+03
   3   3   6   3    0.1096831514E+03
   3   3   6   4    0.1204407971E+03
   3   3   6   5    0.1566307729E+03
   3   3   6   6    0.1376286984E+03
   3   3   7   1    0.5117898823E+03
   3   3   7   2    0.5066213500E+03
   3   3   7   3    0.1104046931E+03
   3   3   7   4    0.1197192614E+03
   3   3   7   5    0.1376287948E+03
   3   3   7   6    0.1566306467E+03
   3   3   8   1   -0.2295706645E+03
   3   3   8   2   -0.2403358242E+03
   3   3   8   3    0.2067701226E+03
   3   3   8   4    0.1242266912E+03
   3   3   8   5    0.8991278878E+02
   3   3   8   6    0.8841408596E+02
   3   4   1   1    0.0000000000E+00
   3   4   1   2    0.0000000000E+00
   3   4   1   3    0.0000000000E+00
   3   4   1   4    0.8331770394E+02
   3   4   1   5    0.9361863961E+02
   3   4   1   6    0.4600522381E+02
   3   4   2   1   -0.2258078729E+03
   3   4   2   2   -0.2440986156E+03
   3   4   2   3    0.2067701510E+03
   3   4   2   4    0.1242267082E+03
   3   4   2   5    0.8429097959E+02
   3   4   2   6    0.9403589508E+02
   3   4   3   1   -0.2274491451E+03
   3   4   3   2   -0.2424573553E+03
   3   4   3   3    0.2067701432E+03
   3   4   3   4    0.1242267036E+03
   3   4   3   5    0.8572507502E+02
   3   4   3   6    0.9260180417E+02
   3   4   4   1    0.7317073886E+03
   3   4   4   2    0.7427763402E+03
   3   4   4   3    0.1558322489E+03
   3   4   4   4    0.1773475311E+03
   3   4   4   5    0.5611237980E+02
   3   4   4   6    0.5611233540E+02
   3   4   5   1   -0.3739293995E+03
   3   4   5   2   -0.2066411840E+03
   3   4   5   3    0.1348030603E+03
   3   4   5   4    0.8098915808E+02
   3   4   5   5    0.1069275060E+03
   3   4   5   6    0.1133957715E+03
   3   4   6   1    0.4872378094E+03
   3   4   6   2    0.5311734539E+03
   3   4   6   3    0.1204407944E+03
   3   4   6   4    0.1096831671E+03
   3   4   6   5    0.1376287996E+03
   3   4   6   6    0.1566306682E+03
   3   4   7   1    0.5066213710E+03
   3   4   7   2    0.5117898831E+03
   3   4   7   3    0.1197192820E+03
   3   4   7   4    0.1104046826E+03
   3   4   7   5    0.1566307869E+03
   3   4   7   6    0.1376286947E+03
   3   4   8   1   -0.2386901488E+03
   3   4   8   2   -0.3418804402E+03
   3   4   8   3    0.1348030567E+03
   3   4   8   4    0.8098915591E+02
   3   4   8   5    0.1173446510E+03
   3   4   8   6    0.1029786286E+03
   3   5   1   1    0.0000000000E+00
   3   5   1   2    0.0000000000E+00
   3   5   1   3    0.0000000000E+00
   3   5   1   4    0.8278202219E+01
   3   5   1   5    0.3685622845E+01
   3   5   1   6    0.2491363597E+02
   3   5   2   1   -0.6740654639E+02
   3   5   2   2   -0.8091070095E+01
   3   5   2   3    0.3565343242E+02
   3   5   2   4    0.2142043725E+02
   3   5   2   5    0.3012644584E+02
   3   5   2   6   -0.1475537275E+01
   3   5   3   1   -0.6208404510E+02
   3   5   3   2   -0.1341356795E+02
   3   5   3   3    0.3565343466E+02
   3   5   3   4    0.2142043860E+02
   3   5   3   5    0.2547579437E+02
   3   5   3   6    0.3175112881E+01
   3   5   4   1    0.1847478049E+02
   3   5   4   2    0.3957338275E+02
   3   5   4   3    0.6558388678E+01
   3   5   4   4    0.6558388802E+01
   3   5   4   5    0.1518385595E+02
   3   5   4   6    0.7755922944E+02
   3   5   5   1   -0.3624799445E+02
   3   5   5   2   -0.6201711885E+02
   3   5   5   3    0.2084727051E+02
   3   5   5   4    0.1252495235E+02
   3   5   5   5    0.1914370908E+02
   3   5   5   6    0.1814733672E+02
   3   5   6   1    0.6064169867E+02
   3   5   6   2    0.2007422631E+03
   3   5   6   3    0.4668348238E+02
   3   5   6   4    0.1237981003E+02
   3   5   6   5    0.4901063551E+01
   3   5   6   6    0.6683481835E+01
   3   5   7   1    0.1389325843E+03
   3   5   7   2    0.1224513855E+03
   3   5   7   3    0.1468059749E+02
   3   5   7   4    0.4438269673E+02
   3   5   7   5    0.4901062065E+01
   3   5   7   6    0.6683480130E+01
   3   5   8   1   -0.5708029188E+02
   3   5   8   2   -0.4118482474E+02
   3   5   8   3    0.2084726835E+02
   3   5   8   4    0.1252495106E+02
   3   5   8   5    0.1753905089E+02
   3   5   8   6    0.1975199617E+02
   3   6   1   1    0.0000000000E+00
   3   6   1   2    0.0000000000E+00
   3   6   1   3    0.0000000000E+00
   3   6   1   4    0.8278202705E+01
   3   6   1   5    0.3685621417E+01
   3   6   1   6    0.2491363582E+02
   3   6   2   1   -0.6263627186E+02
   3   6   2   2   -0.3562880766E+02
   3   6   2   3    0.2084725542E+02
   3   6   2   4    0.1252495782E+02
   3   6   2   5    0.2584003122E+02
   3   6   2   6    0.1145102797E+02
   3   6   3   1   -0.6021283830E+02
   3   6   3   2   -0.3805224170E+02
   3   6   3   3    0.2084725511E+02
   3   6   3   4    0.1252495763E+02
   3   6   3   5    0.2372249874E+02
   3   6   3   6    0.1356856063E+02
   3   6   4   1    0.3957338585E+02
   3   6   4   2    0.1847477342E+02
   3   6   4   3    0.6558387090E+01
   3   6   4   4    0.6558388530E+01
   3   6   4   5    0.7755929095E+02
   3   6   4   6    0.1518384159E+02
   3   6   5   1   -0.9450948037E+01
   3   6   5   2   -0.6604662800E+02
   3   6   5   3    0.3565342167E+02
   3   6   5   4    0.2142044533E+02
   3   6   5   5    0.1541960713E+02
   3   6   5   6    0.1323131229E+02
   3   6   6   1    0.2007423071E+03
   3   6   6   2    0.6064169566E+02
   3   6   6   3    0.1237981122E+02
   3   6   6   4    0.4668347314E+02
   3   6   6   5    0.6683485052E+01
   3   6   6   6    0.4901057222E+01
   3   6   7   1    0.1224513994E+03
   3   6   7   2    0.1389325949E+03
   3   6   7   3    0.4438268647E+02
   3   6   7   4    0.1468059599E+02
   3   6   7   5    0.6683487998E+01
   3   6   7   6    0.4901057625E+01
   3   6   8   1   -0.5520406386E+02
   3   6   8   2   -0.2029351163E+02
   3   6   8   3    0.3565342202E+02
   3   6   8   4    0.2142044554E+02
   3   6   8   5    0.1189535861E+02
   3   6   8   6    0.1675556061E+02
   3   7   1   1    0.0000000000E+00
   3   7   1   2    0.0000000000E+00
   3   7   1   3    0.0000000000E+00
   3   7   1   4    0.1956137600E+03
   3   7   1   5    0.2172698243E+03
   3   7   1   6    0.1171702560E+03
   3   7   2   1   -0.5065179320E+03
   3   7   2   2   -0.8191447710E+03
   3   7   2   3    0.3560538668E+03
   3   7   2   4    0.2139157882E+03
   3   7   2   5    0.1682603678E+03
   3   7   2   6    0.3348211866E+03
   3   7   3   1   -0.5345705710E+03
   3   7   3   2   -0.7910921511E+03
   3   7   3   3    0.3560538543E+03
   3   7   3   4    0.2139157807E+03
   3   7   3   5    0.1927719932E+03
   3   7   3   6    0.3103095685E+03
   3   7   4   1    0.2084362084E+04
   3   7   4   2    0.1337614793E+04
   3   7   4   3    0.3155665734E+03
   3   7   4   4    0.4576759392E+03
   3   7   4   5    0.1501088225E+03
   3   7   4   6    0.1501087032E+03
   3   7   5   1   -0.6309947800E+03
   3   7   5   2   -0.5409001147E+03
   3   7   5   3    0.4560521707E+03
   3   7   5   4    0.2739943830E+03
   3   7   5   5    0.2206219859E+03
   3   7   5   6    0.2241055485E+03
   3   7   6   1    0.1086480580E+04
   3   7   6   2    0.1376677140E+04
   3   7   6   3    0.3138194155E+03
   3   7   6   4    0.2427647680E+03
   3   7   6   5    0.2787038521E+03
   3   7   6   6    0.4042125009E+03
   3   7   7   1    0.1214509736E+04
   3   7   7   2    0.1248647921E+04
   3   7   7   3    0.3090537374E+03
   3   7   7   4    0.2475304658E+03
   3   7   7   5    0.4042127971E+03
   3   7   7   6    0.2787036480E+03
   3   7   8   1   -0.5581604139E+03
   3   7   8   2   -0.6137345096E+03
   3   7   8   3    0.4560521520E+03
   3   7   8   4    0.2739943718E+03
   3   7   8   5    0.2262322646E+03
   3   7   8   6    0.2184952807E+03
   3   8   1   1    0.0000000000E+00
   3   8   1   2    0.0000000000E+00
   3   8   1   3    0.0000000000E+00
   3   8   1   4    0.1956137460E+03
   3   8   1   5    0.2172698218E+03
   3   8   1   6    0.1171702587E+03
   3   8   2   1   -0.5387345570E+03
   3   8   2   2   -0.6331637968E+03
   3   8   2   3    0.4560498895E+03
   3   8   2   4    0.2739930125E+03
   3   8   2   5    0.1972095023E+03
   3   8   2   6    0.2475193448E+03
   3   8   3   1   -0.5472078621E+03
   3   8   3   2   -0.6246904809E+03
   3   8   3   3    0.4560498965E+03
   3   8   3   4    0.2739930167E+03
   3   8   3   5    0.2046132688E+03
   3   8   3   6    0.2401155741E+03
   3   8   4   1    0.1337618020E+04
   3   8   4   2    0.2084358737E+04
   3   8   4   3    0.4576759091E+03
   3   8   4   4    0.3155665762E+03
   3   8   4   5    0.1501088246E+03
   3   8   4   6    0.1501087060E+03
   3   8   5   1   -0.8119733208E+03
   3   8   5   2   -0.5136858810E+03
   3   8   5   3    0.3560561120E+03
   3   8   5   4    0.2139171371E+03
   3   8   5   5    0.2457734254E+03
   3   8   5   6    0.2573068003E+03
   3   8   6   1    0.1376676927E+04
   3   8   6   2    0.1086480629E+04
   3   8   6   3    0.2427647428E+03
   3   8   6   4    0.3138194376E+03
   3   8   6   5    0.4042127869E+03
   3   8   6   6    0.2787036552E+03
   3   8   7   1    0.1248647988E+04
   3   8   7   2    0.1214509736E+04
   3   8   7   3    0.2475304881E+03
   3   8   7   4    0.3090536965E+03
   3   8   7   5    0.2787038499E+03
   3   8   7   6    0.4042124579E+03
   3   8   8   1   -0.5708315999E+03
   3   8   8   2   -0.7548276150E+03
   3   8   8   3    0.3560561034E+03
   3   8   8   4    0.2139171320E+03
   3   8   8   5    0.2643479376E+03
   3   8   8   6    0.2387322932E+03
