 iks ibn en[eV] re[meV] im[meV]
   1   1   -0.2560750406E+02   -0.1507636771E+03    0.1586641475E+01
   1   2   -0.3290556535E+01   -0.1400148441E+04    0.2879497913E+02
   1   3   -0.3290556465E+01   -0.1400148459E+04    0.2879495678E+02
   1   4   -0.3290556505E+01   -0.1400148381E+04    0.2879497458E+02
   1   5    0.4296695915E+01   -0.1765739195E+04    0.8369959665E+02
   1   6    0.4296695955E+01   -0.1765739032E+04    0.8369955725E+02
   1   7    0.4296696015E+01   -0.1765739283E+04    0.8369960286E+02
   1   8    0.1153402123E+02   -0.2651772704E+03    0.4409836164E+02
   2   1   -0.2437858904E+02   -0.1640833843E+03    0.4583277518E+02
   2   2   -0.8546983301E+01   -0.1018719607E+04    0.3138547020E+03
   2   3   -0.4681279035E+01   -0.1184050991E+04    0.1047044084E+03
   2   4   -0.4681279045E+01   -0.1184050926E+04    0.1047044388E+03
   2   5    0.6092490785E+01   -0.1742639065E+04    0.2820650863E+03
   2   6    0.6092490785E+01   -0.1742639043E+04    0.2820650248E+03
   2   7    0.6251511365E+01   -0.1255039777E+04    0.3786871114E+03
   2   8    0.1267115013E+02   -0.1130298914E+04    0.9509452275E+02
   3   1   -0.2116782926E+02   -0.1509073893E+03    0.5501543853E+02
   3   2   -0.1520421553E+02   -0.5599149696E+03    0.2759275781E+02
   3   3   -0.6083345600E+01   -0.1214916530E+04    0.9700990162E+02
   3   4   -0.6083345589E+01   -0.1214916406E+04    0.9700987579E+02
   3   5    0.7246214575E+01   -0.2032597028E+04    0.4698700986E+03
   3   6    0.7246214515E+01   -0.2032596860E+04    0.4698699546E+03
   3   7    0.7058879065E+01   -0.8163188082E+03    0.9659371001E+02
   3   8    0.1419356814E+02   -0.1451072305E+04    0.6611989589E+03
   4   1   -0.2389553949E+02   -0.1616140263E+03    0.3225829290E+02
   4   2   -0.6688442711E+01   -0.1141629674E+04    0.7738113616E+02
   4   3   -0.6688442508E+01   -0.1141629638E+04    0.7738107575E+02
   4   4   -0.6781484663E+01   -0.8988691318E+03    0.1897619478E+03
   4   5    0.3184518045E+01   -0.1233784798E+04    0.5758604800E+02
   4   6    0.8925248395E+01   -0.2002610227E+04    0.1741812907E+03
   4   7    0.8925248535E+01   -0.2002609898E+04    0.1741813634E+03
   4   8    0.1029745312E+02   -0.7007722991E+03    0.1960298830E+03
   5   1   -0.2138128809E+02   -0.1748906450E+03    0.1604164499E+03
   5   2   -0.1264665282E+02   -0.6971961965E+03    0.1459138089E+03
   5   3   -0.8388879771E+01   -0.9613563508E+03    0.1334708585E+03
   5   4   -0.7950809055E+01   -0.1109672609E+04    0.1054676440E+03
   5   5    0.4605656445E+01   -0.1242003713E+04    0.2803978412E+03
   5   6    0.9805859385E+01   -0.1279029400E+04    0.4252496011E+03
   5   7    0.1072502899E+02   -0.1702796625E+04    0.1503375607E+04
   5   8    0.1059224180E+02   -0.1892692528E+04    0.9993468888E+03
   6   1   -0.1909291494E+02   -0.2197247705E+03    0.1087296131E+03
   6   2   -0.1600204204E+02   -0.4504417666E+03    0.1003846865E+03
   6   3   -0.1011222564E+02   -0.8379252353E+03    0.2304169107E+03
   6   4   -0.7382360419E+01   -0.1135128991E+04    0.1119717980E+03
   6   5    0.5756478775E+01   -0.1207565802E+04    0.1855540687E+03
   6   6    0.9794820835E+01   -0.2377105462E+04    0.4868831460E+03
   6   7    0.1060431060E+02   -0.1501177851E+04    0.9450551505E+03
   6   8    0.1400602120E+02   -0.2458626348E+04    0.5075189272E+03
   7   1   -0.2250945802E+02   -0.1923142902E+03    0.5964913153E+02
   7   2   -0.1082529865E+02   -0.8503582927E+03    0.5930392520E+02
   7   3   -0.9657548685E+01   -0.9079668634E+03    0.1450278475E+03
   7   4   -0.5443276795E+01   -0.1250425554E+04    0.8185877883E+02
   7   5    0.7408899305E+01   -0.1889940793E+04    0.8712775996E+03
   7   6    0.7223872465E+01   -0.1712291818E+04    0.3701140390E+03
   7   7    0.9157005985E+01   -0.1584373417E+04    0.2647754513E+03
   7   8    0.1221136657E+02   -0.1079983243E+04    0.8298697095E+02
   8   1   -0.1955865813E+02   -0.3695926906E+03    0.4733871854E+02
   8   2   -0.1333496736E+02   -0.6085560933E+03    0.3262916842E+02
   8   3   -0.9559614524E+01   -0.1097002943E+04    0.7958334120E+02
   8   4   -0.9559614389E+01   -0.1097003065E+04    0.7958324265E+02
   8   5    0.2473657835E+01   -0.6454204580E+03    0.3097575990E+02
   8   6    0.4523183605E+01   -0.5710755746E+03    0.1539650928E+03
   8   7    0.1463927850E+02   -0.2436613198E+04    0.1792184090E+03
   8   8    0.1463927890E+02   -0.2436614096E+04    0.1792188084E+03
   9   1   -0.1669002113E+02   -0.3918345746E+03    0.6047977103E+02
   9   2   -0.1604953262E+02   -0.3165703882E+03    0.1749400629E+03
   9   3   -0.1247483880E+02   -0.8463697942E+03    0.5337986834E+02
   9   4   -0.9303887698E+01   -0.1112313443E+04    0.4536932799E+02
   9   5    0.3688544225E+01   -0.6311305241E+03    0.6795287796E+02
   9   6    0.7569316555E+01   -0.9238130247E+03    0.5876921752E+03
   9   7    0.1410926891E+02   -0.2571711518E+04    0.1043892799E+04
   9   8    0.1477623926E+02   -0.2184912326E+04    0.3665639051E+03
  10   1   -0.1846836025E+02   -0.2006347654E+03    0.1027439439E+03
  10   2   -0.1411571678E+02   -0.4720944004E+03    0.9983938067E+02
  10   3   -0.1204836881E+02   -0.7923393445E+03    0.6105413655E+02
  10   4   -0.1003844238E+02   -0.9366374510E+03    0.1320989407E+03
  10   5    0.7619285705E+01   -0.1206443217E+04    0.6144384821E+03
  10   6    0.8475124615E+01   -0.1218204810E+04    0.1689865395E+03
  10   7    0.1044343134E+02   -0.1608882168E+04    0.4864173837E+03
  10   8    0.1394745182E+02   -0.2782639782E+04    0.3428614081E+03
