&input
  flfrc = 'c_welph.frc',
  asr   = 'simple',
  flfrq = 'c_welph.freq',
  q_in_cryst_coord = .true.
/
200
 0.      0.      0.    
 0.      0.01    0.01  
 0.      0.02    0.02  
 0.      0.03    0.03  
 0.      0.04    0.04  
 0.      0.05    0.05  
 0.      0.06    0.06  
 0.      0.07    0.07  
 0.      0.08    0.08  
 0.      0.09    0.09  
 0.      0.1     0.1   
 0.      0.11    0.11  
 0.      0.12    0.12  
 0.      0.13    0.13  
 0.      0.14    0.14  
 0.      0.15    0.15  
 0.      0.16    0.16  
 0.      0.17    0.17  
 0.      0.18    0.18  
 0.      0.19    0.19  
 0.      0.2     0.2   
 0.      0.21    0.21  
 0.      0.22    0.22  
 0.      0.23    0.23  
 0.      0.24    0.24  
 0.      0.25    0.25  
 0.      0.26    0.26  
 0.      0.27    0.27  
 0.      0.28    0.28  
 0.      0.29    0.29  
 0.      0.3     0.3   
 0.      0.31    0.31  
 0.      0.32    0.32  
 0.      0.33    0.33  
 0.      0.34    0.34  
 0.      0.35    0.35  
 0.      0.36    0.36  
 0.      0.37    0.37  
 0.      0.38    0.38  
 0.      0.39    0.39  
 0.      0.4     0.4   
 0.      0.41    0.41  
 0.      0.42    0.42  
 0.      0.43    0.43  
 0.      0.44    0.44  
 0.      0.45    0.45  
 0.      0.46    0.46  
 0.      0.47    0.47  
 0.      0.48    0.48  
 0.      0.49    0.49  
 0.      0.5     0.5   
 0.0075  0.505   0.4975
 0.015   0.51    0.495 
 0.0225  0.515   0.4925
 0.03    0.52    0.49  
 0.0375  0.525   0.4875
 0.045   0.53    0.485 
 0.0525  0.535   0.4825
 0.06    0.54    0.48  
 0.0675  0.545   0.4775
 0.075   0.55    0.475 
 0.0825  0.555   0.4725
 0.09    0.56    0.47  
 0.0975  0.565   0.4675
 0.105   0.57    0.465 
 0.1125  0.575   0.4625
 0.12    0.58    0.46  
 0.1275  0.585   0.4575
 0.135   0.59    0.455 
 0.1425  0.595   0.4525
 0.15    0.6     0.45  
 0.1575  0.605   0.4475
 0.165   0.61    0.445 
 0.1725  0.615   0.4425
 0.18    0.62    0.44  
 0.1875  0.625   0.4375
 0.195   0.63    0.435 
 0.2025  0.635   0.4325
 0.21    0.64    0.43  
 0.2175  0.645   0.4275
 0.225   0.65    0.425 
 0.2325  0.655   0.4225
 0.24    0.66    0.42  
 0.2475  0.665   0.4175
 0.255   0.67    0.415 
 0.2625  0.675   0.4125
 0.27    0.68    0.41  
 0.2775  0.685   0.4075
 0.285   0.69    0.405 
 0.2925  0.695   0.4025
 0.3     0.7     0.4   
 0.3075  0.705   0.3975
 0.315   0.71    0.395 
 0.3225  0.715   0.3925
 0.33    0.72    0.39  
 0.3375  0.725   0.3875
 0.345   0.73    0.385 
 0.3525  0.735   0.3825
 0.36    0.74    0.38  
 0.3675  0.745   0.3775
 0.375   0.75    0.375 
 0.3675  0.735   0.3675
 0.36    0.72    0.36  
 0.3525  0.705   0.3525
 0.345   0.69    0.345 
 0.3375  0.675   0.3375
 0.33    0.66    0.33  
 0.3225  0.645   0.3225
 0.315   0.63    0.315 
 0.3075  0.615   0.3075
 0.3     0.6     0.3   
 0.2925  0.585   0.2925
 0.285   0.57    0.285 
 0.2775  0.555   0.2775
 0.27    0.54    0.27  
 0.2625  0.525   0.2625
 0.255   0.51    0.255 
 0.2475  0.495   0.2475
 0.24    0.48    0.24  
 0.2325  0.465   0.2325
 0.225   0.45    0.225 
 0.2175  0.435   0.2175
 0.21    0.42    0.21  
 0.2025  0.405   0.2025
 0.195   0.39    0.195 
 0.1875  0.375   0.1875
 0.18    0.36    0.18  
 0.1725  0.345   0.1725
 0.165   0.33    0.165 
 0.1575  0.315   0.1575
 0.15    0.3     0.15  
 0.1425  0.285   0.1425
 0.135   0.27    0.135 
 0.1275  0.255   0.1275
 0.12    0.24    0.12  
 0.1125  0.225   0.1125
 0.105   0.21    0.105 
 0.0975  0.195   0.0975
 0.09    0.18    0.09  
 0.0825  0.165   0.0825
 0.075   0.15    0.075 
 0.0675  0.135   0.0675
 0.06    0.12    0.06  
 0.0525  0.105   0.0525
 0.045   0.09    0.045 
 0.0375  0.075   0.0375
 0.03    0.06    0.03  
 0.0225  0.045   0.0225
 0.015   0.03    0.015 
 0.0075  0.015   0.0075
 0.      0.      0.    
 0.01    0.01    0.01  
 0.02    0.02    0.02  
 0.03    0.03    0.03  
 0.04    0.04    0.04  
 0.05    0.05    0.05  
 0.06    0.06    0.06  
 0.07    0.07    0.07  
 0.08    0.08    0.08  
 0.09    0.09    0.09  
 0.1     0.1     0.1   
 0.11    0.11    0.11  
 0.12    0.12    0.12  
 0.13    0.13    0.13  
 0.14    0.14    0.14  
 0.15    0.15    0.15  
 0.16    0.16    0.16  
 0.17    0.17    0.17  
 0.18    0.18    0.18  
 0.19    0.19    0.19  
 0.2     0.2     0.2   
 0.21    0.21    0.21  
 0.22    0.22    0.22  
 0.23    0.23    0.23  
 0.24    0.24    0.24  
 0.25    0.25    0.25  
 0.26    0.26    0.26  
 0.27    0.27    0.27  
 0.28    0.28    0.28  
 0.29    0.29    0.29  
 0.3     0.3     0.3   
 0.31    0.31    0.31  
 0.32    0.32    0.32  
 0.33    0.33    0.33  
 0.34    0.34    0.34  
 0.35    0.35    0.35  
 0.36    0.36    0.36  
 0.37    0.37    0.37  
 0.38    0.38    0.38  
 0.39    0.39    0.39  
 0.4     0.4     0.4   
 0.41    0.41    0.41  
 0.42    0.42    0.42  
 0.43    0.43    0.43  
 0.44    0.44    0.44  
 0.45    0.45    0.45  
 0.46    0.46    0.46  
 0.47    0.47    0.47  
 0.48    0.48    0.48  
 0.49    0.49    0.49  
