Dynamical matrix file
                                                                           
  1    2  2  6.7034255  0.0000000  0.0000000  0.0000000  0.0000000  0.0000000
           1  'C   '    10947.3567922507     
    1    1      0.0000000000     -0.0000000000      0.0000000000
    2    1     -0.2480731097      0.2480731097      0.2480731097

     Dynamical  Matrix in cartesian axes

     q = (    0.503883715  -0.503883715   0.503883715 ) 

    1    1
  0.67261514  0.00000000   -0.09604829  0.00000000    0.09604829  0.00000000
 -0.09604829  0.00000000    0.67261514  0.00000000   -0.09604829  0.00000000
  0.09604829  0.00000000   -0.09604829  0.00000000    0.67261514  0.00000000
    1    2
 -0.64870053  0.00000000   -0.12140727  0.00000000    0.12140727  0.00000000
 -0.12140727  0.00000000   -0.64870053  0.00000000   -0.12140727  0.00000000
  0.12140727  0.00000000   -0.12140727  0.00000000   -0.64870053  0.00000000
    2    1
 -0.64870053  0.00000000   -0.12140727  0.00000000    0.12140727  0.00000000
 -0.12140727  0.00000000   -0.64870053  0.00000000   -0.12140727  0.00000000
  0.12140727  0.00000000   -0.12140727  0.00000000   -0.64870053  0.00000000
    2    2
  0.67261512  0.00000000   -0.09604821  0.00000000    0.09604821  0.00000000
 -0.09604821  0.00000000    0.67261512  0.00000000   -0.09604821  0.00000000
  0.09604821  0.00000000   -0.09604821  0.00000000    0.67261512  0.00000000

     Dynamical  Matrix in cartesian axes

     q = (   -0.503883715  -0.503883715  -0.503883715 ) 

    1    1
  0.67261514  0.00000000    0.09604829  0.00000000    0.09604829  0.00000000
  0.09604829  0.00000000    0.67261514  0.00000000    0.09604829  0.00000000
  0.09604829  0.00000000    0.09604829  0.00000000    0.67261514  0.00000000
    1    2
 -0.64870053 -0.00000000    0.12140727  0.00000000    0.12140727  0.00000000
  0.12140727  0.00000000   -0.64870053 -0.00000000    0.12140727  0.00000000
  0.12140727  0.00000000    0.12140727  0.00000000   -0.64870053 -0.00000000
    2    1
 -0.64870053  0.00000000    0.12140727 -0.00000000    0.12140727 -0.00000000
  0.12140727 -0.00000000   -0.64870053  0.00000000    0.12140727 -0.00000000
  0.12140727 -0.00000000    0.12140727 -0.00000000   -0.64870053  0.00000000
    2    2
  0.67261512  0.00000000    0.09604821  0.00000000    0.09604821  0.00000000
  0.09604821  0.00000000    0.67261512  0.00000000    0.09604821  0.00000000
  0.09604821  0.00000000    0.09604821  0.00000000    0.67261512  0.00000000

     Dynamical  Matrix in cartesian axes

     q = (   -0.503883715   0.503883715   0.503883715 ) 

    1    1
  0.67261514  0.00000000   -0.09604829  0.00000000   -0.09604829  0.00000000
 -0.09604829  0.00000000    0.67261514  0.00000000    0.09604829  0.00000000
 -0.09604829  0.00000000    0.09604829  0.00000000    0.67261514  0.00000000
    1    2
  0.64870053 -0.00000000    0.12140727 -0.00000000    0.12140727 -0.00000000
  0.12140727 -0.00000000    0.64870053 -0.00000000   -0.12140727  0.00000000
  0.12140727 -0.00000000   -0.12140727  0.00000000    0.64870053 -0.00000000
    2    1
  0.64870053  0.00000000    0.12140727  0.00000000    0.12140727  0.00000000
  0.12140727  0.00000000    0.64870053  0.00000000   -0.12140727 -0.00000000
  0.12140727  0.00000000   -0.12140727 -0.00000000    0.64870053  0.00000000
    2    2
  0.67261512  0.00000000   -0.09604821  0.00000000   -0.09604821  0.00000000
 -0.09604821  0.00000000    0.67261512  0.00000000    0.09604821  0.00000000
 -0.09604821  0.00000000    0.09604821  0.00000000    0.67261512  0.00000000

     Dynamical  Matrix in cartesian axes

     q = (    0.503883715   0.503883715  -0.503883715 ) 

    1    1
  0.67261514  0.00000000    0.09604829  0.00000000   -0.09604829  0.00000000
  0.09604829  0.00000000    0.67261514  0.00000000   -0.09604829  0.00000000
 -0.09604829  0.00000000   -0.09604829  0.00000000    0.67261514  0.00000000
    1    2
 -0.64870053 -0.00000000    0.12140727  0.00000000   -0.12140727 -0.00000000
  0.12140727  0.00000000   -0.64870053 -0.00000000   -0.12140727 -0.00000000
 -0.12140727 -0.00000000   -0.12140727 -0.00000000   -0.64870053 -0.00000000
    2    1
 -0.64870053  0.00000000    0.12140727 -0.00000000   -0.12140727  0.00000000
  0.12140727 -0.00000000   -0.64870053  0.00000000   -0.12140727  0.00000000
 -0.12140727  0.00000000   -0.12140727  0.00000000   -0.64870053  0.00000000
    2    2
  0.67261512  0.00000000    0.09604821  0.00000000   -0.09604821  0.00000000
  0.09604821  0.00000000    0.67261512  0.00000000   -0.09604821  0.00000000
 -0.09604821  0.00000000   -0.09604821  0.00000000    0.67261512  0.00000000

     Diagonalizing the dynamical matrix

     q = (    0.503883715  -0.503883715   0.503883715 ) 

 **************************************************************************
     freq (    1) =     -13.832695 [THz] =    -461.409045 [cm-1]
 ( -0.574217  0.000000 -0.235092  0.000000  0.339126  0.000000 ) 
 ( -0.574217  0.000000 -0.235092  0.000000  0.339126  0.000000 ) 
     freq (    2) =     -13.832695 [THz] =    -461.409045 [cm-1]
 ( -0.060064  0.000000 -0.527319  0.000000 -0.467255  0.000000 ) 
 ( -0.060064  0.000000 -0.527319  0.000000 -0.467255  0.000000 ) 
     freq (    3) =      21.298266 [THz] =     710.433671 [cm-1]
 ( -0.408248  0.000000  0.408248  0.000000 -0.408248  0.000000 ) 
 ( -0.408248  0.000000  0.408248  0.000000 -0.408248  0.000000 ) 
     freq (    4) =      35.442506 [THz] =    1182.234737 [cm-1]
 (  0.408248  0.000000 -0.408248  0.000000  0.408248  0.000000 ) 
 ( -0.408248  0.000000  0.408248  0.000000 -0.408248  0.000000 ) 
     freq (    5) =      36.488142 [THz] =    1217.113401 [cm-1]
 (  0.574657  0.000000  0.335572  0.000000 -0.239085  0.000000 ) 
 ( -0.574657  0.000000 -0.335572  0.000000  0.239085  0.000000 ) 
     freq (    6) =      36.488142 [THz] =    1217.113401 [cm-1]
 (  0.055707  0.000000 -0.469814  0.000000 -0.525520  0.000000 ) 
 ( -0.055707  0.000000  0.469814  0.000000  0.525520  0.000000 ) 
 **************************************************************************
