Dynamical matrix file
                                                                           
  1    2  2  6.7034255  0.0000000  0.0000000  0.0000000  0.0000000  0.0000000
           1  'C   '    10947.3567922507     
    1    1      0.0000000000     -0.0000000000      0.0000000000
    2    1     -0.2480731097      0.2480731097      0.2480731097

     Dynamical  Matrix in cartesian axes

     q = (    0.000000000  -1.007767429   0.000000000 ) 

    1    1
  0.40225918  0.00000000    0.00000000  0.00000000   -0.00000000  0.00000000
  0.00000000  0.00000000    0.98078017  0.00000000    0.00000000  0.00000000
 -0.00000000  0.00000000    0.00000000  0.00000000    0.40225918  0.00000000
    1    2
  0.00000000  0.00000000    0.00000000  0.00000000    0.36275214  0.00000000
  0.00000000  0.00000000    0.00000000  0.00000000   -0.00000000  0.00000000
  0.36275214  0.00000000   -0.00000000  0.00000000    0.00000000  0.00000000
    2    1
  0.00000000 -0.00000000   -0.00000000  0.00000000    0.36275214 -0.00000000
  0.00000000  0.00000000   -0.00000000 -0.00000000    0.00000000  0.00000000
  0.36275214 -0.00000000   -0.00000000 -0.00000000    0.00000000 -0.00000000
    2    2
  0.40225914  0.00000000   -0.00000000  0.00000000   -0.00000000  0.00000000
  0.00000000  0.00000000    0.98078018  0.00000000    0.00000000  0.00000000
 -0.00000000  0.00000000    0.00000000  0.00000000    0.40225914  0.00000000

     Dynamical  Matrix in cartesian axes

     q = (    0.000000000  -0.000000000  -1.007767429 ) 

    1    1
  0.40225918  0.00000000   -0.00000000  0.00000000   -0.00000000  0.00000000
 -0.00000000  0.00000000    0.40225918  0.00000000   -0.00000000  0.00000000
 -0.00000000  0.00000000   -0.00000000  0.00000000    0.98078017  0.00000000
    1    2
  0.00000000  0.00000000    0.36275214  0.00000000    0.00000000  0.00000000
  0.36275214  0.00000000    0.00000000  0.00000000    0.00000000  0.00000000
  0.00000000  0.00000000   -0.00000000  0.00000000    0.00000000  0.00000000
    2    1
 -0.00000000 -0.00000000    0.36275214 -0.00000000   -0.00000000  0.00000000
  0.36275214 -0.00000000    0.00000000 -0.00000000    0.00000000  0.00000000
 -0.00000000  0.00000000    0.00000000 -0.00000000   -0.00000000 -0.00000000
    2    2
  0.40225914  0.00000000   -0.00000000  0.00000000    0.00000000  0.00000000
 -0.00000000  0.00000000    0.40225914  0.00000000    0.00000000  0.00000000
  0.00000000  0.00000000    0.00000000  0.00000000    0.98078018  0.00000000

     Dynamical  Matrix in cartesian axes

     q = (    1.007767429   0.000000000   0.000000000 ) 

    1    1
  0.98078017  0.00000000   -0.00000000  0.00000000    0.00000000  0.00000000
 -0.00000000  0.00000000    0.40225918  0.00000000    0.00000000  0.00000000
  0.00000000  0.00000000    0.00000000  0.00000000    0.40225918  0.00000000
    1    2
  0.00000000  0.00000000    0.00000000  0.00000000    0.00000000 -0.00000000
  0.00000000  0.00000000    0.00000000  0.00000000   -0.36275214 -0.00000000
 -0.00000000 -0.00000000   -0.36275214 -0.00000000   -0.00000000  0.00000000
    2    1
 -0.00000000 -0.00000000   -0.00000000 -0.00000000   -0.00000000  0.00000000
 -0.00000000 -0.00000000   -0.00000000 -0.00000000   -0.36275214  0.00000000
  0.00000000  0.00000000   -0.36275214  0.00000000   -0.00000000 -0.00000000
    2    2
  0.98078018  0.00000000    0.00000000  0.00000000    0.00000000  0.00000000
 -0.00000000  0.00000000    0.40225914  0.00000000    0.00000000  0.00000000
  0.00000000  0.00000000    0.00000000  0.00000000    0.40225914  0.00000000

     Diagonalizing the dynamical matrix

     q = (    0.000000000  -1.007767429   0.000000000 ) 

 **************************************************************************
     freq (    1) =       6.249676 [THz] =     208.466768 [cm-1]
 ( -0.611753 -0.000000  0.000000 -0.000000 -0.354624 -0.000000 ) 
 (  0.354624 -0.000000 -0.000000 -0.000000  0.611753  0.000000 ) 
     freq (    2) =       6.249676 [THz] =     208.466768 [cm-1]
 ( -0.354624 -0.000000 -0.000000  0.000000  0.611753  0.000000 ) 
 ( -0.611753  0.000000  0.000000  0.000000  0.354624  0.000000 ) 
     freq (    3) =      27.501370 [THz] =     917.346949 [cm-1]
 ( -0.675527 -0.000000  0.000000  0.000000 -0.208958 -0.000000 ) 
 ( -0.208958 -0.000000  0.000000 -0.000000 -0.675527  0.000000 ) 
     freq (    4) =      27.501370 [THz] =     917.346949 [cm-1]
 ( -0.208958 -0.000000  0.000000 -0.000000  0.675527  0.000000 ) 
 (  0.675527  0.000000  0.000000  0.000000 -0.208958  0.000000 ) 
     freq (    5) =      31.139113 [THz] =    1038.689006 [cm-1]
 (  0.000000  0.000000  1.000000  0.000000  0.000000 -0.000000 ) 
 ( -0.000000 -0.000000 -0.000000  0.000000  0.000000  0.000000 ) 
     freq (    6) =      31.139113 [THz] =    1038.689009 [cm-1]
 ( -0.000000 -0.000000 -0.000000 -0.000000  0.000000 -0.000000 ) 
 ( -0.000000 -0.000000 -1.000000  0.000000 -0.000000  0.000000 ) 
 **************************************************************************
