 ikr ibn iq imode EPCE[meV]
   1   1   1   1    0.0000000000E+00
   1   1   1   2    0.0000000000E+00
   1   1   1   3    0.0000000000E+00
   1   1   1   4   -0.2391441895E+02
   1   1   1   5   -0.2391441906E+02
   1   1   1   6   -0.2391441936E+02
   1   1   2   1                 NaN
   1   1   2   2                 NaN
   1   1   2   3   -0.4827099792E+02
   1   1   2   4   -0.1891245551E+02
   1   1   2   5   -0.1366935020E+02
   1   1   2   6   -0.1366935012E+02
   1   1   3   1                 NaN
   1   1   3   2                 NaN
   1   1   3   3   -0.4827099551E+02
   1   1   3   4   -0.1891245557E+02
   1   1   3   5   -0.1366935020E+02
   1   1   3   6   -0.1366935021E+02
   1   1   4   1   -0.2885764079E+02
   1   1   4   2   -0.2885764141E+02
   1   1   4   3   -0.2263362756E+02
   1   1   4   4   -0.2263362791E+02
   1   1   4   5   -0.2226061602E+02
   1   1   4   6   -0.2226061621E+02
   1   1   5   1                 NaN
   1   1   5   2                 NaN
   1   1   5   3   -0.4827099584E+02
   1   1   5   4   -0.1891245568E+02
   1   1   5   5   -0.1366935034E+02
   1   1   5   6   -0.1366935031E+02
   1   1   6   1   -0.2885764060E+02
   1   1   6   2   -0.2885764097E+02
   1   1   6   3   -0.2263362826E+02
   1   1   6   4   -0.2263362823E+02
   1   1   6   5   -0.2226061607E+02
   1   1   6   6   -0.2226061584E+02
   1   1   7   1   -0.2885764088E+02
   1   1   7   2   -0.2885764061E+02
   1   1   7   3   -0.2263362862E+02
   1   1   7   4   -0.2263362840E+02
   1   1   7   5   -0.2226061591E+02
   1   1   7   6   -0.2226061589E+02
   1   1   8   1                 NaN
   1   1   8   2                 NaN
   1   1   8   3   -0.4827099542E+02
   1   1   8   4   -0.1891245555E+02
   1   1   8   5   -0.1366935024E+02
   1   1   8   6   -0.1366935035E+02
   1   2   1   1    0.0000000000E+00
   1   2   1   2    0.0000000000E+00
   1   2   1   3    0.0000000000E+00
   1   2   1   4   -0.1232487515E+03
   1   2   1   5   -0.1183166978E+03
   1   2   1   6   -0.6840534189E+02
   1   2   2   1                 NaN
   1   2   2   2                 NaN
   1   2   2   3   -0.3475090922E+03
   1   2   2   4   -0.1533335936E+03
   1   2   2   5   -0.6404541810E+02
   1   2   2   6   -0.5647766573E+02
   1   2   3   1                 NaN
   1   2   3   2                 NaN
   1   2   3   3   -0.3755041640E+03
   1   2   3   4   -0.1712738330E+03
   1   2   3   5   -0.6100076240E+02
   1   2   3   6   -0.6054092435E+02
   1   2   4   1   -0.1677502965E+04
   1   2   4   2   -0.4747283016E+03
   1   2   4   3   -0.2717693810E+03
   1   2   4   4   -0.1482135408E+03
   1   2   4   5   -0.6414260944E+02
   1   2   4   6   -0.6414260743E+02
   1   2   5   1                 NaN
   1   2   5   2                 NaN
   1   2   5   3   -0.1361737569E+03
   1   2   5   4   -0.1790242146E+02
   1   2   5   5   -0.1159325114E+03
   1   2   5   6    0.3098838576E+01
   1   2   6   1   -0.7136346759E+03
   1   2   6   2   -0.7095045984E+03
   1   2   6   3   -0.1465012983E+03
   1   2   6   4   -0.1465013056E+03
   1   2   6   5   -0.1878956567E+03
   1   2   6   6   -0.1878956545E+03
   1   2   7   1   -0.8002729661E+03
   1   2   7   2   -0.6884333547E+03
   1   2   7   3   -0.1606678051E+03
   1   2   7   4   -0.1437540991E+03
   1   2   7   5   -0.1767665755E+03
   1   2   7   6   -0.1767665750E+03
   1   2   8   1                 NaN
   1   2   8   2                 NaN
   1   2   8   3   -0.1266619190E+03
   1   2   8   4   -0.1180690097E+02
   1   2   8   5   -0.1287014344E+03
   1   2   8   6    0.1621383842E+02
   1   3   1   1    0.0000000000E+00
   1   3   1   2    0.0000000000E+00
   1   3   1   3    0.0000000000E+00
   1   3   1   4   -0.9521813840E+02
   1   3   1   5   -0.8960912097E+02
   1   3   1   6   -0.1251435294E+03
   1   3   2   1                 NaN
   1   3   2   2                 NaN
   1   3   2   3   -0.1978233584E+03
   1   3   2   4   -0.5740967260E+02
   1   3   2   5   -0.8002401198E+01
   1   3   2   6   -0.1070743857E+03
   1   3   3   1                 NaN
   1   3   3   2                 NaN
   1   3   3   3   -0.1831265013E+03
   1   3   3   4   -0.4799140491E+02
   1   3   3   5   -0.1282579947E+02
   1   3   3   6   -0.1017162467E+03
   1   3   4   1   -0.4063049825E+03
   1   3   4   2   -0.9916449925E+03
   1   3   4   3   -0.1142430621E+03
   1   3   4   4   -0.1743725124E+03
   1   3   4   5   -0.1921711863E+03
   1   3   4   6   -0.1921711833E+03
   1   3   5   1                 NaN
   1   3   5   2                 NaN
   1   3   5   3   -0.1375823320E+03
   1   3   5   4   -0.1880508711E+02
   1   3   5   5    0.1642050087E+01
   1   3   5   6   -0.1145269712E+03
   1   3   6   1   -0.9330878006E+03
   1   3   6   2   -0.8626922934E+03
   1   3   6   3   -0.1789512790E+03
   1   3   6   4   -0.1789512776E+03
   1   3   6   5   -0.1246451390E+03
   1   3   6   6   -0.1246451373E+03
   1   3   7   1   -0.4216540600E+03
   1   3   7   2   -0.1448692724E+04
   1   3   7   3   -0.1077841749E+03
   1   3   7   4   -0.2631050955E+03
   1   3   7   5   -0.1119885036E+03
   1   3   7   6   -0.1119885043E+03
   1   3   8   1                 NaN
   1   3   8   2                 NaN
   1   3   8   3   -0.4673167190E+03
   1   3   8   4   -0.2301105723E+03
   1   3   8   5   -0.4667117825E+02
   1   3   8   6   -0.7821109699E+02
   1   4   1   1    0.0000000000E+00
   1   4   1   2    0.0000000000E+00
   1   4   1   3    0.0000000000E+00
   1   4   1   4   -0.9150390049E+02
   1   4   1   5   -0.1020449703E+03
   1   4   1   6   -0.1164219182E+03
   1   4   2   1                 NaN
   1   4   2   2                 NaN
   1   4   2   3   -0.1940542061E+03
   1   4   2   4   -0.5499427820E+02
   1   4   2   5   -0.1032219484E+03
   1   4   2   6   -0.1171770629E+02
   1   4   3   1                 NaN
   1   4   3   2                 NaN
   1   4   3   3   -0.1807560021E+03
   1   4   3   4   -0.4647231204E+02
   1   4   3   5   -0.1014431968E+03
   1   4   3   6   -0.1301259733E+02
   1   4   4   1   -0.4482304994E+03
   1   4   4   2   -0.1065665150E+04
   1   4   4   3   -0.1226912688E+03
   1   4   4   4   -0.1861176657E+03
   1   4   4   5   -0.1724910435E+03
   1   4   4   6   -0.1724910430E+03
   1   4   5   1                 NaN
   1   4   5   2                 NaN
   1   4   5   3   -0.4656306232E+03
   1   4   5   4   -0.2290300600E+03
   1   4   5   5   -0.6097929464E+02
   1   4   5   6   -0.6384162657E+02
   1   4   6   1   -0.8853159184E+03
   1   4   6   2   -0.9598415132E+03
   1   4   6   3   -0.1832511115E+03
   1   4   6   4   -0.1832511112E+03
   1   4   6   5   -0.1162640343E+03
   1   4   6   6   -0.1162640349E+03
   1   4   7   1   -0.1310111428E+04
   1   4   7   2   -0.3949123539E+03
   1   4   7   3   -0.2402517286E+03
   1   4   7   4   -0.1018445154E+03
   1   4   7   5   -0.1400497492E+03
   1   4   7   6   -0.1400497483E+03
   1   4   8   1                 NaN
   1   4   8   2                 NaN
   1   4   8   3   -0.1454080794E+03
   1   4   8   4   -0.2382010510E+02
   1   4   8   5    0.1028382141E+00
   1   4   8   6   -0.1132725082E+03
   1   5   1   1    0.0000000000E+00
   1   5   1   2    0.0000000000E+00
   1   5   1   3    0.0000000000E+00
   1   5   1   4   -0.9492708672E+02
   1   5   1   5   -0.4764089106E+02
   1   5   1   6   -0.1853327113E+03
   1   5   2   1                 NaN
   1   5   2   2                 NaN
   1   5   2   3   -0.2516802526E+03
   1   5   2   4   -0.1404775484E+03
   1   5   2   5   -0.2322270907E+03
   1   5   2   6   -0.2456202047E+03
   1   5   3   1                 NaN
   1   5   3   2                 NaN
   1   5   3   3   -0.2020905646E+03
   1   5   3   4   -0.1141710749E+03
   1   5   3   5   -0.2249417861E+03
   1   5   3   6   -0.3276394672E+03
   1   5   4   1   -0.4362571880E+03
   1   5   4   2   -0.4552801277E+03
   1   5   4   3   -0.1510582691E+01
   1   5   4   4    0.1306546591E+02
   1   5   4   5   -0.1454856686E+03
   1   5   4   6   -0.1454856602E+03
   1   5   5   1                 NaN
   1   5   5   2                 NaN
   1   5   5   3   -0.2143823708E+03
   1   5   5   4   -0.1206916640E+03
   1   5   5   5   -0.2131844949E+03
   1   5   5   6   -0.3208724399E+03
   1   5   6   1   -0.6698889160E+03
   1   5   6   2   -0.6715763709E+03
   1   5   6   3    0.2512546998E+03
   1   5   6   4    0.2512547397E+03
   1   5   6   5   -0.1001956641E+03
   1   5   6   6   -0.1001956672E+03
   1   5   7   1   -0.7104562811E+03
   1   5   7   2   -0.8663416761E+03
   1   5   7   3    0.2917275202E+03
   1   5   7   4    0.4675732578E+03
   1   5   7   5   -0.7650707317E+02
   1   5   7   6   -0.7650707042E+02
   1   5   8   1                 NaN
   1   5   8   2                 NaN
   1   5   8   3   -0.2514532061E+03
   1   5   8   4   -0.1403571094E+03
   1   5   8   5   -0.2092099638E+03
   1   5   8   6   -0.2689795039E+03
   1   6   1   1    0.0000000000E+00
   1   6   1   2    0.0000000000E+00
   1   6   1   3    0.0000000000E+00
   1   6   1   4   -0.1588099798E+03
   1   6   1   5   -0.8577545210E+02
   1   6   1   6   -0.8331526641E+02
   1   6   2   1                 NaN
   1   6   2   2                 NaN
   1   6   2   3   -0.2853003906E+03
   1   6   2   4   -0.1583124548E+03
   1   6   2   5   -0.2246753287E+03
   1   6   2   6   -0.2025048969E+03
   1   6   3   1                 NaN
   1   6   3   2                 NaN
   1   6   3   3   -0.3341509291E+03
   1   6   3   4   -0.1842268146E+03
   1   6   3   5   -0.1414258525E+03
   1   6   3   6   -0.2121344170E+03
   1   6   4   1   -0.9513501599E+03
   1   6   4   2   -0.4479047248E+03
   1   6   4   3    0.4756630182E+03
   1   6   4   4    0.8990533228E+02
   1   6   4   5   -0.9437856808E+02
   1   6   4   6   -0.9437857292E+02
   1   6   5   1                 NaN
   1   6   5   2                 NaN
   1   6   5   3   -0.1629463376E+03
   1   6   5   4   -0.9340573008E+02
   1   6   5   5   -0.3505311143E+03
   1   6   5   6   -0.2610423266E+03
   1   6   6   1   -0.5133252636E+03
   1   6   6   2   -0.5102097115E+03
   1   6   6   3    0.7779431345E+02
   1   6   6   4    0.7779433171E+02
   1   6   6   5   -0.1321987193E+03
   1   6   6   6   -0.1321987211E+03
   1   6   7   1   -0.7605901819E+03
   1   6   7   2   -0.6264208240E+03
   1   6   7   3    0.3517785837E+03
   1   6   7   4    0.2004295553E+03
   1   6   7   5   -0.9561104200E+02
   1   6   7   6   -0.9561104703E+02
   1   6   8   1                 NaN
   1   6   8   2                 NaN
   1   6   8   3   -0.1372088403E+03
   1   6   8   4   -0.7975242215E+02
   1   6   8   5   -0.3654832012E+03
   1   6   8   6   -0.2848778852E+03
   1   7   1   1    0.0000000000E+00
   1   7   1   2    0.0000000000E+00
   1   7   1   3    0.0000000000E+00
   1   7   1   4   -0.7416362046E+02
   1   7   1   5   -0.1944843723E+03
   1   7   1   6   -0.5925271418E+02
   1   7   2   1                 NaN
   1   7   2   2                 NaN
   1   7   2   3   -0.1527241986E+03
   1   7   2   4   -0.8798305958E+02
   1   7   2   5   -0.3091007359E+03
   1   7   2   6   -0.3178780506E+03
   1   7   3   1                 NaN
   1   7   3   2                 NaN
   1   7   3   3   -0.1534633598E+03
   1   7   3   4   -0.8837517390E+02
   1   7   3   5   -0.3996355111E+03
   1   7   3   6   -0.2262291993E+03
   1   7   4   1   -0.5172931674E+03
   1   7   4   2   -0.1001715581E+04
   1   7   4   3    0.1625300991E+03
   1   7   4   4    0.5337117798E+03
   1   7   4   5   -0.8232411298E+02
   1   7   4   6   -0.8232411975E+02
   1   7   5   1                 NaN
   1   7   5   2                 NaN
   1   7   5   3   -0.3123761267E+03
   1   7   5   4   -0.1726756643E+03
   1   7   5   5   -0.2022875235E+03
   1   7   5   6   -0.1840883184E+03
   1   7   6   1   -0.7216861609E+03
   1   7   6   2   -0.7231143535E+03
   1   7   6   3    0.3076335166E+03
   1   7   6   4    0.3076335285E+03
   1   7   6   5   -0.8979392841E+02
   1   7   6   6   -0.8979392832E+02
   1   7   7   1   -0.4338538996E+03
   1   7   7   2   -0.4121378603E+03
   1   7   7   3   -0.6823567267E+01
   1   7   7   4   -0.3132025969E+02
   1   7   7   5   -0.1500703439E+03
   1   7   7   6   -0.1500703596E+03
   1   7   8   1                 NaN
   1   7   8   2                 NaN
   1   7   8   3   -0.3010428071E+03
   1   7   8   4   -0.1666635357E+03
   1   7   8   5   -0.1913099797E+03
   1   7   8   6   -0.2121457310E+03
   1   8   1   1    0.0000000000E+00
   1   8   1   2    0.0000000000E+00
   1   8   1   3    0.0000000000E+00
   1   8   1   4   -0.1911137393E+02
   1   8   1   5   -0.1911137319E+02
   1   8   1   6   -0.1911137435E+02
   1   8   2   1                 NaN
   1   8   2   2                 NaN
   1   8   2   3   -0.3308858078E+03
   1   8   2   4   -0.7744382521E+02
   1   8   2   5   -0.1816442104E+02
   1   8   2   6   -0.1816443334E+02
   1   8   3   1                 NaN
   1   8   3   2                 NaN
   1   8   3   3   -0.3308856870E+03
   1   8   3   4   -0.7744381858E+02
   1   8   3   5   -0.1816443363E+02
   1   8   3   6   -0.1816443556E+02
   1   8   4   1   -0.2030971603E+03
   1   8   4   2   -0.2030971548E+03
   1   8   4   3   -0.2551085300E+03
   1   8   4   4   -0.2551085349E+03
   1   8   4   5   -0.9351456817E+02
   1   8   4   6   -0.9351455147E+02
   1   8   5   1                 NaN
   1   8   5   2                 NaN
   1   8   5   3   -0.3308857023E+03
   1   8   5   4   -0.7744381691E+02
   1   8   5   5   -0.1816443465E+02
   1   8   5   6   -0.1816443274E+02
   1   8   6   1   -0.2030971514E+03
   1   8   6   2   -0.2030971633E+03
   1   8   6   3   -0.2551085162E+03
   1   8   6   4   -0.2551084874E+03
   1   8   6   5   -0.9351456686E+02
   1   8   6   6   -0.9351457666E+02
   1   8   7   1   -0.2030971669E+03
   1   8   7   2   -0.2030971639E+03
   1   8   7   3   -0.2551085185E+03
   1   8   7   4   -0.2551085507E+03
   1   8   7   5   -0.9351455878E+02
   1   8   7   6   -0.9351456009E+02
   1   8   8   1                 NaN
   1   8   8   2                 NaN
   1   8   8   3   -0.3308856939E+03
   1   8   8   4   -0.7744381697E+02
   1   8   8   5   -0.1816443431E+02
   1   8   8   6   -0.1816443385E+02
   2   1   1   1    0.0000000000E+00
   2   1   1   2    0.0000000000E+00
   2   1   1   3    0.0000000000E+00
   2   1   1   4   -0.4060011927E+02
   2   1   1   5   -0.4060011932E+02
   2   1   1   6   -0.4060011934E+02
   2   1   2   1                 NaN
   2   1   2   2                 NaN
   2   1   2   3   -0.4468958532E+02
   2   1   2   4   -0.9990475934E+01
   2   1   2   5   -0.2287319584E+02
   2   1   2   6   -0.2287319583E+02
   2   1   3   1                 NaN
   2   1   3   2                 NaN
   2   1   3   3   -0.9599422417E+02
   2   1   3   4   -0.4008070515E+02
   2   1   3   5   -0.3292469729E+02
   2   1   3   6   -0.3493632599E+02
   2   1   4   1   -0.1093901651E+03
   2   1   4   2   -0.5550243922E+02
   2   1   4   3   -0.7462974484E+02
   2   1   4   4   -0.4732256049E+02
   2   1   4   5   -0.4239346397E+02
   2   1   4   6   -0.4239346199E+02
   2   1   5   1                 NaN
   2   1   5   2                 NaN
   2   1   5   3   -0.9599422517E+02
   2   1   5   4   -0.4008070518E+02
   2   1   5   5   -0.3350113666E+02
   2   1   5   6   -0.3435988653E+02
   2   1   6   1   -0.8014282650E+02
   2   1   6   2   -0.8474977786E+02
   2   1   6   3   -0.6097615292E+02
   2   1   6   4   -0.6097615500E+02
   2   1   6   5   -0.4239346484E+02
   2   1   6   6   -0.4239346301E+02
   2   1   7   1   -0.5170761407E+02
   2   1   7   2   -0.1131849898E+03
   2   1   7   3   -0.3804443382E+02
   2   1   7   4   -0.8390787305E+02
   2   1   7   5   -0.4239346218E+02
   2   1   7   6   -0.4239346232E+02
   2   1   8   1                 NaN
   2   1   8   2                 NaN
   2   1   8   3   -0.9599422491E+02
   2   1   8   4   -0.4008070523E+02
   2   1   8   5   -0.3507687838E+02
   2   1   8   6   -0.3278414540E+02
   2   2   1   1    0.0000000000E+00
   2   2   1   2    0.0000000000E+00
   2   2   1   3    0.0000000000E+00
   2   2   1   4   -0.5215943625E+02
   2   2   1   5   -0.5215943583E+02
   2   2   1   6   -0.5215943708E+02
   2   2   2   1                 NaN
   2   2   2   2                 NaN
   2   2   2   3   -0.1547255280E+03
   2   2   2   4   -0.9350470418E+02
   2   2   2   5   -0.3453702669E+02
   2   2   2   6   -0.3453702675E+02
   2   2   3   1                 NaN
   2   2   3   2                 NaN
   2   2   3   3   -0.1346612498E+03
   2   2   3   4   -0.1068203261E+03
   2   2   3   5   -0.4960639586E+02
   2   2   3   6   -0.1790291980E+03
   2   2   4   1   -0.3624433016E+03
   2   2   4   2   -0.1569848485E+03
   2   2   4   3   -0.5059622209E+02
   2   2   4   4   -0.4893326353E+02
   2   2   4   5   -0.4154948255E+02
   2   2   4   6   -0.4154948346E+02
   2   2   5   1                 NaN
   2   2   5   2                 NaN
   2   2   5   3   -0.1346612480E+03
   2   2   5   4   -0.1068203249E+03
   2   2   5   5   -0.8669297560E+02
   2   2   5   6   -0.1419426197E+03
   2   2   6   1   -0.2509315910E+03
   2   2   6   2   -0.2684965664E+03
   2   2   6   3   -0.4976474169E+02
   2   2   6   4   -0.4976474790E+02
   2   2   6   5   -0.4154948233E+02
   2   2   6   6   -0.4154947843E+02
   2   2   7   1   -0.1425162655E+03
   2   2   7   2   -0.3769118941E+03
   2   2   7   3   -0.4836824084E+02
   2   2   7   4   -0.5116124983E+02
   2   2   7   5   -0.4154947951E+02
   2   2   7   6   -0.4154947832E+02
   2   2   8   1                 NaN
   2   2   8   2                 NaN
   2   2   8   3   -0.1346612465E+03
   2   2   8   4   -0.1068203229E+03
   2   2   8   5   -0.1880719410E+03
   2   2   8   6   -0.4056364851E+02
   2   3   1   1    0.0000000000E+00
   2   3   1   2    0.0000000000E+00
   2   3   1   3    0.0000000000E+00
   2   3   1   4   -0.7890838491E+02
   2   3   1   5   -0.1076747158E+03
   2   3   1   6   -0.9432621393E+02
   2   3   2   1                 NaN
   2   3   2   2                 NaN
   2   3   2   3   -0.1433236593E+03
   2   3   2   4   -0.1248751436E+03
   2   3   2   5   -0.1759953353E+03
   2   3   2   6   -0.3338361601E+03
   2   3   3   1                 NaN
   2   3   3   2                 NaN
   2   3   3   3   -0.2372128866E+03
   2   3   3   4   -0.1141617751E+03
   2   3   3   5   -0.1031932842E+03
   2   3   3   6   -0.1123344443E+03
   2   3   4   1   -0.5004905145E+03
   2   3   4   2   -0.8017955140E+03
   2   3   4   3   -0.1601375413E+03
   2   3   4   4   -0.1828761370E+03
   2   3   4   5   -0.1435251439E+03
   2   3   4   6   -0.1435251498E+03
   2   3   5   1                 NaN
   2   3   5   2                 NaN
   2   3   5   3   -0.1318733193E+03
   2   3   5   4   -0.3294999752E+02
   2   3   5   5   -0.1400517479E+03
   2   3   5   6   -0.1245954457E+03
   2   3   6   1   -0.8475918189E+03
   2   3   6   2   -0.7791516443E+03
   2   3   6   3   -0.1951758579E+03
   2   3   6   4   -0.1951758685E+03
   2   3   6   5   -0.9193403773E+02
   2   3   6   6   -0.9193403867E+02
   2   3   7   1   -0.4360023699E+03
   2   3   7   2   -0.5853737951E+03
   2   3   7   3   -0.1228348396E+03
   2   3   7   4   -0.1791943897E+03
   2   3   7   5   -0.1881918767E+03
   2   3   7   6   -0.1881918723E+03
   2   3   8   1                 NaN
   2   3   8   2                 NaN
   2   3   8   3   -0.3284141438E+03
   2   3   8   4   -0.1844735815E+03
   2   3   8   5   -0.1107175985E+03
   2   3   8   6   -0.6228331873E+02
   2   4   1   1    0.0000000000E+00
   2   4   1   2    0.0000000000E+00
   2   4   1   3    0.0000000000E+00
   2   4   1   4   -0.1083644911E+03
   2   4   1   5   -0.7959816243E+02
   2   4   1   6   -0.9294666231E+02
   2   4   2   1                 NaN
   2   4   2   2                 NaN
   2   4   2   3   -0.1433236616E+03
   2   4   2   4   -0.1248751369E+03
   2   4   2   5   -0.3338361516E+03
   2   4   2   6   -0.1759953331E+03
   2   4   3   1                 NaN
   2   4   3   2                 NaN
   2   4   3   3   -0.2277873370E+03
   2   4   3   4   -0.1068951267E+03
   2   4   3   5   -0.1475497038E+03
   2   4   3   6   -0.7237312958E+02
   2   4   4   1   -0.4926708200E+03
   2   4   4   2   -0.8386469290E+03
   2   4   4   3   -0.1593463746E+03
   2   4   4   4   -0.1879030085E+03
   2   4   4   5   -0.1389088898E+03
   2   4   4   6   -0.1389088931E+03
   2   4   5   1                 NaN
   2   4   5   2                 NaN
   2   4   5   3   -0.3331269258E+03
   2   4   5   4   -0.1881069065E+03
   2   4   5   5   -0.9176854993E+02
   2   4   5   6   -0.7903481448E+02
   2   4   6   1   -0.4968786558E+03
   2   4   6   2   -0.5099816429E+03
   2   4   6   3   -0.1499556835E+03
   2   4   6   4   -0.1499556816E+03
   2   4   6   5   -0.1904999980E+03
   2   4   6   6   -0.1905000040E+03
   2   4   7   1   -0.1250022252E+04
   2   4   7   2   -0.3622053941E+03
   2   4   7   3   -0.2653728196E+03
   2   4   7   4   -0.1228610712E+03
   2   4   7   5   -0.9424216928E+02
   2   4   7   6   -0.9424216757E+02
   2   4   8   1                 NaN
   2   4   8   2                 NaN
   2   4   8   3   -0.1365860896E+03
   2   4   8   4   -0.3658332600E+02
   2   4   8   5   -0.6937609990E+02
   2   4   8   6   -0.1930735526E+03
   2   5   1   1    0.0000000000E+00
   2   5   1   2    0.0000000000E+00
   2   5   1   3    0.0000000000E+00
   2   5   1   4   -0.9253398909E+02
   2   5   1   5   -0.1208478626E+03
   2   5   1   6   -0.8469990160E+02
   2   5   2   1                 NaN
   2   5   2   2                 NaN
   2   5   2   3   -0.9845624928E+02
   2   5   2   4   -0.7649371049E+02
   2   5   2   5    0.4353599580E+02
   2   5   2   6    0.7831936189E+01
   2   5   3   1                 NaN
   2   5   3   2                 NaN
   2   5   3   3   -0.1765139306E+03
   2   5   3   4   -0.1164741581E+03
   2   5   3   5   -0.4379360323E+02
   2   5   3   6   -0.7407459688E+02
   2   5   4   1   -0.5810101341E+03
   2   5   4   2   -0.9993808711E+03
   2   5   4   3   -0.2020727469E+03
   2   5   4   4   -0.4651031344E+03
   2   5   4   5   -0.1180819705E+03
   2   5   4   6   -0.1180819708E+03
   2   5   5   1                 NaN
   2   5   5   2                 NaN
   2   5   5   3   -0.1924268022E+03
   2   5   5   4   -0.1245623614E+03
   2   5   5   5   -0.4227214670E+02
   2   5   5   6   -0.8341460938E+02
   2   5   6   1   -0.7747438179E+03
   2   5   6   2   -0.7474505841E+03
   2   5   6   3   -0.3105272072E+03
   2   5   6   4   -0.3105272375E+03
   2   5   6   5   -0.1292302694E+03
   2   5   6   6   -0.1292302617E+03
   2   5   7   1   -0.6336902600E+03
   2   5   7   2   -0.6781747851E+03
   2   5   7   3   -0.3103608035E+03
   2   5   7   4   -0.1440058031E+03
   2   5   7   5   -0.1695223272E+03
   2   5   7   6   -0.1695223242E+03
   2   5   8   1                 NaN
   2   5   8   2                 NaN
   2   5   8   3   -0.2499389726E+03
   2   5   8   4   -0.1537946614E+03
   2   5   8   5   -0.6313074673E+02
   2   5   8   6   -0.9081382117E+02
   2   6   1   1    0.0000000000E+00
   2   6   1   2    0.0000000000E+00
   2   6   1   3    0.0000000000E+00
   2   6   1   4   -0.1061872037E+03
   2   6   1   5   -0.7787331046E+02
   2   6   1   6   -0.1140212903E+03
   2   6   2   1                 NaN
   2   6   2   2                 NaN
   2   6   2   3   -0.9845626348E+02
   2   6   2   4   -0.7649372375E+02
   2   6   2   5    0.7831929756E+01
   2   6   2   6    0.4353599683E+02
   2   6   3   1                 NaN
   2   6   3   2                 NaN
   2   6   3   3   -0.2360725764E+03
   2   6   3   4   -0.1467466576E+03
   2   6   3   5   -0.9196155217E+02
   2   6   3   6   -0.5516995068E+02
   2   6   4   1   -0.6575968219E+03
   2   6   4   2   -0.7049786899E+03
   2   6   4   3   -0.1822694952E+03
   2   6   4   4   -0.3122855189E+03
   2   6   4   5   -0.1598077553E+03
   2   6   4   6   -0.1598077633E+03
   2   6   5   1                 NaN
   2   6   5   2                 NaN
   2   6   5   3   -0.2201596999E+03
   2   6   5   4   -0.1386584516E+03
   2   6   5   5   -0.9161736251E+02
   2   6   5   6   -0.4769556349E+02
   2   6   6   1   -0.7166477408E+03
   2   6   6   2   -0.7041229393E+03
   2   6   6   3   -0.2703376840E+03
   2   6   6   4   -0.2703377066E+03
   2   6   6   5   -0.1486594759E+03
   2   6   6   6   -0.1486594564E+03
   2   6   7   1   -0.1103468428E+04
   2   6   7   2   -0.5276353233E+03
   2   6   7   3   -0.6005749708E+03
   2   6   7   4   -0.1067921332E+03
   2   6   7   5   -0.1083673911E+03
   2   6   7   6   -0.1083673881E+03
   2   6   8   1                 NaN
   2   6   8   2                 NaN
   2   6   8   3   -0.1626475292E+03
   2   6   8   4   -0.1094261367E+03
   2   6   8   5   -0.6565891453E+02
   2   6   8   6   -0.4539623129E+02
   2   7   1   1    0.0000000000E+00
   2   7   1   2    0.0000000000E+00
   2   7   1   3    0.0000000000E+00
   2   7   1   4    0.2748647116E+01
   2   7   1   5    0.2748632383E+01
   2   7   1   6    0.2748642041E+01
   2   7   2   1                 NaN
   2   7   2   2                 NaN
   2   7   2   3   -0.5125492555E+02
   2   7   2   4   -0.1148452761E+02
   2   7   2   5    0.4565433090E+02
   2   7   2   6    0.4565434108E+02
   2   7   3   1                 NaN
   2   7   3   2                 NaN
   2   7   3   3   -0.4439206101E+02
   2   7   3   4   -0.3907211487E+02
   2   7   3   5   -0.9910245530E+02
   2   7   3   6   -0.3182647340E+02
   2   7   4   1   -0.8015113398E+02
   2   7   4   2   -0.2937488525E+02
   2   7   4   3    0.7823358017E+02
   2   7   4   4    0.4047358141E+03
   2   7   4   5   -0.6440500339E+02
   2   7   4   6   -0.6440501437E+02
   2   7   5   1                 NaN
   2   7   5   2                 NaN
   2   7   5   3   -0.4439206581E+02
   2   7   5   4   -0.3907211713E+02
   2   7   5   5   -0.7982425548E+02
   2   7   5   6   -0.5110463237E+02
   2   7   6   1   -0.5259229934E+02
   2   7   6   2   -0.5693316562E+02
   2   7   6   3    0.2414847072E+03
   2   7   6   4    0.2414847559E+03
   2   7   6   5   -0.6440501101E+02
   2   7   6   6   -0.6440501403E+02
   2   7   7   1   -0.2579930542E+02
   2   7   7   2   -0.8372712030E+02
   2   7   7   3    0.5156708163E+03
   2   7   7   4   -0.3270169144E+02
   2   7   7   5   -0.6440501476E+02
   2   7   7   6   -0.6440500908E+02
   2   7   8   1                 NaN
   2   7   8   2                 NaN
   2   7   8   3   -0.4439206257E+02
   2   7   8   4   -0.3907211635E+02
   2   7   8   5   -0.2712592150E+02
   2   7   8   6   -0.1038030191E+03
   2   8   1   1    0.0000000000E+00
   2   8   1   2    0.0000000000E+00
   2   8   1   3    0.0000000000E+00
   2   8   1   4   -0.1096482745E+03
   2   8   1   5   -0.1096482699E+03
   2   8   1   6   -0.1096482691E+03
   2   8   2   1                 NaN
   2   8   2   2                 NaN
   2   8   2   3   -0.8537158457E+02
   2   8   2   4   -0.3335849614E+03
   2   8   2   5   -0.7101100360E+02
   2   8   2   6   -0.7101100506E+02
   2   8   3   1                 NaN
   2   8   3   2                 NaN
   2   8   3   3   -0.1387993580E+03
   2   8   3   4   -0.5763298422E+02
   2   8   3   5   -0.1122007154E+03
   2   8   3   6   -0.3314079871E+03
   2   8   4   1   -0.1143135454E+04
   2   8   4   2   -0.2146157253E+03
   2   8   4   3   -0.1641133420E+03
   2   8   4   4   -0.1100485986E+03
   2   8   4   5   -0.9750006703E+02
   2   8   4   6   -0.9750003342E+02
   2   8   5   1                 NaN
   2   8   5   2                 NaN
   2   8   5   3   -0.1387993532E+03
   2   8   5   4   -0.5763297370E+02
   2   8   5   5   -0.1750127075E+03
   2   8   5   6   -0.2685907873E+03
   2   8   6   1   -0.6391695893E+03
   2   8   6   2   -0.7185512436E+03
   2   8   6   3   -0.1370793470E+03
   2   8   6   4   -0.1370792868E+03
   2   8   6   5   -0.9750004370E+02
   2   8   6   6   -0.9750008298E+02
   2   8   7   1   -0.1492360143E+03
   2   8   7   2   -0.1208526137E+04
   2   8   7   3   -0.9168237083E+02
   2   8   7   4   -0.1824907207E+03
   2   8   7   5   -0.9750003532E+02
   2   8   7   6   -0.9750007659E+02
   2   8   8   1                 NaN
   2   8   8   2                 NaN
   2   8   8   3   -0.1387993666E+03
   2   8   8   4   -0.5763295931E+02
   2   8   8   5   -0.3467256807E+03
   2   8   8   6   -0.9688644434E+02
   3   1   1   1    0.0000000000E+00
   3   1   1   2    0.0000000000E+00
   3   1   1   3    0.0000000000E+00
   3   1   1   4   -0.7070296771E+02
   3   1   1   5   -0.7070296635E+02
   3   1   1   6   -0.5896937462E+02
   3   1   2   1                 NaN
   3   1   2   2                 NaN
   3   1   2   3   -0.2066868617E+02
   3   1   2   4    0.2042316970E+02
   3   1   2   5   -0.1343695647E+02
   3   1   2   6    0.3840471764E+01
   3   1   3   1                 NaN
   3   1   3   2                 NaN
   3   1   3   3   -0.2066867814E+02
   3   1   3   4    0.2042316701E+02
   3   1   3   5   -0.2473709930E+02
   3   1   3   6    0.1514061593E+02
   3   1   4   1   -0.1017100836E+03
   3   1   4   2   -0.1143828316E+03
   3   1   4   3   -0.5308847542E+02
   3   1   4   4   -0.4680556194E+02
   3   1   4   5   -0.1126458957E+03
   3   1   4   6   -0.2440179909E+02
   3   1   5   1                 NaN
   3   1   5   2                 NaN
   3   1   5   3   -0.1676977362E+02
   3   1   5   4    0.3782995428E+01
   3   1   5   5   -0.3800452298E+02
   3   1   5   6   -0.1938855951E+02
   3   1   6   1   -0.1517594487E+03
   3   1   6   2   -0.3211161051E+03
   3   1   6   3   -0.8511795306E+02
   3   1   6   4   -0.4325780023E+02
   3   1   6   5   -0.4403883676E+02
   3   1   6   6   -0.3426606277E+02
   3   1   7   1   -0.2484230930E+03
   3   1   7   2   -0.2244524604E+03
   3   1   7   3   -0.5754598003E+02
   3   1   7   4   -0.7082977304E+02
   3   1   7   5   -0.4403883725E+02
   3   1   7   6   -0.3426606216E+02
   3   1   8   1                 NaN
   3   1   8   2                 NaN
   3   1   8   3   -0.1676976407E+02
   3   1   8   4    0.3782992388E+01
   3   1   8   5   -0.4106743380E+02
   3   1   8   6   -0.1632565873E+02
   3   2   1   1    0.0000000000E+00
   3   2   1   2    0.0000000000E+00
   3   2   1   3    0.0000000000E+00
   3   2   1   4   -0.7070296817E+02
   3   2   1   5   -0.7070296747E+02
   3   2   1   6   -0.5896937447E+02
   3   2   2   1                 NaN
   3   2   2   2                 NaN
   3   2   2   3   -0.1676979298E+02
   3   2   2   4    0.3783005974E+01
   3   2   2   5   -0.3326520204E+02
   3   2   2   6   -0.2412788861E+02
   3   2   3   1                 NaN
   3   2   3   2                 NaN
   3   2   3   3   -0.1676979076E+02
   3   2   3   4    0.3783007291E+01
   3   2   3   5   -0.3924137762E+02
   3   2   3   6   -0.1815170995E+02
   3   2   4   1   -0.1143828371E+03
   3   2   4   2   -0.1017100891E+03
   3   2   4   3   -0.4680556058E+02
   3   2   4   4   -0.5308847561E+02
   3   2   4   5   -0.2440179902E+02
   3   2   4   6   -0.1126458948E+03
   3   2   5   1                 NaN
   3   2   5   2                 NaN
   3   2   5   3   -0.2066870386E+02
   3   2   5   4    0.2042317955E+02
   3   2   5   5   -0.2239838408E+02
   3   2   5   6    0.1280189679E+02
   3   2   6   1   -0.3211161294E+03
   3   2   6   2   -0.1517594522E+03
   3   2   6   3   -0.4325779922E+02
   3   2   6   4   -0.8511794794E+02
   3   2   6   5   -0.3426606318E+02
   3   2   6   6   -0.4403883670E+02
   3   2   7   1   -0.2244524760E+03
   3   2   7   2   -0.2484231054E+03
   3   2   7   3   -0.7082976819E+02
   3   2   7   4   -0.5754597857E+02
   3   2   7   5   -0.3426606186E+02
   3   2   7   6   -0.4403883706E+02
   3   2   8   1                 NaN
   3   2   8   2                 NaN
   3   2   8   3   -0.2066870340E+02
   3   2   8   4    0.2042318156E+02
   3   2   8   5   -0.2818992730E+02
   3   2   8   6    0.1859344518E+02
   3   3   1   1    0.0000000000E+00
   3   3   1   2    0.0000000000E+00
   3   3   1   3    0.0000000000E+00
   3   3   1   4   -0.6231800111E+02
   3   3   1   5   -0.6231800477E+02
   3   3   1   6   -0.6846344544E+02
   3   3   2   1                 NaN
   3   3   2   2                 NaN
   3   3   2   3   -0.1657340891E+03
   3   3   2   4   -0.1106944276E+03
   3   3   2   5   -0.1351490048E+03
   3   3   2   6   -0.1115324260E+03
   3   3   3   1                 NaN
   3   3   3   2                 NaN
   3   3   3   3   -0.1657340933E+03
   3   3   3   4   -0.1106944272E+03
   3   3   3   5   -0.1505952147E+03
   3   3   3   6   -0.9608621927E+02
   3   3   4   1   -0.4885192823E+03
   3   3   4   2   -0.8455079148E+03
   3   3   4   3   -0.1502215978E+03
   3   3   4   4   -0.2124277280E+03
   3   3   4   5   -0.9560351356E+02
   3   3   4   6   -0.9560351682E+02
   3   3   5   1                 NaN
   3   3   5   2                 NaN
   3   3   5   3   -0.2374991617E+03
   3   3   5   4   -0.1252641865E+03
   3   3   5   5   -0.1016017792E+03
   3   3   5   6   -0.1026785496E+03
   3   3   6   1   -0.4677110068E+03
   3   3   6   2   -0.4219436544E+03
   3   3   6   3   -0.1324386166E+03
   3   3   6   4   -0.1467944506E+03
   3   3   6   5   -0.1256239806E+03
   3   3   6   6   -0.1441858356E+03
   3   3   7   1   -0.4480662710E+03
   3   3   7   2   -0.4415883824E+03
   3   3   7   3   -0.1373387120E+03
   3   3   7   4   -0.1418943520E+03
   3   3   7   5   -0.1441858365E+03
   3   3   7   6   -0.1256239847E+03
   3   3   8   1                 NaN
   3   3   8   2                 NaN
   3   3   8   3   -0.2374991675E+03
   3   3   8   4   -0.1252641891E+03
   3   3   8   5   -0.1014246188E+03
   3   3   8   6   -0.1028557167E+03
   3   4   1   1    0.0000000000E+00
   3   4   1   2    0.0000000000E+00
   3   4   1   3    0.0000000000E+00
   3   4   1   4   -0.6231800310E+02
   3   4   1   5   -0.6231800305E+02
   3   4   1   6   -0.6846344579E+02
   3   4   2   1                 NaN
   3   4   2   2                 NaN
   3   4   2   3   -0.2374991701E+03
   3   4   2   4   -0.1252641904E+03
   3   4   2   5   -0.1018759088E+03
   3   4   2   6   -0.1024044213E+03
   3   4   3   1                 NaN
   3   4   3   2                 NaN
   3   4   3   3   -0.2374991671E+03
   3   4   3   4   -0.1252641895E+03
   3   4   3   5   -0.1015302350E+03
   3   4   3   6   -0.1027500950E+03
   3   4   4   1   -0.8455079344E+03
   3   4   4   2   -0.4885192716E+03
   3   4   4   3   -0.2124277286E+03
   3   4   4   4   -0.1502215992E+03
   3   4   4   5   -0.9560351308E+02
   3   4   4   6   -0.9560351795E+02
   3   4   5   1                 NaN
   3   4   5   2                 NaN
   3   4   5   3   -0.1657340907E+03
   3   4   5   4   -0.1106944307E+03
   3   4   5   5   -0.1473984142E+03
   3   4   5   6   -0.9928302093E+02
   3   4   6   1   -0.4219436388E+03
   3   4   6   2   -0.4677110286E+03
   3   4   6   3   -0.1467944471E+03
   3   4   6   4   -0.1324386205E+03
   3   4   6   5   -0.1441858382E+03
   3   4   6   6   -0.1256239858E+03
   3   4   7   1   -0.4415883925E+03
   3   4   7   2   -0.4480662730E+03
   3   4   7   3   -0.1418943547E+03
   3   4   7   4   -0.1373387131E+03
   3   4   7   5   -0.1256239831E+03
   3   4   7   6   -0.1441858384E+03
   3   4   8   1                 NaN
   3   4   8   2                 NaN
   3   4   8   3   -0.1657340907E+03
   3   4   8   4   -0.1106944272E+03
   3   4   8   5   -0.1553149008E+03
   3   4   8   6   -0.9136653790E+02
   3   5   1   1    0.0000000000E+00
   3   5   1   2    0.0000000000E+00
   3   5   1   3    0.0000000000E+00
   3   5   1   4   -0.3683787869E+02
   3   5   1   5   -0.3683787829E+02
   3   5   1   6   -0.2783736024E+02
   3   5   2   1                 NaN
   3   5   2   2                 NaN
   3   5   2   3   -0.6805906653E+02
   3   5   2   4   -0.5151541284E+02
   3   5   2   5   -0.1138202685E+03
   3   5   2   6   -0.7493762603E+02
   3   5   3   1                 NaN
   3   5   3   2                 NaN
   3   5   3   3   -0.6805906631E+02
   3   5   3   4   -0.5151541407E+02
   3   5   3   5   -0.1392511229E+03
   3   5   3   6   -0.4950679697E+02
   3   5   4   1   -0.6067779931E+02
   3   5   4   2    0.1960143905E+03
   3   5   4   3   -0.4318298777E+03
   3   5   4   4   -0.7583466016E+03
   3   5   4   5   -0.9556274293E+02
   3   5   4   6   -0.1118209661E+03
   3   5   5   1                 NaN
   3   5   5   2                 NaN
   3   5   5   3   -0.1084246536E+03
   3   5   5   4   -0.4661044543E+02
   3   5   5   5   -0.5467320051E+02
   3   5   5   6   -0.2930329312E+02
   3   5   6   1   -0.1564632942E+03
   3   5   6   2   -0.2851945281E+03
   3   5   6   3   -0.5794932017E+02
   3   5   6   4   -0.1483929911E+01
   3   5   6   5   -0.1658356363E+02
   3   5   6   6   -0.2258766939E+02
   3   5   7   1   -0.2299391583E+03
   3   5   7   2   -0.2117186223E+03
   3   5   7   3   -0.2075731857E+02
   3   5   7   4   -0.3867590027E+02
   3   5   7   5   -0.1658356402E+02
   3   5   7   6   -0.2258766914E+02
   3   5   8   1                 NaN
   3   5   8   2                 NaN
   3   5   8   3   -0.1084246537E+03
   3   5   8   4   -0.4661044601E+02
   3   5   8   5   -0.5884735001E+02
   3   5   8   6   -0.2512915603E+02
   3   6   1   1    0.0000000000E+00
   3   6   1   2    0.0000000000E+00
   3   6   1   3    0.0000000000E+00
   3   6   1   4   -0.3683787764E+02
   3   6   1   5   -0.3683787575E+02
   3   6   1   6   -0.2783736010E+02
   3   6   2   1                 NaN
   3   6   2   2                 NaN
   3   6   2   3   -0.1084246685E+03
   3   6   2   4   -0.4661043805E+02
   3   6   2   5   -0.4821442336E+02
   3   6   2   6   -0.3576205863E+02
   3   6   3   1                 NaN
   3   6   3   2                 NaN
   3   6   3   3   -0.1084246741E+03
   3   6   3   4   -0.4661043606E+02
   3   6   3   5   -0.5635878727E+02
   3   6   3   6   -0.2761771094E+02
   3   6   4   1    0.1960143297E+03
   3   6   4   2   -0.6067792487E+02
   3   6   4   3   -0.7583465737E+03
   3   6   4   4   -0.4318298836E+03
   3   6   4   5   -0.1118209650E+03
   3   6   4   6   -0.9556274337E+02
   3   6   5   1                 NaN
   3   6   5   2                 NaN
   3   6   5   3   -0.6805908185E+02
   3   6   5   4   -0.5151540371E+02
   3   6   5   5   -0.1339878528E+03
   3   6   5   6   -0.5477005110E+02
   3   6   6   1   -0.2851945274E+03
   3   6   6   2   -0.1564632987E+03
   3   6   6   3   -0.1483926333E+01
   3   6   6   4   -0.5794931624E+02
   3   6   6   5   -0.2258766959E+02
   3   6   6   6   -0.1658356373E+02
   3   6   7   1   -0.2117186279E+03
   3   6   7   2   -0.2299391598E+03
   3   6   7   3   -0.3867589704E+02
   3   6   7   4   -0.2075731541E+02
   3   6   7   5   -0.2258766757E+02
   3   6   7   6   -0.1658356373E+02
   3   6   8   1                 NaN
   3   6   8   2                 NaN
   3   6   8   3   -0.6805908221E+02
   3   6   8   4   -0.5151540439E+02
   3   6   8   5   -0.1470216622E+03
   3   6   8   6   -0.4173625647E+02
   3   7   1   1    0.0000000000E+00
   3   7   1   2    0.0000000000E+00
   3   7   1   3    0.0000000000E+00
   3   7   1   4   -0.1857498614E+03
   3   7   1   5   -0.1857498598E+03
   3   7   1   6   -0.9014135445E+02
   3   7   2   1                 NaN
   3   7   2   2                 NaN
   3   7   2   3   -0.3095219826E+03
   3   7   2   4   -0.2087979437E+03
   3   7   2   5   -0.1633033421E+03
   3   7   2   6   -0.1294448851E+03
   3   7   3   1                 NaN
   3   7   3   2                 NaN
   3   7   3   3   -0.3095219773E+03
   3   7   3   4   -0.2087979352E+03
   3   7   3   5   -0.1854519063E+03
   3   7   3   6   -0.1073033268E+03
   3   7   4   1   -0.2343329511E+04
   3   7   4   2   -0.2504830735E+04
   3   7   4   3   -0.2544401215E+03
   3   7   4   4   -0.2033204333E+03
   3   7   4   5   -0.1232308106E+03
   3   7   4   6   -0.1232308042E+03
   3   7   5   1                 NaN
   3   7   5   2                 NaN
   3   7   5   3   -0.3956877597E+03
   3   7   5   4   -0.2877064784E+03
   3   7   5   5   -0.1504662015E+03
   3   7   5   6   -0.9587418233E+02
   3   7   6   1   -0.1063918991E+04
   3   7   6   2   -0.1316445956E+04
   3   7   6   3   -0.2890954382E+03
   3   7   6   4   -0.2171671175E+03
   3   7   6   5   -0.3900809249E+03
   3   7   6   6   -0.2767047396E+03
   3   7   7   1   -0.1172300757E+04
   3   7   7   2   -0.1208043511E+04
   3   7   7   3   -0.2645439550E+03
   3   7   7   4   -0.2417183958E+03
   3   7   7   5   -0.2767047413E+03
   3   7   7   6   -0.3900809223E+03
   3   7   8   1                 NaN
   3   7   8   2                 NaN
   3   7   8   3   -0.3956877647E+03
   3   7   8   4   -0.2877064732E+03
   3   7   8   5   -0.1594509414E+03
   3   7   8   6   -0.8689465395E+02
   3   8   1   1    0.0000000000E+00
   3   8   1   2    0.0000000000E+00
   3   8   1   3    0.0000000000E+00
   3   8   1   4   -0.1857498589E+03
   3   8   1   5   -0.1857498629E+03
   3   8   1   6   -0.9014135472E+02
   3   8   2   1                 NaN
   3   8   2   2                 NaN
   3   8   2   3   -0.3956877635E+03
   3   8   2   4   -0.2877064715E+03
   3   8   2   5   -0.1365655441E+03
   3   8   2   6   -0.1097700744E+03
   3   8   3   1                 NaN
   3   8   3   2                 NaN
   3   8   3   3   -0.3956877551E+03
   3   8   3   4   -0.2877064697E+03
   3   8   3   5   -0.1540942614E+03
   3   8   3   6   -0.9224799289E+02
   3   8   4   1   -0.2504830783E+04
   3   8   4   2   -0.2343329499E+04
   3   8   4   3   -0.2033204234E+03
   3   8   4   4   -0.2544401144E+03
   3   8   4   5   -0.1232308079E+03
   3   8   4   6   -0.1232308040E+03
   3   8   5   1                 NaN
   3   8   5   2                 NaN
   3   8   5   3   -0.3095219868E+03
   3   8   5   4   -0.2087979433E+03
   3   8   5   5   -0.1808676712E+03
   3   8   5   6   -0.1118856020E+03
   3   8   6   1   -0.1316445898E+04
   3   8   6   2   -0.1063919031E+04
   3   8   6   3   -0.2171671096E+03
   3   8   6   4   -0.2890954547E+03
   3   8   6   5   -0.2767047386E+03
   3   8   6   6   -0.3900809243E+03
   3   8   7   1   -0.1208043519E+04
   3   8   7   2   -0.1172300759E+04
   3   8   7   3   -0.2417183941E+03
   3   8   7   4   -0.2645439472E+03
   3   8   7   5   -0.3900809235E+03
   3   8   7   6   -0.2767047411E+03
   3   8   8   1                 NaN
   3   8   8   2                 NaN
   3   8   8   3   -0.3095219827E+03
   3   8   8   4   -0.2087979379E+03
   3   8   8   5   -0.1922202865E+03
   3   8   8   6   -0.1005383656E+03
