 ikr ibn iq imode EPCE[meV]
   1   1   1   1    0.0000000000E+00
   1   1   1   2    0.0000000000E+00
   1   1   1   3    0.0000000000E+00
   1   1   1   4    0.1088111716E+02
   1   1   1   5    0.1088111657E+02
   1   1   1   6    0.1088111723E+02
   1   1   2   1   -0.3848796458E+02
   1   1   2   2   -0.3848796394E+02
   1   1   2   3    0.2499697799E+02
   1   1   2   4    0.1502129340E+02
   1   1   2   5    0.1459083028E+02
   1   1   2   6    0.1459082992E+02
   1   1   3   1   -0.3848796410E+02
   1   1   3   2   -0.3848796479E+02
   1   1   3   3    0.2499697775E+02
   1   1   3   4    0.1502129325E+02
   1   1   3   5    0.1459082991E+02
   1   1   3   6    0.1459083043E+02
   1   1   4   1    0.8518717252E+02
   1   1   4   2    0.8518717347E+02
   1   1   4   3    0.1935875473E+02
   1   1   4   4    0.1935875485E+02
   1   1   4   5    0.1709722046E+02
   1   1   4   6    0.1709722101E+02
   1   1   5   1   -0.3848796518E+02
   1   1   5   2   -0.3848796321E+02
   1   1   5   3    0.2499697807E+02
   1   1   5   4    0.1502129344E+02
   1   1   5   5    0.1459082970E+02
   1   1   5   6    0.1459083045E+02
   1   1   6   1    0.8518717397E+02
   1   1   6   2    0.8518717250E+02
   1   1   6   3    0.1935875468E+02
   1   1   6   4    0.1935875502E+02
   1   1   6   5    0.1709722070E+02
   1   1   6   6    0.1709722057E+02
   1   1   7   1    0.8518717506E+02
   1   1   7   2    0.8518717609E+02
   1   1   7   3    0.1935875536E+02
   1   1   7   4    0.1935875541E+02
   1   1   7   5    0.1709721972E+02
   1   1   7   6    0.1709721967E+02
   1   1   8   1   -0.3848796346E+02
   1   1   8   2   -0.3848796482E+02
   1   1   8   3    0.2499697814E+02
   1   1   8   4    0.1502129349E+02
   1   1   8   5    0.1459082978E+02
   1   1   8   6    0.1459083033E+02
   1   2   1   1    0.0000000000E+00
   1   2   1   2    0.0000000000E+00
   1   2   1   3    0.0000000000E+00
   1   2   1   4    0.1405924457E+03
   1   2   1   5    0.1337950487E+03
   1   2   1   6    0.6500977438E+02
   1   2   2   1   -0.3086800508E+03
   1   2   2   2   -0.3714177067E+03
   1   2   2   3    0.3379841094E+03
   1   2   2   4    0.2031028900E+03
   1   2   2   5    0.1257683564E+03
   1   2   2   6    0.1320574606E+03
   1   2   3   1   -0.3467083435E+03
   1   2   3   2   -0.3000731850E+03
   1   2   3   3    0.3596221736E+03
   1   2   3   4    0.2161057302E+03
   1   2   3   5    0.1097533167E+03
   1   2   3   6    0.1354422808E+03
   1   2   4   1    0.1468455979E+04
   1   2   4   2    0.6796962051E+03
   1   2   4   3    0.3023977441E+03
   1   2   4   4    0.1857690764E+03
   1   2   4   5    0.1021481923E+03
   1   2   4   6    0.1021481937E+03
   1   2   5   1   -0.3468827921E+03
   1   2   5   2   -0.5846756926E+03
   1   2   5   3    0.1746666052E+03
   1   2   5   4    0.1049614207E+03
   1   2   5   5    0.2350303526E+03
   1   2   5   6    0.1181245061E+03
   1   2   6   1    0.7795659577E+03
   1   2   6   2    0.7768570703E+03
   1   2   6   3    0.1768482864E+03
   1   2   6   4    0.1768482937E+03
   1   2   6   5    0.2209093091E+03
   1   2   6   6    0.2209093071E+03
   1   2   7   1    0.8414966859E+03
   1   2   7   2    0.7681424816E+03
   1   2   7   3    0.1908789505E+03
   1   2   7   4    0.1749109783E+03
   1   2   7   5    0.2102287335E+03
   1   2   7   6    0.2102287313E+03
   1   2   8   1   -0.5612441006E+03
   1   2   8   2   -0.3816340649E+03
   1   2   8   3    0.1673147533E+03
   1   2   8   4    0.1005435137E+03
   1   2   8   5    0.2478221230E+03
   1   2   8   6    0.1096240393E+03
   1   3   1   1    0.0000000000E+00
   1   3   1   2    0.0000000000E+00
   1   3   1   3    0.0000000000E+00
   1   3   1   4    0.1019604308E+03
   1   3   1   5    0.9423009415E+02
   1   3   1   6    0.1432038467E+03
   1   3   2   1   -0.3205066020E+03
   1   3   2   2   -0.5376975220E+03
   1   3   2   3    0.2223017870E+03
   1   3   2   4    0.1335865626E+03
   1   3   2   5    0.1067674636E+03
   1   3   2   6    0.2185786753E+03
   1   3   3   1   -0.2871726627E+03
   1   3   3   2   -0.5885172975E+03
   1   3   3   3    0.2109451703E+03
   1   3   3   4    0.1267620948E+03
   1   3   3   5    0.1238750803E+03
   1   3   3   6    0.2080999585E+03
   1   3   4   1    0.5760308383E+03
   1   3   4   2    0.9599251116E+03
   1   3   4   3    0.1461407739E+03
   1   3   4   4    0.2029046700E+03
   1   3   4   5    0.2250125358E+03
   1   3   4   6    0.2250125353E+03
   1   3   5   1   -0.5872823303E+03
   1   3   5   2   -0.3425959223E+03
   1   3   5   3    0.1757512187E+03
   1   3   5   4    0.1056131914E+03
   1   3   5   5    0.1172709762E+03
   1   3   5   6    0.2352469045E+03
   1   3   6   1    0.9525065061E+03
   1   3   6   2    0.9063400115E+03
   1   3   6   3    0.2112111070E+03
   1   3   6   4    0.2112111036E+03
   1   3   6   5    0.1602078111E+03
   1   3   6   6    0.1602078146E+03
   1   3   7   1    0.6229133996E+03
   1   3   7   2    0.1296453149E+04
   1   3   7   3    0.1447785733E+03
   1   3   7   4    0.2913967928E+03
   1   3   7   5    0.1480613334E+03
   1   3   7   6    0.1480613323E+03
   1   3   8   1   -0.2577383927E+03
   1   3   8   2   -0.2797778795E+03
   1   3   8   3    0.4305805912E+03
   1   3   8   4    0.2587463731E+03
   1   3   8   5    0.9459665585E+02
   1   3   8   6    0.1091763614E+03
   1   4   1   1    0.0000000000E+00
   1   4   1   2    0.0000000000E+00
   1   4   1   3    0.0000000000E+00
   1   4   1   4    0.9684147351E+02
   1   4   1   5    0.1113692080E+03
   1   4   1   6    0.1311836433E+03
   1   4   2   1   -0.5713137471E+03
   1   4   2   2   -0.2913750340E+03
   1   4   2   3    0.2193890060E+03
   1   4   2   4    0.1318362015E+03
   1   4   2   5    0.2225744909E+03
   1   4   2   6    0.1044717864E+03
   1   4   3   1   -0.5666035189E+03
   1   4   3   2   -0.3119052822E+03
   1   4   3   3    0.2091142954E+03
   1   4   3   4    0.1256618775E+03
   1   4   3   5    0.2214823018E+03
   1   4   3   6    0.1115613627E+03
   1   4   4   1    0.6125620900E+03
   1   4   4   2    0.1017498460E+04
   1   4   4   3    0.1552777142E+03
   1   4   4   4    0.2151529667E+03
   1   4   4   5    0.2061254976E+03
   1   4   4   6    0.2061254983E+03
   1   4   5   1   -0.2663182706E+03
   1   4   5   2   -0.2732045077E+03
   1   4   5   3    0.4292773077E+03
   1   4   5   4    0.2579631982E+03
   1   4   5   5    0.1027993914E+03
   1   4   5   6    0.1017342945E+03
   1   4   6   1    0.9250237628E+03
   1   4   6   2    0.9738981918E+03
   1   4   6   3    0.2157646703E+03
   1   4   6   4    0.2157646691E+03
   1   4   6   5    0.1521645253E+03
   1   4   6   6    0.1521645274E+03
   1   4   7   1    0.1192696427E+04
   1   4   7   2    0.5924893507E+03
   1   4   7   3    0.2681688838E+03
   1   4   7   4    0.1375139499E+03
   1   4   7   5    0.1749915833E+03
   1   4   7   6    0.1749915835E+03
   1   4   8   1   -0.3814866082E+03
   1   4   8   2   -0.5390811986E+03
   1   4   8   3    0.1817980147E+03
   1   4   8   4    0.1092468585E+03
   1   4   8   5    0.1126786714E+03
   1   4   8   6    0.2363096091E+03
   1   5   1   1    0.0000000000E+00
   1   5   1   2    0.0000000000E+00
   1   5   1   3    0.0000000000E+00
   1   5   1   4    0.8627463372E+02
   1   5   1   5    0.5455948269E+02
   1   5   1   6    0.1469151276E+03
   1   5   2   1   -0.2863658769E+03
   1   5   2   2   -0.3631602590E+03
   1   5   2   3    0.2391896183E+03
   1   5   2   4    0.1437348721E+03
   1   5   2   5    0.1184914944E+03
   1   5   2   6    0.1277445868E+03
   1   5   3   1   -0.3728381286E+03
   1   5   3   2   -0.3427275752E+03
   1   5   3   3    0.1962985572E+03
   1   5   3   4    0.1179605879E+03
   1   5   3   5    0.9297342825E+02
   1   5   3   6    0.1782983267E+03
   1   5   4   1    0.5397422053E+03
   1   5   4   2    0.5628339720E+03
   1   5   4   3    0.1235728108E+03
   1   5   4   4    0.1269872337E+03
   1   5   4   5    0.2308439792E+03
   1   5   4   6    0.2308439731E+03
   1   5   5   1   -0.4557040834E+03
   1   5   5   2   -0.2435301182E+03
   1   5   5   3    0.2069054627E+03
   1   5   5   4    0.1243345360E+03
   1   5   5   5    0.8849594061E+02
   1   5   5   6    0.1765845237E+03
   1   5   6   1    0.7876381041E+03
   1   5   6   2    0.7896864198E+03
   1   5   6   3    0.1792232236E+03
   1   5   6   4    0.1792232140E+03
   1   5   6   5    0.1355611231E+03
   1   5   6   6    0.1355611203E+03
   1   5   7   1    0.8179478729E+03
   1   5   7   2    0.1007671389E+04
   1   5   7   3    0.1867858623E+03
   1   5   7   4    0.2280854662E+03
   1   5   7   5    0.8572791823E+02
   1   5   7   6    0.8572791657E+02
   1   5   8   1   -0.2811468525E+03
   1   5   8   2   -0.3686804745E+03
   1   5   8   3    0.2389940021E+03
   1   5   8   4    0.1436173215E+03
   1   5   8   5    0.9523618728E+02
   1   5   8   6    0.1511140758E+03
   1   6   1   1    0.0000000000E+00
   1   6   1   2    0.0000000000E+00
   1   6   1   3    0.0000000000E+00
   1   6   1   4    0.1291223637E+03
   1   6   1   5    0.8013814330E+02
   1   6   1   6    0.7848861971E+02
   1   6   2   1   -0.2892715176E+03
   1   6   2   2   -0.3154685687E+03
   1   6   2   3    0.2682767771E+03
   1   6   2   4    0.1612140548E+03
   1   6   2   5    0.1266037931E+03
   1   6   2   6    0.1026538468E+03
   1   6   3   1   -0.2751262589E+03
   1   6   3   2   -0.2645430949E+03
   1   6   3   3    0.3105386036E+03
   1   6   3   4    0.1866102166E+03
   1   6   3   5    0.7664113205E+02
   1   6   3   6    0.1279481208E+03
   1   6   4   1    0.1125487448E+04
   1   6   4   2    0.5127920813E+03
   1   6   4   3    0.2314468195E+03
   1   6   4   4    0.1408516214E+03
   1   6   4   5    0.1233271578E+03
   1   6   4   6    0.1233271569E+03
   1   6   5   1   -0.3299152736E+03
   1   6   5   2   -0.4378133481E+03
   1   6   5   3    0.1624197667E+03
   1   6   5   4    0.9760199695E+02
   1   6   5   5    0.1758160678E+03
   1   6   5   6    0.1152307074E+03
   1   6   6   1    0.6228321200E+03
   1   6   6   2    0.6190409037E+03
   1   6   6   3    0.1411076032E+03
   1   6   6   4    0.1411076001E+03
   1   6   6   5    0.2028866610E+03
   1   6   6   6    0.2028866634E+03
   1   6   7   1    0.8943233669E+03
   1   6   7   2    0.7310422074E+03
   1   6   7   3    0.2024536487E+03
   1   6   7   4    0.1669101005E+03
   1   6   7   5    0.1259190091E+03
   1   6   7   6    0.1259190139E+03
   1   6   8   1   -0.3966268267E+03
   1   6   8   2   -0.4053873740E+03
   1   6   8   3    0.1401521337E+03
   1   6   8   4    0.8422083346E+02
   1   6   8   5    0.1806601555E+03
   1   6   8   6    0.1233843209E+03
   1   7   1   1    0.0000000000E+00
   1   7   1   2    0.0000000000E+00
   1   7   1   3    0.0000000000E+00
   1   7   1   4    0.7235307692E+02
   1   7   1   5    0.1530547787E+03
   1   7   1   6    0.6235822728E+02
   1   7   2   1   -0.4421562799E+03
   1   7   2   2   -0.3392266595E+03
   1   7   2   3    0.1535905791E+03
   1   7   2   4    0.9229632289E+02
   1   7   2   5    0.1407540939E+03
   1   7   2   6    0.1554690483E+03
   1   7   3   1   -0.3698565811E+03
   1   7   3   2   -0.4105423172E+03
   1   7   3   3    0.1542296894E+03
   1   7   3   4    0.9268037983E+02
   1   7   3   5    0.2162321982E+03
   1   7   3   6    0.7961789299E+02
   1   7   4   1    0.5875831253E+03
   1   7   4   2    0.1177112377E+04
   1   7   4   3    0.1569283250E+03
   1   7   4   4    0.2440981008E+03
   1   7   4   5    0.9798188574E+02
   1   7   4   6    0.9798188419E+02
   1   7   5   1   -0.2322175153E+03
   1   7   5   2   -0.3365017878E+03
   1   7   5   3    0.2917103351E+03
   1   7   5   4    0.1752958511E+03
   1   7   5   5    0.1215534327E+03
   1   7   5   6    0.9404868826E+02
   1   7   6   1    0.8423546850E+03
   1   7   6   2    0.8440921414E+03
   1   7   6   3    0.1916222222E+03
   1   7   6   4    0.1916222198E+03
   1   7   6   5    0.1136865374E+03
   1   7   6   6    0.1136865349E+03
   1   7   7   1    0.5405300471E+03
   1   7   7   2    0.5141112472E+03
   1   7   7   3    0.1227088930E+03
   1   7   7   4    0.1169579664E+03
   1   7   7   5    0.2404910452E+03
   1   7   7   6    0.2404910601E+03
   1   7   8   1   -0.3400527303E+03
   1   7   8   2   -0.2437583275E+03
   1   7   8   3    0.2819086149E+03
   1   7   8   4    0.1694057584E+03
   1   7   8   5    0.1099645151E+03
   1   7   8   6    0.1113589068E+03
   1   8   1   1    0.0000000000E+00
   1   8   1   2    0.0000000000E+00
   1   8   1   3    0.0000000000E+00
   1   8   1   4    0.1350953524E+02
   1   8   1   5    0.1350953798E+02
   1   8   1   6    0.1350953794E+02
   1   8   2   1   -0.4778503533E+02
   1   8   2   2   -0.4778504034E+02
   1   8   2   3    0.3103519528E+02
   1   8   2   4    0.1864980535E+02
   1   8   2   5    0.1811536006E+02
   1   8   2   6    0.1811536202E+02
   1   8   3   1   -0.4778504013E+02
   1   8   3   2   -0.4778503425E+02
   1   8   3   3    0.3103519612E+02
   1   8   3   4    0.1864980586E+02
   1   8   3   5    0.1811536147E+02
   1   8   3   6    0.1811536012E+02
   1   8   4   1    0.1057648053E+03
   1   8   4   2    0.1057648100E+03
   1   8   4   3    0.2403501456E+02
   1   8   4   4    0.2403501536E+02
   1   8   4   5    0.2122719102E+02
   1   8   4   6    0.2122719070E+02
   1   8   5   1   -0.4778503463E+02
   1   8   5   2   -0.4778503839E+02
   1   8   5   3    0.3103519700E+02
   1   8   5   4    0.1864980639E+02
   1   8   5   5    0.1811536098E+02
   1   8   5   6    0.1811536010E+02
   1   8   6   1    0.1057648176E+03
   1   8   6   2    0.1057648188E+03
   1   8   6   3    0.2403501749E+02
   1   8   6   4    0.2403501722E+02
   1   8   6   5    0.2122718636E+02
   1   8   6   6    0.2122718689E+02
   1   8   7   1    0.1057648096E+03
   1   8   7   2    0.1057648054E+03
   1   8   7   3    0.2403501526E+02
   1   8   7   4    0.2403501458E+02
   1   8   7   5    0.2122719084E+02
   1   8   7   6    0.2122719101E+02
   1   8   8   1   -0.4778503771E+02
   1   8   8   2   -0.4778503636E+02
   1   8   8   3    0.3103519633E+02
   1   8   8   4    0.1864980598E+02
   1   8   8   5    0.1811536029E+02
   1   8   8   6    0.1811536119E+02
   2   1   1   1    0.0000000000E+00
   2   1   1   2    0.0000000000E+00
   2   1   1   3    0.0000000000E+00
   2   1   1   4    0.2405905464E+02
   2   1   1   5    0.2405905524E+02
   2   1   1   6    0.2405905411E+02
   2   1   2   1   -0.4563072329E+02
   2   1   2   2   -0.4563072389E+02
   2   1   2   3    0.1065391462E+03
   2   1   2   4    0.6402196993E+02
   2   1   2   5    0.1729865790E+02
   2   1   2   6    0.1729865833E+02
   2   1   3   1   -0.1285174614E+03
   2   1   3   2   -0.6799562906E+02
   2   1   3   3    0.3818081497E+02
   2   1   3   4    0.2294378241E+02
   2   1   3   5    0.2231366785E+02
   2   1   3   6    0.5218466351E+02
   2   1   4   1    0.2641637545E+03
   2   1   4   2    0.1125481034E+03
   2   1   4   3    0.5401301781E+02
   2   1   4   4    0.3159461805E+02
   2   1   4   5    0.3780337626E+02
   2   1   4   6    0.3780337444E+02
   2   1   5   1   -0.1245694554E+03
   2   1   5   2   -0.7194363637E+02
   2   1   5   3    0.3818081408E+02
   2   1   5   4    0.2294378187E+02
   2   1   5   5    0.3087331186E+02
   2   1   5   6    0.4362502002E+02
   2   1   6   1    0.1818749851E+03
   2   1   6   2    0.1948368687E+03
   2   1   6   3    0.4280381852E+02
   2   1   6   4    0.4280381638E+02
   2   1   6   5    0.3780337661E+02
   2   1   6   6    0.3780337577E+02
   2   1   7   1    0.1018711825E+03
   2   1   7   2    0.2748406666E+03
   2   1   7   3    0.2397755039E+02
   2   1   7   4    0.6163008345E+02
   2   1   7   5    0.3780337615E+02
   2   1   7   6    0.3780337811E+02
   2   1   8   1   -0.1508813087E+03
   2   1   8   2   -0.4563178280E+02
   2   1   8   3    0.3818081427E+02
   2   1   8   4    0.2294378198E+02
   2   1   8   5    0.5427174573E+02
   2   1   8   6    0.2022658604E+02
   2   2   1   1    0.0000000000E+00
   2   2   1   2    0.0000000000E+00
   2   2   1   3    0.0000000000E+00
   2   2   1   4    0.3667952392E+02
   2   2   1   5    0.3667952227E+02
   2   2   1   6    0.3667952546E+02
   2   2   2   1   -0.1178456084E+03
   2   2   2   2   -0.1178456064E+03
   2   2   2   3    0.9971386903E+02
   2   2   2   4    0.5992049451E+02
   2   2   2   5    0.4467540149E+02
   2   2   2   6    0.4467540045E+02
   2   2   3   1   -0.1428249439E+03
   2   2   3   2   -0.1245856563E+03
   2   2   3   3    0.7911291517E+02
   2   2   3   4    0.4754087917E+02
   2   2   3   5    0.4618675947E+02
   2   2   3   6    0.5518889675E+02
   2   2   4   1    0.3100062855E+03
   2   2   4   2    0.2643143321E+03
   2   2   4   3    0.6863516067E+02
   2   2   4   4    0.6187899563E+02
   2   2   4   5    0.5763359808E+02
   2   2   4   6    0.5763359925E+02
   2   2   5   1   -0.1416351481E+03
   2   2   5   2   -0.1257754470E+03
   2   2   5   3    0.7911291847E+02
   2   2   5   4    0.4754088116E+02
   2   2   5   5    0.4876635228E+02
   2   2   5   6    0.5260930201E+02
   2   2   6   1    0.2852071772E+03
   2   2   6   2    0.2891134525E+03
   2   2   6   3    0.6525707866E+02
   2   2   6   4    0.6525708036E+02
   2   2   6   5    0.5763359625E+02
   2   2   6   6    0.5763359626E+02
   2   2   7   1    0.2610966625E+03
   2   2   7   2    0.3132239801E+03
   2   2   7   3    0.5958346320E+02
   2   2   7   4    0.7093069877E+02
   2   2   7   5    0.5763359458E+02
   2   2   7   6    0.5763359273E+02
   2   2   8   1   -0.1495646664E+03
   2   2   8   2   -0.1178459282E+03
   2   2   8   3    0.7911291878E+02
   2   2   8   4    0.4754088134E+02
   2   2   8   5    0.5581787075E+02
   2   2   8   6    0.4555778336E+02
   2   3   1   1    0.0000000000E+00
   2   3   1   2    0.0000000000E+00
   2   3   1   3    0.0000000000E+00
   2   3   1   4    0.6343402628E+02
   2   3   1   5    0.1348048814E+03
   2   3   1   6    0.1016863901E+03
   2   3   2   1   -0.2842356386E+03
   2   3   2   2   -0.5684844064E+03
   2   3   2   3    0.1351920262E+03
   2   3   2   4    0.8124018399E+02
   2   3   2   5    0.9463706907E+02
   2   3   2   6    0.2286300493E+03
   2   3   3   1   -0.2417011611E+03
   2   3   3   2   -0.4108944806E+03
   2   3   3   3    0.2651678615E+03
   2   3   3   4    0.1593458317E+03
   2   3   3   5    0.1402626545E+03
   2   3   3   6    0.1071370798E+03
   2   3   4   1    0.6451773239E+03
   2   3   4   2    0.9068152091E+03
   2   3   4   3    0.1570015432E+03
   2   3   4   4    0.1956882084E+03
   2   3   4   5    0.1597772168E+03
   2   3   4   6    0.1597772225E+03
   2   3   5   1   -0.3133911220E+03
   2   3   5   2   -0.4770005420E+03
   2   3   5   3    0.1756727634E+03
   2   3   5   4    0.1055660457E+03
   2   3   5   5    0.1669760504E+03
   2   3   5   6    0.1326623093E+03
   2   3   6   1    0.9538869255E+03
   2   3   6   2    0.8975795287E+03
   2   3   6   3    0.2103725414E+03
   2   3   6   4    0.2103725524E+03
   2   3   6   5    0.9967225956E+02
   2   3   6   6    0.9967226121E+02
   2   3   7   1    0.5995416861E+03
   2   3   7   2    0.6931694988E+03
   2   3   7   3    0.1366934829E+03
   2   3   7   4    0.1570746745E+03
   2   3   7   5    0.2118154613E+03
   2   3   7   6    0.2118154519E+03
   2   3   8   1   -0.2625023244E+03
   2   3   8   2   -0.2707925700E+03
   2   3   8   3    0.3426507373E+03
   2   3   8   4    0.2059071804E+03
   2   3   8   5    0.1038623149E+03
   2   3   8   6    0.9831037334E+02
   2   4   1   1    0.0000000000E+00
   2   4   1   2    0.0000000000E+00
   2   4   1   3    0.0000000000E+00
   2   4   1   4    0.1365162750E+03
   2   4   1   5    0.6514538159E+02
   2   4   1   6    0.9826364293E+02
   2   4   2   1   -0.5684843310E+03
   2   4   2   2   -0.2842357870E+03
   2   4   2   3    0.1351919828E+03
   2   4   2   4    0.8124015790E+02
   2   4   2   5    0.2286300364E+03
   2   4   2   6    0.9463710970E+02
   2   4   3   1   -0.3055285340E+03
   2   4   3   2   -0.3593966988E+03
   2   4   3   3    0.2571601020E+03
   2   4   3   4    0.1545337738E+03
   2   4   3   5    0.1645209107E+03
   2   4   3   6    0.8755298536E+02
   2   4   4   1    0.6408145489E+03
   2   4   4   2    0.9379743422E+03
   2   4   4   3    0.1574200877E+03
   2   4   4   4    0.2013591268E+03
   2   4   4   5    0.1543991434E+03
   2   4   4   6    0.1543991461E+03
   2   4   5   1   -0.2483896533E+03
   2   4   5   2   -0.2787404948E+03
   2   4   5   3    0.3466545911E+03
   2   4   5   4    0.2083131938E+03
   2   4   5   5    0.1062601849E+03
   2   4   5   6    0.9357544107E+02
   2   4   6   1    0.6353891465E+03
   2   4   6   2    0.6439237230E+03
   2   4   6   3    0.1453616978E+03
   2   4   6   4    0.1453616972E+03
   2   4   6   5    0.2145045239E+03
   2   4   6   6    0.2145045273E+03
   2   4   7   1    0.1284599312E+04
   2   4   7   2    0.5534691270E+03
   2   4   7   3    0.2884275410E+03
   2   4   7   4    0.1292728585E+03
   2   4   7   5    0.1023612694E+03
   2   4   7   6    0.1023612688E+03
   2   4   8   1   -0.2023031099E+03
   2   4   8   2   -0.5819236529E+03
   2   4   8   3    0.1796767179E+03
   2   4   8   4    0.1079721196E+03
   2   4   8   5    0.8313585786E+02
   2   4   8   6    0.2141653810E+03
   2   5   1   1    0.0000000000E+00
   2   5   1   2    0.0000000000E+00
   2   5   1   3    0.0000000000E+00
   2   5   1   4    0.8392836559E+02
   2   5   1   5    0.1049283473E+03
   2   5   1   6    0.7811794067E+02
   2   5   2   1   -0.3560881705E+03
   2   5   2   2   -0.3769145241E+03
   2   5   2   3    0.1372486025E+03
   2   5   2   4    0.8247603077E+02
   2   5   2   5    0.1210288520E+03
   2   5   2   6    0.1568532855E+03
   2   5   3   1   -0.2444826009E+03
   2   5   3   2   -0.4111965288E+03
   2   5   3   3    0.1874683395E+03
   2   5   3   4    0.1126542949E+03
   2   5   3   5    0.1462656838E+03
   2   5   3   6    0.1023030043E+03
   2   5   4   1    0.5526067384E+03
   2   5   4   2    0.9259335316E+03
   2   5   4   3    0.1403981983E+03
   2   5   4   4    0.1955995527E+03
   2   5   4   5    0.1227447163E+03
   2   5   4   6    0.1227447215E+03
   2   5   5   1   -0.3014909653E+03
   2   5   5   2   -0.3217982533E+03
   2   5   5   3    0.2085047833E+03
   2   5   5   4    0.1252956068E+03
   2   5   5   5    0.1150277632E+03
   2   5   5   6    0.1212618735E+03
   2   5   6   1    0.7284948334E+03
   2   5   6   2    0.7045562024E+03
   2   5   6   3    0.1628301651E+03
   2   5   6   4    0.1628301736E+03
   2   5   6   5    0.1318744936E+03
   2   5   6   6    0.1318744878E+03
   2   5   7   1    0.6016707235E+03
   2   5   7   2    0.6669735614E+03
   2   5   7   3    0.1370418210E+03
   2   5   7   4    0.1512571420E+03
   2   5   7   5    0.1648712269E+03
   2   5   7   6    0.1648712209E+03
   2   5   8   1   -0.2345922584E+03
   2   5   8   2   -0.2716367294E+03
   2   5   8   3    0.2845324992E+03
   2   5   8   4    0.1709825145E+03
   2   5   8   5    0.8834805185E+02
   2   5   8   6    0.1035639210E+03
   2   6   1   1    0.0000000000E+00
   2   6   1   2    0.0000000000E+00
   2   6   1   3    0.0000000000E+00
   2   6   1   4    0.9405475475E+02
   2   6   1   5    0.7305476000E+02
   2   6   1   6    0.9986518053E+02
   2   6   2   1   -0.3769153126E+03
   2   6   2   2   -0.3560874840E+03
   2   6   2   3    0.1372486321E+03
   2   6   2   4    0.8247604857E+02
   2   6   2   5    0.1568537055E+03
   2   6   2   6    0.1210284707E+03
   2   6   3   1   -0.2712675552E+03
   2   6   3   2   -0.2631846796E+03
   2   6   3   3    0.2662022964E+03
   2   6   3   4    0.1599674488E+03
   2   6   3   5    0.1184719066E+03
   2   6   3   6    0.8413953062E+02
   2   6   4   1    0.6421066604E+03
   2   6   4   2    0.6661769761E+03
   2   6   4   3    0.1468739408E+03
   2   6   4   4    0.1504330507E+03
   2   6   4   5    0.1569155975E+03
   2   6   4   6    0.1569156020E+03
   2   6   5   1   -0.2246052868E+03
   2   6   5   2   -0.3422359301E+03
   2   6   5   3    0.2451664560E+03
   2   6   5   4    0.1473264996E+03
   2   6   5   5    0.1272740375E+03
   2   6   5   6    0.8761609887E+02
   2   6   6   1    0.6819041098E+03
   2   6   6   2    0.6718687676E+03
   2   6   6   3    0.1538222002E+03
   2   6   6   4    0.1538222051E+03
   2   6   6   5    0.1477858407E+03
   2   6   6   6    0.1477858125E+03
   2   6   7   1    0.1018427891E+04
   2   6   7   2    0.4997518399E+03
   2   6   7   3    0.2289564107E+03
   2   6   7   4    0.1160493937E+03
   2   6   7   5    0.1147890767E+03
   2   6   7   6    0.1147890689E+03
   2   6   8   1   -0.2225397932E+03
   2   6   8   2   -0.4613643832E+03
   2   6   8   3    0.1691369679E+03
   2   6   8   4    0.1016385269E+03
   2   6   8   5    0.9262446418E+02
   2   6   8   6    0.1666443705E+03
   2   7   1   1    0.0000000000E+00
   2   7   1   2    0.0000000000E+00
   2   7   1   3    0.0000000000E+00
   2   7   1   4    0.1667017489E+02
   2   7   1   5    0.1667017500E+02
   2   7   1   6    0.1667017532E+02
   2   7   2   1   -0.3172461355E+02
   2   7   2   2   -0.3172461158E+02
   2   7   2   3    0.7367950722E+02
   2   7   2   4    0.4427581189E+02
   2   7   2   5    0.1202683638E+02
   2   7   2   6    0.1202683550E+02
   2   7   3   1   -0.8892940093E+02
   2   7   3   2   -0.4715988753E+02
   2   7   3   3    0.2650158813E+02
   2   7   3   4    0.1592545030E+02
   2   7   3   5    0.1548797574E+02
   2   7   3   6    0.3610362503E+02
   2   7   4   1    0.1828283556E+03
   2   7   4   2    0.7818990105E+02
   2   7   4   3    0.3739424919E+02
   2   7   4   4    0.2192205688E+02
   2   7   4   5    0.2619342068E+02
   2   7   4   6    0.2619341814E+02
   2   7   5   1   -0.8620465877E+02
   2   7   5   2   -0.4988462698E+02
   2   7   5   3    0.2650158989E+02
   2   7   5   4    0.1592545136E+02
   2   7   5   5    0.2139546487E+02
   2   7   5   6    0.3019613487E+02
   2   7   6   1    0.1260362590E+03
   2   7   6   2    0.1349820010E+03
   2   7   6   3    0.2965815628E+02
   2   7   6   4    0.2965815056E+02
   2   7   6   5    0.2619341369E+02
   2   7   6   6    0.2619342378E+02
   2   7   7   1    0.7082116219E+02
   2   7   7   2    0.1901970969E+03
   2   7   7   3    0.1666509017E+02
   2   7   7   4    0.4265121646E+02
   2   7   7   5    0.2619341513E+02
   2   7   7   6    0.2619342269E+02
   2   7   8   1   -0.1043639437E+03
   2   7   8   2   -0.3172534505E+02
   2   7   8   3    0.2650158797E+02
   2   7   8   4    0.1592545021E+02
   2   7   8   5    0.3754403666E+02
   2   7   8   6    0.1404756419E+02
   2   8   1   1    0.0000000000E+00
   2   8   1   2    0.0000000000E+00
   2   8   1   3    0.0000000000E+00
   2   8   1   4    0.9295141846E+02
   2   8   1   5    0.9295140986E+02
   2   8   1   6    0.9295141301E+02
   2   8   2   1   -0.1755175040E+03
   2   8   2   2   -0.1755175009E+03
   2   8   2   3    0.4126178867E+03
   2   8   2   4    0.2479521460E+03
   2   8   2   5    0.6653888044E+02
   2   8   2   6    0.6653888074E+02
   2   8   3   1   -0.4973761716E+03
   2   8   3   2   -0.2623630091E+03
   2   8   3   3    0.1471746635E+03
   2   8   3   4    0.8844084282E+02
   2   8   3   5    0.8601273280E+02
   2   8   3   6    0.2020052364E+03
   2   8   4   1    0.1022077741E+04
   2   8   4   2    0.4333368636E+03
   2   8   4   3    0.2088978265E+03
   2   8   4   4    0.1218446252E+03
   2   8   4   5    0.1460521991E+03
   2   8   4   6    0.1460521488E+03
   2   8   5   1   -0.4820456490E+03
   2   8   5   2   -0.2776935380E+03
   2   8   5   3    0.1471746595E+03
   2   8   5   4    0.8844084040E+02
   2   8   5   5    0.1192508081E+03
   2   8   5   6    0.1687671635E+03
   2   8   6   1    0.7025409400E+03
   2   8   6   2    0.7528736216E+03
   2   8   6   3    0.1653712487E+03
   2   8   6   4    0.1653711932E+03
   2   8   6   5    0.1460521578E+03
   2   8   6   6    0.1460522072E+03
   2   8   7   1    0.3918771612E+03
   2   8   7   2    0.1063537468E+04
   2   8   7   3    0.9226666836E+02
   2   8   7   4    0.2384757889E+03
   2   8   7   5    0.1460521452E+03
   2   8   7   6    0.1460521928E+03
   2   8   8   1   -0.5842175474E+03
   2   8   8   2   -0.1755216148E+03
   2   8   8   3    0.1471746756E+03
   2   8   8   4    0.8844085007E+02
   2   8   8   5    0.2101096040E+03
   2   8   8   6    0.7790835818E+02
   3   1   1   1    0.0000000000E+00
   3   1   1   2    0.0000000000E+00
   3   1   1   3    0.0000000000E+00
   3   1   1   4    0.2601393255E+02
   3   1   1   5    0.2601393274E+02
   3   1   1   6    0.5624264481E+02
   3   1   2   1   -0.1193592955E+03
   3   1   2   2   -0.1492403005E+03
   3   1   2   3    0.7427895494E+02
   3   1   2   4    0.4463604096E+02
   3   1   2   5    0.4816465205E+02
   3   1   2   6    0.5366175184E+02
   3   1   3   1   -0.1471531756E+03
   3   1   3   2   -0.1214464202E+03
   3   1   3   3    0.7427895507E+02
   3   1   3   4    0.4463604104E+02
   3   1   3   5    0.4456932384E+02
   3   1   3   6    0.5725707997E+02
   3   1   4   1    0.1653773238E+03
   3   1   4   2    0.2419436207E+03
   3   1   4   3    0.4062109431E+02
   3   1   4   4    0.5194244402E+02
   3   1   4   5    0.1534208874E+03
   3   1   4   6    0.2332436665E+02
   3   1   5   1   -0.1454762531E+03
   3   1   5   2   -0.9654716533E+02
   3   1   5   3    0.9153952295E+02
   3   1   5   4    0.5500833702E+02
   3   1   5   5    0.3361812084E+02
   3   1   5   6    0.5813322457E+02
   3   1   6   1    0.1408580066E+03
   3   1   6   2    0.5031204794E+03
   3   1   6   3    0.1144476973E+03
   3   1   6   4    0.3189619050E+02
   3   1   6   5    0.3301563960E+02
   3   1   6   6    0.4873441192E+02
   3   1   7   1    0.3476264369E+03
   3   1   7   2    0.2963520476E+03
   3   1   7   3    0.6007360285E+02
   3   1   7   4    0.8627028466E+02
   3   1   7   5    0.3301564006E+02
   3   1   7   6    0.4873441203E+02
   3   1   8   1   -0.9681660623E+02
   3   1   8   2   -0.1452068122E+03
   3   1   8   3    0.9153952297E+02
   3   1   8   4    0.5500833703E+02
   3   1   8   5    0.2958462036E+02
   3   1   8   6    0.6216672504E+02
   3   2   1   1    0.0000000000E+00
   3   2   1   2    0.0000000000E+00
   3   2   1   3    0.0000000000E+00
   3   2   1   4    0.2601393233E+02
   3   2   1   5    0.2601393261E+02
   3   2   1   6    0.5624264467E+02
   3   2   2   1   -0.8830790777E+02
   3   2   2   2   -0.1537155048E+03
   3   2   2   3    0.9153953277E+02
   3   2   2   4    0.5500833028E+02
   3   2   2   5    0.3985927326E+02
   3   2   2   6    0.5189207387E+02
   3   2   3   1   -0.1491469235E+03
   3   2   3   2   -0.9287648962E+02
   3   2   3   3    0.9153953244E+02
   3   2   3   4    0.5500833008E+02
   3   2   3   5    0.3198932915E+02
   3   2   3   6    0.5976201817E+02
   3   2   4   1    0.2419436129E+03
   3   2   4   2    0.1653773219E+03
   3   2   4   3    0.5194244388E+02
   3   2   4   4    0.4062109541E+02
   3   2   4   5    0.2332436675E+02
   3   2   4   6    0.1534208865E+03
   3   2   5   1   -0.1454762482E+03
   3   2   5   2   -0.1231233405E+03
   3   2   5   3    0.7427896568E+02
   3   2   5   4    0.4463603477E+02
   3   2   5   5    0.4531342529E+02
   3   2   5   6    0.5651297980E+02
   3   2   6   1    0.5031205015E+03
   3   2   6   2    0.1408580076E+03
   3   2   6   3    0.3189618976E+02
   3   2   6   4    0.1144476919E+03
   3   2   6   5    0.4873441137E+02
   3   2   6   6    0.3301563949E+02
   3   2   7   1    0.2963520573E+03
   3   2   7   2    0.3476264496E+03
   3   2   7   3    0.8627028057E+02
   3   2   7   4    0.6007360056E+02
   3   2   7   5    0.4873441227E+02
   3   2   7   6    0.3301563948E+02
   3   2   8   1   -0.1232464332E+03
   3   2   8   2   -0.1453531556E+03
   3   2   8   3    0.7427896562E+02
   3   2   8   4    0.4463603473E+02
   3   2   8   5    0.4347074877E+02
   3   2   8   6    0.5835565635E+02
   3   3   1   1    0.0000000000E+00
   3   3   1   2    0.0000000000E+00
   3   3   1   3    0.0000000000E+00
   3   3   1   4    0.9615152223E+02
   3   3   1   5    0.9615152281E+02
   3   3   1   6    0.4390459530E+02
   3   3   2   1   -0.3734112324E+03
   3   3   2   2   -0.2295805530E+03
   3   3   2   3    0.1510070030E+03
   3   3   2   4    0.9074378900E+02
   3   3   2   5    0.1275274340E+03
   3   3   2   6    0.1010674232E+03
   3   3   3   1   -0.2396268203E+03
   3   3   3   2   -0.3633649650E+03
   3   3   3   3    0.1510070030E+03
   3   3   3   4    0.9074378905E+02
   3   3   3   5    0.1448333653E+03
   3   3   3   6    0.8376149179E+02
   3   3   4   1    0.6047791980E+03
   3   3   4   2    0.9007420613E+03
   3   3   4   3    0.1456314157E+03
   3   3   4   4    0.1964977555E+03
   3   3   4   5    0.6898616569E+02
   3   3   4   6    0.6898616594E+02
   3   3   5   1   -0.2476985981E+03
   3   3   5   2   -0.2633069185E+03
   3   3   5   3    0.2107498025E+03
   3   3   5   4    0.1266446935E+03
   3   3   5   5    0.1007715245E+03
   3   3   5   6    0.9295123577E+02
   3   3   6   1    0.5637688506E+03
   3   3   6   2    0.5327164547E+03
   3   3   6   3    0.1210498715E+03
   3   3   6   4    0.1281260251E+03
   3   3   6   5    0.1448309263E+03
   3   3   6   6    0.1573299208E+03
   3   3   7   1    0.5504402214E+03
   3   3   7   2    0.5460450821E+03
   3   3   7   3    0.1234651845E+03
   3   3   7   4    0.1257107105E+03
   3   3   7   5    0.1573299218E+03
   3   3   7   6    0.1448309272E+03
   3   3   8   1   -0.2632209669E+03
   3   3   8   2   -0.2477845490E+03
   3   3   8   3    0.2107498030E+03
   3   3   8   4    0.1266446938E+03
   3   3   8   5    0.1020582062E+03
   3   3   8   6    0.9166455378E+02
   3   4   1   1    0.0000000000E+00
   3   4   1   2    0.0000000000E+00
   3   4   1   3    0.0000000000E+00
   3   4   1   4    0.9615152357E+02
   3   4   1   5    0.9615152310E+02
   3   4   1   6    0.4390459549E+02
   3   4   2   1   -0.2659352311E+03
   3   4   2   2   -0.2450702872E+03
   3   4   2   3    0.2107498056E+03
   3   4   2   4    0.1266446954E+03
   3   4   2   5    0.9878060454E+02
   3   4   2   6    0.9494215636E+02
   3   4   3   1   -0.2465276588E+03
   3   4   3   2   -0.2644778598E+03
   3   4   3   3    0.2107498054E+03
   3   4   3   4    0.1266446952E+03
   3   4   3   5    0.1012911069E+03
   3   4   3   6    0.9243165414E+02
   3   4   4   1    0.9007420746E+03
   3   4   4   2    0.6047791974E+03
   3   4   4   3    0.1964977582E+03
   3   4   4   4    0.1456314159E+03
   3   4   4   5    0.6898616593E+02
   3   4   4   6    0.6898616629E+02
   3   4   5   1   -0.2476986015E+03
   3   4   5   2   -0.3552931905E+03
   3   4   5   3    0.1510070028E+03
   3   4   5   4    0.9074378889E+02
   3   4   5   5    0.1412516697E+03
   3   4   5   6    0.8734318995E+02
   3   4   6   1    0.5327164383E+03
   3   4   6   2    0.5637688735E+03
   3   4   6   3    0.1281260215E+03
   3   4   6   4    0.1210498754E+03
   3   4   6   5    0.1573299231E+03
   3   4   6   6    0.1448309283E+03
   3   4   7   1    0.5460450875E+03
   3   4   7   2    0.5504402251E+03
   3   4   7   3    0.1257107131E+03
   3   4   7   4    0.1234651852E+03
   3   4   7   5    0.1448309269E+03
   3   4   7   6    0.1573299230E+03
   3   4   8   1   -0.3547006923E+03
   3   4   8   2   -0.2482910989E+03
   3   4   8   3    0.1510070034E+03
   3   4   8   4    0.9074378924E+02
   3   4   8   5    0.1501212988E+03
   3   4   8   6    0.7847356054E+02
   3   5   1   1    0.0000000000E+00
   3   5   1   2    0.0000000000E+00
   3   5   1   3    0.0000000000E+00
   3   5   1   4    0.7072133169E+01
   3   5   1   5    0.7072132844E+01
   3   5   1   6    0.2746550140E+02
   3   5   2   1   -0.1117145719E+02
   3   5   2   2   -0.6827537438E+02
   3   5   2   3    0.4399055775E+02
   3   5   2   4    0.2643500517E+02
   3   5   2   5    0.9806589707E+01
   3   5   2   6    0.2031179049E+02
   3   5   3   1   -0.6428678711E+02
   3   5   3   2   -0.1516004380E+02
   3   5   3   3    0.4399055818E+02
   3   5   3   4    0.2643500543E+02
   3   5   3   5    0.2935757459E+01
   3   5   3   6    0.2718262249E+02
   3   5   4   1    0.1091633236E+03
   3   5   4   2    0.1570713582E+01
   3   5   4   3    0.2053663833E+02
   3   5   4   4    0.4627633776E+01
   3   5   4   5    0.8054809220E+02
   3   5   4   6    0.5763585340E+01
   3   5   5   1   -0.6108211458E+02
   3   5   5   2   -0.5571013316E+02
   3   5   5   3    0.1973563641E+02
   3   5   5   4    0.1185963170E+02
   3   5   5   5    0.2079226396E+02
   3   5   5   6    0.2348380508E+02
   3   5   6   1    0.6090616331E+02
   3   5   6   2    0.2094855025E+03
   3   5   6   3    0.4765216030E+02
   3   5   6   4    0.1379425419E+02
   3   5   6   5    0.1860196978E+02
   3   5   6   6    0.3622553573E+01
   3   5   7   1    0.1457107459E+03
   3   5   7   2    0.1246809225E+03
   3   5   7   3    0.2535101771E+02
   3   5   7   4    0.3609539736E+02
   3   5   7   5    0.1860196897E+02
   3   5   7   6    0.3622553363E+01
   3   5   8   1   -0.5573971521E+02
   3   5   8   2   -0.6105253370E+02
   3   5   8   3    0.1973563565E+02
   3   5   8   4    0.1185963124E+02
   3   5   8   5    0.2034942129E+02
   3   5   8   6    0.2392664819E+02
   3   6   1   1    0.0000000000E+00
   3   6   1   2    0.0000000000E+00
   3   6   1   3    0.0000000000E+00
   3   6   1   4    0.7072133248E+01
   3   6   1   5    0.7072133650E+01
   3   6   1   6    0.2746550116E+02
   3   6   2   1   -0.5480553051E+02
   3   6   2   2   -0.6198670985E+02
   3   6   2   3    0.1973565025E+02
   3   6   2   4    0.1185962660E+02
   3   6   2   5    0.2147748711E+02
   3   6   2   6    0.2279858333E+02
   3   6   3   1   -0.6148512004E+02
   3   6   3   2   -0.5530712069E+02
   3   6   3   3    0.1973565002E+02
   3   6   3   4    0.1185962646E+02
   3   6   3   5    0.2061343655E+02
   3   6   3   6    0.2366263404E+02
   3   6   4   1    0.1570731838E+01
   3   6   4   2    0.1091633189E+03
   3   6   4   3    0.4627635657E+01
   3   6   4   4    0.2053663653E+02
   3   6   4   5    0.5763584833E+01
   3   6   4   6    0.8054809174E+02
   3   6   5   1   -0.6108211157E+02
   3   6   5   2   -0.1836471944E+02
   3   6   5   3    0.4399056716E+02
   3   6   5   4    0.2643499741E+02
   3   6   5   5    0.4357772263E+01
   3   6   5   6    0.2576061192E+02
   3   6   6   1    0.2094855192E+03
   3   6   6   2    0.6090617093E+02
   3   6   6   3    0.1379425462E+02
   3   6   6   4    0.4765215638E+02
   3   6   6   5    0.3622553069E+01
   3   6   6   6    0.1860197049E+02
   3   6   7   1    0.1246809321E+03
   3   6   7   2    0.1457107549E+03
   3   6   7   3    0.3609539462E+02
   3   6   7   4    0.2535101566E+02
   3   6   7   5    0.3622553486E+01
   3   6   7   6    0.1860197134E+02
   3   6   8   1   -0.1859995441E+02
   3   6   8   2   -0.6084687656E+02
   3   6   8   3    0.4399056720E+02
   3   6   8   4    0.2643499742E+02
   3   6   8   5    0.8363365409E+00
   3   6   8   6    0.2928204763E+02
   3   7   1   1    0.0000000000E+00
   3   7   1   2    0.0000000000E+00
   3   7   1   3    0.0000000000E+00
   3   7   1   4    0.2254374260E+03
   3   7   1   5    0.2254374242E+03
   3   7   1   6    0.1070925528E+03
   3   7   2   1   -0.8362618401E+03
   3   7   2   2   -0.5523359255E+03
   3   7   2   3    0.3799478397E+03
   3   7   2   4    0.2283199184E+03
   3   7   2   5    0.2893258912E+03
   3   7   2   6    0.2370930677E+03
   3   7   3   1   -0.5721675481E+03
   3   7   3   2   -0.8164302189E+03
   3   7   3   3    0.3799478388E+03
   3   7   3   4    0.2283199179E+03
   3   7   3   5    0.3234882985E+03
   3   7   3   6    0.2029306609E+03
   3   7   4   1    0.1716550381E+04
   3   7   4   2    0.1813303615E+04
   3   7   4   3    0.4310059650E+03
   3   7   4   4    0.3711521016E+03
   3   7   4   5    0.1682717854E+03
   3   7   4   6    0.1682717839E+03
   3   7   5   1   -0.5881014802E+03
   3   7   5   2   -0.6547744027E+03
   3   7   5   3    0.4745905876E+03
   3   7   5   4    0.2851930526E+03
   3   7   5   5    0.2522904974E+03
   3   7   5   6    0.2188851335E+03
   3   7   6   1    0.1139596972E+04
   3   7   6   2    0.1463746893E+04
   3   7   6   3    0.3327377242E+03
   3   7   6   4    0.2588712375E+03
   3   7   6   5    0.4194612960E+03
   3   7   6   6    0.2889868081E+03
   3   7   7   1    0.1278731947E+04
   3   7   7   2    0.1324611903E+04
   3   7   7   3    0.3075247888E+03
   3   7   7   4    0.2840841827E+03
   3   7   7   5    0.2889868094E+03
   3   7   7   6    0.4194612887E+03
   3   7   8   1   -0.6544072513E+03
   3   7   8   2   -0.5884686312E+03
   3   7   8   3    0.4745905878E+03
   3   7   8   4    0.2851930528E+03
   3   7   8   5    0.2577867233E+03
   3   7   8   6    0.2133889074E+03
   3   8   1   1    0.0000000000E+00
   3   8   1   2    0.0000000000E+00
   3   8   1   3    0.0000000000E+00
   3   8   1   4    0.2254374250E+03
   3   8   1   5    0.2254374259E+03
   3   8   1   6    0.1070925535E+03
   3   8   2   1   -0.6660016003E+03
   3   8   2   2   -0.5768743017E+03
   3   8   2   3    0.4745905785E+03
   3   8   2   4    0.2851930472E+03
   3   8   2   5    0.2437860342E+03
   3   8   2   6    0.2273896040E+03
   3   8   3   1   -0.5830996563E+03
   3   8   3   2   -0.6597762463E+03
   3   8   3   3    0.4745905781E+03
   3   8   3   4    0.2851930469E+03
   3   8   3   5    0.2545099686E+03
   3   8   3   6    0.2166656698E+03
   3   8   4   1    0.1813303571E+04
   3   8   4   2    0.1716550432E+04
   3   8   4   3    0.3711520950E+03
   3   8   4   4    0.4310059730E+03
   3   8   4   5    0.1682717857E+03
   3   8   4   6    0.1682717858E+03
   3   8   5   1   -0.5881014736E+03
   3   8   5   2   -0.8004962794E+03
   3   8   5   3    0.3799478513E+03
   3   8   5   4    0.2283199254E+03
   3   8   5   5    0.3164179171E+03
   3   8   5   6    0.2100010370E+03
   3   8   6   1    0.1463746853E+04
   3   8   6   2    0.1139597002E+04
   3   8   6   3    0.2588712323E+03
   3   8   6   4    0.3327377403E+03
   3   8   6   5    0.2889868091E+03
   3   8   6   6    0.4194612916E+03
   3   8   7   1    0.1324611921E+04
   3   8   7   2    0.1278731956E+04
   3   8   7   3    0.2840841822E+03
   3   8   7   4    0.3075247822E+03
   3   8   7   5    0.4194612952E+03
   3   8   7   6    0.2889868088E+03
   3   8   8   1   -0.7993266717E+03
   3   8   8   2   -0.5892710826E+03
   3   8   8   3    0.3799478505E+03
   3   8   8   4    0.2283199249E+03
   3   8   8   5    0.3339268188E+03
   3   8   8   6    0.1924921358E+03
