Dynamical matrix file
                                                                           
  1    2  2  6.7034255  0.0000000  0.0000000  0.0000000  0.0000000  0.0000000
           1  'C   '    10947.3567922507     
    1    1     -0.0000000000     -0.0000000000      0.0000000000
    2    1     -0.2480040003      0.2480040003      0.2480040003

     Dynamical  Matrix in cartesian axes

     q = (    0.504024128  -0.504024128   0.504024128 ) 

    1    1
  0.67555374  0.00000000   -0.09602947  0.00000000    0.09602947  0.00000000
 -0.09602947  0.00000000    0.67555374  0.00000000   -0.09602947  0.00000000
  0.09602947  0.00000000   -0.09602947  0.00000000    0.67555374  0.00000000
    1    2
 -0.65049117  0.00000000   -0.12269695  0.00000000    0.12269695  0.00000000
 -0.12269695  0.00000000   -0.65049117  0.00000000   -0.12269695  0.00000000
  0.12269695  0.00000000   -0.12269695  0.00000000   -0.65049117  0.00000000
    2    1
 -0.65049117  0.00000000   -0.12269695  0.00000000    0.12269695  0.00000000
 -0.12269695  0.00000000   -0.65049117  0.00000000   -0.12269695  0.00000000
  0.12269695  0.00000000   -0.12269695  0.00000000   -0.65049117  0.00000000
    2    2
  0.67557632  0.00000000   -0.09602971  0.00000000    0.09602971  0.00000000
 -0.09602971  0.00000000    0.67557632  0.00000000   -0.09602971  0.00000000
  0.09602971  0.00000000   -0.09602971  0.00000000    0.67557632  0.00000000

     Dynamical  Matrix in cartesian axes

     q = (   -0.504024128  -0.504024128  -0.504024128 ) 

    1    1
  0.67555374  0.00000000    0.09602947  0.00000000    0.09602947  0.00000000
  0.09602947  0.00000000    0.67555374  0.00000000    0.09602947  0.00000000
  0.09602947  0.00000000    0.09602947  0.00000000    0.67555374  0.00000000
    1    2
 -0.65049117 -0.00000000    0.12269695  0.00000000    0.12269695  0.00000000
  0.12269695  0.00000000   -0.65049117 -0.00000000    0.12269695  0.00000000
  0.12269695  0.00000000    0.12269695  0.00000000   -0.65049117 -0.00000000
    2    1
 -0.65049117  0.00000000    0.12269695 -0.00000000    0.12269695 -0.00000000
  0.12269695 -0.00000000   -0.65049117  0.00000000    0.12269695 -0.00000000
  0.12269695 -0.00000000    0.12269695 -0.00000000   -0.65049117  0.00000000
    2    2
  0.67557632  0.00000000    0.09602971  0.00000000    0.09602971  0.00000000
  0.09602971  0.00000000    0.67557632  0.00000000    0.09602971  0.00000000
  0.09602971  0.00000000    0.09602971  0.00000000    0.67557632  0.00000000

     Dynamical  Matrix in cartesian axes

     q = (   -0.504024128   0.504024128   0.504024128 ) 

    1    1
  0.67555374  0.00000000   -0.09602947  0.00000000   -0.09602947  0.00000000
 -0.09602947  0.00000000    0.67555374  0.00000000    0.09602947  0.00000000
 -0.09602947  0.00000000    0.09602947  0.00000000    0.67555374  0.00000000
    1    2
  0.65049117  0.00000000    0.12269695  0.00000000    0.12269695  0.00000000
  0.12269695  0.00000000    0.65049117  0.00000000   -0.12269695 -0.00000000
  0.12269695  0.00000000   -0.12269695 -0.00000000    0.65049117  0.00000000
    2    1
  0.65049117 -0.00000000    0.12269695 -0.00000000    0.12269695 -0.00000000
  0.12269695 -0.00000000    0.65049117 -0.00000000   -0.12269695  0.00000000
  0.12269695 -0.00000000   -0.12269695  0.00000000    0.65049117 -0.00000000
    2    2
  0.67557632  0.00000000   -0.09602971  0.00000000   -0.09602971  0.00000000
 -0.09602971  0.00000000    0.67557632  0.00000000    0.09602971  0.00000000
 -0.09602971  0.00000000    0.09602971  0.00000000    0.67557632  0.00000000

     Dynamical  Matrix in cartesian axes

     q = (    0.504024128   0.504024128  -0.504024128 ) 

    1    1
  0.67555374  0.00000000    0.09602947  0.00000000   -0.09602947  0.00000000
  0.09602947  0.00000000    0.67555374  0.00000000   -0.09602947  0.00000000
 -0.09602947  0.00000000   -0.09602947  0.00000000    0.67555374  0.00000000
    1    2
 -0.65049117 -0.00000000    0.12269695  0.00000000   -0.12269695 -0.00000000
  0.12269695  0.00000000   -0.65049117 -0.00000000   -0.12269695 -0.00000000
 -0.12269695 -0.00000000   -0.12269695 -0.00000000   -0.65049117 -0.00000000
    2    1
 -0.65049117  0.00000000    0.12269695 -0.00000000   -0.12269695  0.00000000
  0.12269695 -0.00000000   -0.65049117  0.00000000   -0.12269695  0.00000000
 -0.12269695  0.00000000   -0.12269695  0.00000000   -0.65049117  0.00000000
    2    2
  0.67557632  0.00000000    0.09602971  0.00000000   -0.09602971  0.00000000
  0.09602971  0.00000000    0.67557632  0.00000000   -0.09602971  0.00000000
 -0.09602971  0.00000000   -0.09602971  0.00000000    0.67557632  0.00000000

     Diagonalizing the dynamical matrix

     q = (    0.504024128  -0.504024128   0.504024128 ) 

 **************************************************************************
     freq (    1) =     -13.836688 [THz] =    -461.542242 [cm-1]
 (  0.494020  0.000000 -0.011759  0.000000 -0.505779  0.000000 ) 
 (  0.494013  0.000000 -0.011759  0.000000 -0.505772  0.000000 ) 
     freq (    2) =     -13.836688 [THz] =    -461.542242 [cm-1]
 (  0.298801  0.000000  0.577235  0.000000  0.278434  0.000000 ) 
 (  0.298797  0.000000  0.577226  0.000000  0.278430  0.000000 ) 
     freq (    3) =      21.383999 [THz] =     713.293415 [cm-1]
 (  0.408254  0.000000 -0.408254  0.000000  0.408254  0.000000 ) 
 (  0.408242  0.000000 -0.408242  0.000000  0.408242  0.000000 ) 
     freq (    4) =      35.472115 [THz] =    1183.222399 [cm-1]
 (  0.408242  0.000000 -0.408242  0.000000  0.408242  0.000000 ) 
 ( -0.408254  0.000000  0.408254  0.000000 -0.408254  0.000000 ) 
     freq (    5) =      36.569997 [THz] =    1219.843802 [cm-1]
 ( -0.545318  0.000000 -0.436877  0.000000  0.108441  0.000000 ) 
 (  0.545326  0.000000  0.436884  0.000000 -0.108442  0.000000 ) 
     freq (    6) =      36.569997 [THz] =    1219.843802 [cm-1]
 ( -0.189623  0.000000  0.377448  0.000000  0.567071  0.000000 ) 
 (  0.189626  0.000000 -0.377453  0.000000 -0.567079  0.000000 ) 
 **************************************************************************
