Dynamical matrix file
                                                                           
  1    2  2  6.7034255  0.0000000  0.0000000  0.0000000  0.0000000  0.0000000
           1  'C   '    10947.3567922507     
    1    1     -0.0000000000     -0.0000000000      0.0000000000
    2    1     -0.2480040003      0.2480040003      0.2480040003

     Dynamical  Matrix in cartesian axes

     q = (    0.000000000  -1.008048256   0.000000000 ) 

    1    1
  0.40488849  0.00000000    0.00000000  0.00000000    0.00000000  0.00000000
  0.00000000  0.00000000    0.98396399  0.00000000    0.00000000  0.00000000
  0.00000000  0.00000000    0.00000000  0.00000000    0.40488849  0.00000000
    1    2
  0.00000000 -0.00000000    0.00000000  0.00000000    0.36576554 -0.00000000
  0.00000000  0.00000000    0.00000000  0.00000000   -0.00000000 -0.00000000
  0.36576554 -0.00000000    0.00000000  0.00000000    0.00000000 -0.00000000
    2    1
  0.00000000  0.00000000    0.00000000  0.00000000    0.36576554  0.00000000
 -0.00000000  0.00000000    0.00000000 -0.00000000   -0.00000000  0.00000000
  0.36576554  0.00000000   -0.00000000  0.00000000    0.00000000 -0.00000000
    2    2
  0.40491029  0.00000000    0.00000000  0.00000000    0.00000000  0.00000000
 -0.00000000  0.00000000    0.98398713  0.00000000    0.00000000  0.00000000
  0.00000000  0.00000000    0.00000000  0.00000000    0.40491029  0.00000000

     Dynamical  Matrix in cartesian axes

     q = (    0.000000000  -0.000000000  -1.008048256 ) 

    1    1
  0.40488849  0.00000000    0.00000000  0.00000000   -0.00000000  0.00000000
  0.00000000  0.00000000    0.40488849  0.00000000    0.00000000  0.00000000
 -0.00000000  0.00000000    0.00000000  0.00000000    0.98396399  0.00000000
    1    2
  0.00000000  0.00000000    0.36576554 -0.00000000    0.00000000  0.00000000
  0.36576554 -0.00000000   -0.00000000 -0.00000000    0.00000000 -0.00000000
  0.00000000  0.00000000    0.00000000 -0.00000000    0.00000000  0.00000000
    2    1
  0.00000000  0.00000000    0.36576554  0.00000000    0.00000000 -0.00000000
  0.36576554  0.00000000    0.00000000  0.00000000   -0.00000000  0.00000000
  0.00000000  0.00000000    0.00000000 -0.00000000    0.00000000  0.00000000
    2    2
  0.40491029  0.00000000    0.00000000  0.00000000   -0.00000000  0.00000000
  0.00000000  0.00000000    0.40491029  0.00000000    0.00000000  0.00000000
 -0.00000000  0.00000000   -0.00000000  0.00000000    0.98398713  0.00000000

     Dynamical  Matrix in cartesian axes

     q = (    1.008048256   0.000000000   0.000000000 ) 

    1    1
  0.98396399  0.00000000    0.00000000  0.00000000   -0.00000000  0.00000000
 -0.00000000  0.00000000    0.40488849  0.00000000   -0.00000000  0.00000000
 -0.00000000  0.00000000   -0.00000000  0.00000000    0.40488849  0.00000000
    1    2
  0.00000000  0.00000000    0.00000000  0.00000000    0.00000000  0.00000000
  0.00000000  0.00000000    0.00000000  0.00000000   -0.36576554  0.00000000
  0.00000000  0.00000000   -0.36576554  0.00000000    0.00000000 -0.00000000
    2    1
  0.00000000  0.00000000   -0.00000000  0.00000000    0.00000000  0.00000000
  0.00000000  0.00000000    0.00000000  0.00000000   -0.36576554 -0.00000000
  0.00000000  0.00000000   -0.36576554 -0.00000000    0.00000000  0.00000000
    2    2
  0.98398713  0.00000000   -0.00000000  0.00000000    0.00000000  0.00000000
 -0.00000000  0.00000000    0.40491029  0.00000000   -0.00000000  0.00000000
  0.00000000  0.00000000   -0.00000000  0.00000000    0.40491029  0.00000000

     Diagonalizing the dynamical matrix

     q = (    0.000000000  -1.008048256   0.000000000 ) 

 **************************************************************************
     freq (    1) =       6.220091 [THz] =     207.479887 [cm-1]
 ( -0.412070  0.000000  0.000000  0.000000  0.574642 -0.000000 ) 
 ( -0.574624  0.000000  0.000000  0.000000  0.412058  0.000000 ) 
     freq (    2) =       6.220091 [THz] =     207.479887 [cm-1]
 ( -0.574642  0.000000  0.000000 -0.000000 -0.412070  0.000000 ) 
 (  0.412058 -0.000000 -0.000000 -0.000000  0.574624  0.000000 ) 
     freq (    3) =      27.602804 [THz] =     920.730423 [cm-1]
 (  0.702637 -0.000000 -0.000000  0.000000 -0.079285  0.000000 ) 
 ( -0.079287 -0.000000 -0.000000  0.000000  0.702658  0.000000 ) 
     freq (    4) =      27.602804 [THz] =     920.730423 [cm-1]
 (  0.079285 -0.000000 -0.000000  0.000000  0.702637 -0.000000 ) 
 (  0.702658  0.000000 -0.000000 -0.000000  0.079287  0.000000 ) 
     freq (    5) =      31.189614 [THz] =    1040.373542 [cm-1]
 ( -0.000000 -0.000000 -1.000000 -0.000000 -0.000000 -0.000000 ) 
 ( -0.000000 -0.000000 -0.000000  0.000000  0.000000  0.000000 ) 
     freq (    6) =      31.189981 [THz] =    1040.385772 [cm-1]
 (  0.000000 -0.000000 -0.000000 -0.000000  0.000000 -0.000000 ) 
 (  0.000000 -0.000000  1.000000 -0.000000  0.000000  0.000000 ) 
 **************************************************************************
