 ikr ibn iq imode EPCE[meV]
   1   1   1   1    0.0000000000E+00
   1   1   1   2    0.0000000000E+00
   1   1   1   3    0.0000000000E+00
   1   1   1   4   -0.2385328400E+02
   1   1   1   5   -0.2385328415E+02
   1   1   1   6   -0.2385328418E+02
   1   1   2   1                 NaN
   1   1   2   2                 NaN
   1   1   2   3   -0.4805739404E+02
   1   1   2   4   -0.1887208025E+02
   1   1   2   5   -0.1361341193E+02
   1   1   2   6   -0.1361341389E+02
   1   1   3   1                 NaN
   1   1   3   2                 NaN
   1   1   3   3   -0.4805739591E+02
   1   1   3   4   -0.1887208019E+02
   1   1   3   5   -0.1361341280E+02
   1   1   3   6   -0.1361341326E+02
   1   1   4   1   -0.2884988123E+02
   1   1   4   2   -0.2884986783E+02
   1   1   4   3   -0.2251785983E+02
   1   1   4   4   -0.2251785872E+02
   1   1   4   5   -0.2219782285E+02
   1   1   4   6   -0.2219750815E+02
   1   1   5   1                 NaN
   1   1   5   2                 NaN
   1   1   5   3   -0.4805739390E+02
   1   1   5   4   -0.1887208016E+02
   1   1   5   5   -0.1361341221E+02
   1   1   5   6   -0.1361341365E+02
   1   1   6   1   -0.2884988131E+02
   1   1   6   2   -0.2884986808E+02
   1   1   6   3   -0.2251786097E+02
   1   1   6   4   -0.2251785791E+02
   1   1   6   5   -0.2219782296E+02
   1   1   6   6   -0.2219750824E+02
   1   1   7   1   -0.2884986798E+02
   1   1   7   2   -0.2884988159E+02
   1   1   7   3   -0.2251786085E+02
   1   1   7   4   -0.2251785787E+02
   1   1   7   5   -0.2219782310E+02
   1   1   7   6   -0.2219750827E+02
   1   1   8   1                 NaN
   1   1   8   2                 NaN
   1   1   8   3   -0.4805739495E+02
   1   1   8   4   -0.1887208032E+02
   1   1   8   5   -0.1361341192E+02
   1   1   8   6   -0.1361341376E+02
   1   2   1   1    0.0000000000E+00
   1   2   1   2    0.0000000000E+00
   1   2   1   3    0.0000000000E+00
   1   2   1   4   -0.8530570559E+02
   1   2   1   5   -0.1064721294E+03
   1   2   1   6   -0.1175460683E+03
   1   2   2   1                 NaN
   1   2   2   2                 NaN
   1   2   2   3   -0.2461150370E+03
   1   2   2   4   -0.8888860204E+02
   1   2   2   5    0.1132033161E+02
   1   2   2   6   -0.1275561073E+03
   1   2   3   1                 NaN
   1   2   3   2                 NaN
   1   2   3   3   -0.3355694110E+03
   1   2   3   4   -0.1464165037E+03
   1   2   3   5   -0.1029412082E+03
   1   2   3   6   -0.1663003831E+02
   1   2   4   1   -0.7032496275E+03
   1   2   4   2   -0.1228055517E+04
   1   2   4   3   -0.1794966767E+03
   1   2   4   4   -0.1988029803E+03
   1   2   4   5   -0.1027854253E+03
   1   2   4   6   -0.1027838220E+03
   1   2   5   1                 NaN
   1   2   5   2                 NaN
   1   2   5   3   -0.1553111604E+03
   1   2   5   4   -0.3049286655E+02
   1   2   5   5   -0.1323895162E+03
   1   2   5   6    0.1953944313E+02
   1   2   6   1   -0.1278102746E+04
   1   2   6   2   -0.8187478040E+03
   1   2   6   3   -0.2408784447E+03
   1   2   6   4   -0.1659925168E+03
   1   2   6   5   -0.7487772615E+02
   1   2   6   6   -0.7487636040E+02
   1   2   7   1   -0.5297844502E+03
   1   2   7   2   -0.5280339812E+03
   1   2   7   3   -0.1136390476E+03
   1   2   7   4   -0.1139064093E+03
   1   2   7   5   -0.2500380592E+03
   1   2   7   6   -0.2500352361E+03
   1   2   8   1                 NaN
   1   2   8   2                 NaN
   1   2   8   3   -0.2441456400E+03
   1   2   8   4   -0.8762210474E+02
   1   2   8   5   -0.8061293820E+01
   1   2   8   6   -0.1081009516E+03
   1   3   1   1    0.0000000000E+00
   1   3   1   2    0.0000000000E+00
   1   3   1   3    0.0000000000E+00
   1   3   1   4   -0.7566492476E+02
   1   3   1   5   -0.1093593826E+03
   1   3   1   6   -0.1242995924E+03
   1   3   2   1                 NaN
   1   3   2   2                 NaN
   1   3   2   3   -0.3018752802E+03
   1   3   2   4   -0.1247479151E+03
   1   3   2   5   -0.7285864092E+02
   1   3   2   6   -0.4545613995E+02
   1   3   3   1                 NaN
   1   3   3   2                 NaN
   1   3   3   3   -0.1587153379E+03
   1   3   3   4   -0.3268207620E+02
   1   3   3   5    0.2258145539E+02
   1   3   3   6   -0.1355584279E+03
   1   3   4   1   -0.1046544118E+04
   1   3   4   2   -0.8738669712E+03
   1   3   4   3   -0.1913843155E+03
   1   3   4   4   -0.1850351399E+03
   1   3   4   5   -0.1046219604E+03
   1   3   4   6   -0.1046203235E+03
   1   3   5   1                 NaN
   1   3   5   2                 NaN
   1   3   5   3   -0.1614244901E+03
   1   3   5   4   -0.3442439255E+02
   1   3   5   5    0.1909989448E+02
   1   3   5   6   -0.1321776664E+03
   1   3   6   1   -0.6166963901E+03
   1   3   6   2   -0.4761762451E+03
   1   3   6   3   -0.1282526843E+03
   1   3   6   4   -0.1053427259E+03
   1   3   6   5   -0.2441286309E+03
   1   3   6   6   -0.2441258300E+03
   1   3   7   1   -0.5555116388E+03
   1   3   7   2   -0.1517178702E+04
   1   3   7   3   -0.2747433920E+03
   1   3   7   4   -0.1279578003E+03
   1   3   7   5   -0.7895064816E+02
   1   3   7   6   -0.7894925444E+02
   1   3   8   1                 NaN
   1   3   8   2                 NaN
   1   3   8   3   -0.3591260744E+03
   1   3   8   4   -0.1615657352E+03
   1   3   8   5   -0.8150806246E+02
   1   3   8   6   -0.3894147225E+02
   1   4   1   1    0.0000000000E+00
   1   4   1   2    0.0000000000E+00
   1   4   1   3    0.0000000000E+00
   1   4   1   4   -0.1483532709E+03
   1   4   1   5   -0.9349238927E+02
   1   4   1   6   -0.6747824038E+02
   1   4   2   1                 NaN
   1   4   2   2                 NaN
   1   4   2   3   -0.1878655992E+03
   1   4   2   4   -0.5142853984E+02
   1   4   2   5   -0.1127689678E+03
   1   4   2   6   -0.1294966600E+01
   1   4   3   1                 NaN
   1   4   3   2                 NaN
   1   4   3   3   -0.2415711585E+03
   1   4   3   4   -0.8596647966E+02
   1   4   3   5   -0.9394750391E+02
   1   4   3   6   -0.2211874006E+02
   1   4   4   1   -0.7931931936E+03
   1   4   4   2   -0.4410647485E+03
   1   4   4   3   -0.1354770062E+03
   1   4   4   4   -0.1225199173E+03
   1   4   4   5   -0.2202938273E+03
   1   4   4   6   -0.2202912724E+03
   1   4   5   1                 NaN
   1   4   5   2                 NaN
   1   4   5   3   -0.4191202574E+03
   1   4   5   4   -0.2001477999E+03
   1   4   5   5   -0.6101763479E+02
   1   4   5   6   -0.6166900787E+02
   1   4   6   1   -0.6481877990E+03
   1   4   6   2   -0.1248063197E+04
   1   4   6   3   -0.1372268590E+03
   1   4   6   4   -0.2350228098E+03
   1   4   6   5   -0.1086948548E+03
   1   4   6   6   -0.1086932286E+03
   1   4   7   1   -0.1457691109E+04
   1   4   7   2   -0.4977742388E+03
   1   4   7   3   -0.1179755376E+03
   1   4   7   4   -0.2644938541E+03
   1   4   7   5   -0.9871250863E+02
   1   4   7   6   -0.9871093407E+02
   1   4   8   1                 NaN
   1   4   8   2                 NaN
   1   4   8   3   -0.1325841970E+03
   1   4   8   4   -0.1587721122E+02
   1   4   8   5   -0.8473791554E+02
   1   4   8   6   -0.2726478434E+02
   1   5   1   1    0.0000000000E+00
   1   5   1   2    0.0000000000E+00
   1   5   1   3    0.0000000000E+00
   1   5   1   4   -0.6139245290E+02
   1   5   1   5   -0.1481368033E+03
   1   5   1   6   -0.1177137037E+03
   1   5   2   1                 NaN
   1   5   2   2                 NaN
   1   5   2   3   -0.1293229285E+03
   1   5   2   4   -0.7577299843E+02
   1   5   2   5   -0.3751910959E+03
   1   5   2   6   -0.2845773588E+03
   1   5   3   1                 NaN
   1   5   3   2                 NaN
   1   5   3   3   -0.1448863707E+03
   1   5   3   4   -0.8404729934E+02
   1   5   3   5   -0.3614834256E+03
   1   5   3   6   -0.2747724844E+03
   1   5   4   1   -0.1086484971E+04
   1   5   4   2   -0.4500506351E+03
   1   5   4   3    0.4401470299E+03
   1   5   4   4    0.2654119037E+03
   1   5   4   5   -0.8089572463E+02
   1   5   4   6   -0.8089414287E+02
   1   5   5   1                 NaN
   1   5   5   2                 NaN
   1   5   5   3   -0.3825866675E+03
   1   5   5   4   -0.2104208734E+03
   1   5   5   5   -0.1197927725E+03
   1   5   5   6   -0.1573493663E+03
   1   5   6   1   -0.4015835076E+03
   1   5   6   2   -0.5704144421E+03
   1   5   6   3   -0.5503081217E+02
   1   5   6   4    0.1503415763E+03
   1   5   6   5   -0.1374033143E+03
   1   5   6   6   -0.1374033545E+03
   1   5   7   1   -0.7764332954E+03
   1   5   7   2   -0.5386356821E+03
   1   5   7   3    0.9766727470E+02
   1   5   7   4    0.3684928092E+03
   1   5   7   5   -0.1030634921E+03
   1   5   7   6   -0.1030625327E+03
   1   5   8   1                 NaN
   1   5   8   2                 NaN
   1   5   8   3   -0.2582906736E+03
   1   5   8   4   -0.1443388002E+03
   1   5   8   5   -0.2696325088E+03
   1   5   8   6   -0.1952941378E+03
   1   6   1   1    0.0000000000E+00
   1   6   1   2    0.0000000000E+00
   1   6   1   3    0.0000000000E+00
   1   6   1   4   -0.1982537634E+03
   1   6   1   5   -0.6188922556E+02
   1   6   1   6   -0.6710000266E+02
   1   6   2   1                 NaN
   1   6   2   2                 NaN
   1   6   2   3   -0.2175974430E+03
   1   6   2   4   -0.1227042059E+03
   1   6   2   5   -0.2447555478E+03
   1   6   2   6   -0.2816497819E+03
   1   6   3   1                 NaN
   1   6   3   2                 NaN
   1   6   3   3   -0.2687089866E+03
   1   6   3   4   -0.1498776871E+03
   1   6   3   5   -0.1873041548E+03
   1   6   3   6   -0.2618825259E+03
   1   6   4   1   -0.3568499369E+03
   1   6   4   2   -0.4567000316E+03
   1   6   4   3   -0.5169033669E+02
   1   6   4   4   -0.2427647237E+02
   1   6   4   5   -0.1532632598E+03
   1   6   4   6   -0.1532637365E+03
   1   6   5   1                 NaN
   1   6   5   2                 NaN
   1   6   5   3   -0.1712823776E+03
   1   6   5   4   -0.9808078528E+02
   1   6   5   5   -0.3038098432E+03
   1   6   5   6   -0.2925672680E+03
   1   6   6   1   -0.8661782973E+03
   1   6   6   2   -0.6529615889E+03
   1   6   6   3    0.4730671730E+03
   1   6   6   4    0.2136873899E+03
   1   6   6   5   -0.8263700036E+02
   1   6   6   6   -0.8263544557E+02
   1   6   7   1   -0.7156200018E+03
   1   6   7   2   -0.7752929184E+03
   1   6   7   3    0.3621098091E+03
   1   6   7   4    0.2941320794E+03
   1   6   7   5   -0.8546238606E+02
   1   6   7   6   -0.8546092745E+02
   1   6   8   1                 NaN
   1   6   8   2                 NaN
   1   6   8   3   -0.2574978537E+03
   1   6   8   4   -0.1439173177E+03
   1   6   8   5   -0.2513871338E+03
   1   6   8   6   -0.2147372003E+03
   1   7   1   1    0.0000000000E+00
   1   7   1   2    0.0000000000E+00
   1   7   1   3    0.0000000000E+00
   1   7   1   4   -0.6759676394E+02
   1   7   1   5   -0.1172169385E+03
   1   7   1   6   -0.1424292678E+03
   1   7   2   1                 NaN
   1   7   2   2                 NaN
   1   7   2   3   -0.3393946049E+03
   1   7   2   4   -0.1874577839E+03
   1   7   2   5   -0.1443383450E+03
   1   7   2   6   -0.1980577230E+03
   1   7   3   1                 NaN
   1   7   3   2                 NaN
   1   7   3   3   -0.2727196104E+03
   1   7   3   4   -0.1520100032E+03
   1   7   3   5   -0.2154973515E+03
   1   7   3   6   -0.2276298805E+03
   1   7   4   1   -0.4684663447E+03
   1   7   4   2   -0.1005050760E+04
   1   7   4   3    0.2450580804E+03
   1   7   4   4    0.3923794664E+03
   1   7   4   5   -0.8720364967E+02
   1   7   4   6   -0.8720218252E+02
   1   7   5   1                 NaN
   1   7   5   2                 NaN
   1   7   5   3   -0.1324459193E+03
   1   7   5   4   -0.7743333012E+02
   1   7   5   5   -0.3406823398E+03
   1   7   5   6   -0.3143682541E+03
   1   7   6   1   -0.6440395019E+03
   1   7   6   2   -0.6884254000E+03
   1   7   6   3    0.2154785709E+03
   1   7   6   4    0.2694858377E+03
   1   7   6   5   -0.1013222933E+03
   1   7   6   6   -0.1013212378E+03
   1   7   7   1   -0.4197481131E+03
   1   7   7   2   -0.5978727185E+03
   1   7   7   3    0.1737377805E+03
   1   7   7   4   -0.2911006634E+02
   1   7   7   5   -0.1328367177E+03
   1   7   7   6   -0.1328365659E+03
   1   7   8   1                 NaN
   1   7   8   2                 NaN
   1   7   8   3   -0.1705264332E+03
   1   7   8   4   -0.9767886873E+02
   1   7   8   5   -0.2432653555E+03
   1   7   8   6   -0.3542535264E+03
   1   8   1   1    0.0000000000E+00
   1   8   1   2    0.0000000000E+00
   1   8   1   3    0.0000000000E+00
   1   8   1   4   -0.1902665750E+02
   1   8   1   5   -0.1902665757E+02
   1   8   1   6   -0.1902665831E+02
   1   8   2   1                 NaN
   1   8   2   2                 NaN
   1   8   2   3   -0.3309485776E+03
   1   8   2   4   -0.7740537167E+02
   1   8   2   5   -0.1811972350E+02
   1   8   2   6   -0.1811972631E+02
   1   8   3   1                 NaN
   1   8   3   2                 NaN
   1   8   3   3   -0.3309486207E+03
   1   8   3   4   -0.7740537752E+02
   1   8   3   5   -0.1811973050E+02
   1   8   3   6   -0.1811972145E+02
   1   8   4   1   -0.2035627965E+03
   1   8   4   2   -0.2035627896E+03
   1   8   4   3   -0.2546364288E+03
   1   8   4   4   -0.2546364594E+03
   1   8   4   5   -0.9339496531E+02
   1   8   4   6   -0.9339499790E+02
   1   8   5   1                 NaN
   1   8   5   2                 NaN
   1   8   5   3   -0.3309486069E+03
   1   8   5   4   -0.7740537071E+02
   1   8   5   5   -0.1811972231E+02
   1   8   5   6   -0.1811973064E+02
   1   8   6   1   -0.2035628010E+03
   1   8   6   2   -0.2035627893E+03
   1   8   6   3   -0.2546364270E+03
   1   8   6   4   -0.2546364908E+03
   1   8   6   5   -0.9339496566E+02
   1   8   6   6   -0.9339498669E+02
   1   8   7   1   -0.2035627955E+03
   1   8   7   2   -0.2035628056E+03
   1   8   7   3   -0.2546364093E+03
   1   8   7   4   -0.2546365026E+03
   1   8   7   5   -0.9339496147E+02
   1   8   7   6   -0.9339498436E+02
   1   8   8   1                 NaN
   1   8   8   2                 NaN
   1   8   8   3   -0.3309486083E+03
   1   8   8   4   -0.7740537105E+02
   1   8   8   5   -0.1811972118E+02
   1   8   8   6   -0.1811971745E+02
   2   1   1   1    0.0000000000E+00
   2   1   1   2    0.0000000000E+00
   2   1   1   3    0.0000000000E+00
   2   1   1   4   -0.4342199871E+02
   2   1   1   5   -0.5180635508E+02
   2   1   1   6   -0.2631887999E+02
   2   1   2   1                 NaN
   2   1   2   2                 NaN
   2   1   2   3   -0.4445703682E+02
   2   1   2   4   -0.9946335348E+01
   2   1   2   5   -0.2278690916E+02
   2   1   2   6   -0.2278691269E+02
   2   1   3   1                 NaN
   2   1   3   2                 NaN
   2   1   3   3   -0.9560102834E+02
   2   1   3   4   -0.4002881035E+02
   2   1   3   5   -0.3346086908E+02
   2   1   3   6   -0.3418262696E+02
   2   1   4   1   -0.5309778724E+02
   2   1   4   2   -0.1122014845E+03
   2   1   4   3   -0.5538294595E+02
   2   1   4   4   -0.6614234839E+02
   2   1   4   5   -0.4233488357E+02
   2   1   4   6   -0.4233440190E+02
   2   1   5   1                 NaN
   2   1   5   2                 NaN
   2   1   5   3   -0.9560102713E+02
   2   1   5   4   -0.4002881042E+02
   2   1   5   5   -0.3283868542E+02
   2   1   5   6   -0.3480481113E+02
   2   1   6   1   -0.5621274293E+02
   2   1   6   2   -0.1090865294E+03
   2   1   6   3   -0.3943998039E+02
   2   1   6   4   -0.8208530556E+02
   2   1   6   5   -0.4233488579E+02
   2   1   6   6   -0.4233440154E+02
   2   1   7   1   -0.5370026764E+02
   2   1   7   2   -0.1115989955E+03
   2   1   7   3   -0.8262275984E+02
   2   1   7   4   -0.3890253898E+02
   2   1   7   5   -0.4233487988E+02
   2   1   7   6   -0.4233439310E+02
   2   1   8   1                 NaN
   2   1   8   2                 NaN
   2   1   8   3   -0.9560102803E+02
   2   1   8   4   -0.4002881018E+02
   2   1   8   5   -0.3255210790E+02
   2   1   8   6   -0.3509138861E+02
   2   2   1   1    0.0000000000E+00
   2   2   1   2    0.0000000000E+00
   2   2   1   3    0.0000000000E+00
   2   2   1   4   -0.4600736177E+02
   2   2   1   5   -0.2854721075E+02
   2   2   1   6   -0.8162404907E+02
   2   2   2   1                 NaN
   2   2   2   2                 NaN
   2   2   2   3   -0.1539944369E+03
   2   2   2   4   -0.9337960358E+02
   2   2   2   5   -0.3443193720E+02
   2   2   2   6   -0.3443194075E+02
   2   2   3   1                 NaN
   2   2   3   2                 NaN
   2   2   3   3   -0.1340157861E+03
   2   2   3   4   -0.1065184344E+03
   2   2   3   5   -0.9060124734E+02
   2   2   3   6   -0.1370732023E+03
   2   2   4   1   -0.1480536467E+03
   2   2   4   2   -0.3732743085E+03
   2   2   4   3   -0.4916799818E+02
   2   2   4   4   -0.4979193930E+02
   2   2   4   5   -0.4138672530E+02
   2   2   4   6   -0.4138623890E+02
   2   2   5   1                 NaN
   2   2   5   2                 NaN
   2   2   5   3   -0.1340157759E+03
   2   2   5   4   -0.1065184282E+03
   2   2   5   5   -0.5054161763E+02
   2   2   5   6   -0.1771328345E+03
   2   2   6   1   -0.1599234995E+03
   2   2   6   2   -0.3614044873E+03
   2   2   6   3   -0.4824342124E+02
   2   2   6   4   -0.5071653430E+02
   2   2   6   5   -0.4138671688E+02
   2   2   6   6   -0.4138622574E+02
   2   2   7   1   -0.1503495028E+03
   2   2   7   2   -0.3709783317E+03
   2   2   7   3   -0.5074766206E+02
   2   2   7   4   -0.4821227053E+02
   2   2   7   5   -0.4138673508E+02
   2   2   7   6   -0.4138625051E+02
   2   2   8   1                 NaN
   2   2   8   2                 NaN
   2   2   8   3   -0.1340157907E+03
   2   2   8   4   -0.1065184286E+03
   2   2   8   5   -0.3208963471E+02
   2   2   8   6   -0.1955848175E+03
   2   3   1   1    0.0000000000E+00
   2   3   1   2    0.0000000000E+00
   2   3   1   3    0.0000000000E+00
   2   3   1   4   -0.1048087850E+03
   2   3   1   5   -0.8463702299E+02
   2   3   1   6   -0.9091148567E+02
   2   3   2   1                 NaN
   2   3   2   2                 NaN
   2   3   2   3   -0.1426829028E+03
   2   3   2   4   -0.1247338058E+03
   2   3   2   5   -0.2018548626E+03
   2   3   2   6   -0.3068071520E+03
   2   3   3   1                 NaN
   2   3   3   2                 NaN
   2   3   3   3   -0.3113429151E+03
   2   3   3   4   -0.1721784646E+03
   2   3   3   5   -0.6531871299E+02
   2   3   3   6   -0.1144011644E+03
   2   3   4   1   -0.5055227518E+03
   2   3   4   2   -0.5679442783E+03
   2   3   4   3   -0.1491367621E+03
   2   3   4   4   -0.1585401263E+03
   2   3   4   5   -0.1801202994E+03
   2   3   4   6   -0.1801182917E+03
   2   3   5   1                 NaN
   2   3   5   2                 NaN
   2   3   5   3   -0.1180165202E+03
   2   3   5   4   -0.2259778851E+02
   2   3   5   5   -0.1914022589E+03
   2   3   5   6   -0.7857950326E+02
   2   3   6   1   -0.1260646322E+04
   2   3   6   2   -0.4137217296E+03
   2   3   6   3   -0.2719934923E+03
   2   3   6   4   -0.1225791556E+03
   2   3   6   5   -0.8521937815E+02
   2   3   6   6   -0.8521817137E+02
   2   3   7   1   -0.6973870324E+03
   2   3   7   2   -0.5206673622E+03
   2   3   7   3   -0.1603750247E+03
   2   3   7   4   -0.1682104783E+03
   2   3   7   5   -0.1572854677E+03
   2   3   7   6   -0.1572836776E+03
   2   3   8   1                 NaN
   2   3   8   2                 NaN
   2   3   8   3   -0.2648251898E+03
   2   3   8   4   -0.1361867453E+03
   2   3   8   5   -0.1171616977E+03
   2   3   8   6   -0.8427672213E+02
   2   4   1   1    0.0000000000E+00
   2   4   1   2    0.0000000000E+00
   2   4   1   3    0.0000000000E+00
   2   4   1   4   -0.8695066758E+02
   2   4   1   5   -0.1211276060E+03
   2   4   1   6   -0.7227902788E+02
   2   4   2   1                 NaN
   2   4   2   2                 NaN
   2   4   2   3   -0.1426828874E+03
   2   4   2   4   -0.1247337993E+03
   2   4   2   5   -0.3068072133E+03
   2   4   2   6   -0.2018548377E+03
   2   4   3   1                 NaN
   2   4   3   2                 NaN
   2   4   3   3   -0.1514468236E+03
   2   4   3   4   -0.4846354795E+02
   2   4   3   5   -0.1635926916E+03
   2   4   3   6   -0.9078079869E+02
   2   4   4   1   -0.1171334917E+04
   2   4   4   2   -0.3991243704E+03
   2   4   4   3   -0.2045479567E+03
   2   4   4   4   -0.1749985175E+03
   2   4   4   5   -0.1016297995E+03
   2   4   4   6   -0.1016284670E+03
   2   4   5   1                 NaN
   2   4   5   2                 NaN
   2   4   5   3   -0.3447732246E+03
   2   4   5   4   -0.1980442225E+03
   2   4   5   5   -0.5796445008E+02
   2   4   5   6   -0.1061471544E+03
   2   4   6   1   -0.3788031536E+03
   2   4   6   2   -0.5907550997E+03
   2   4   6   3   -0.1115431035E+03
   2   4   6   4   -0.1811076093E+03
   2   4   6   5   -0.1965307249E+03
   2   4   6   6   -0.1965285956E+03
   2   4   7   1   -0.9722354328E+03
   2   4   7   2   -0.4536368139E+03
   2   4   7   3   -0.1423053920E+03
   2   4   7   4   -0.2163324484E+03
   2   4   7   5   -0.1244646152E+03
   2   4   7   6   -0.1244630798E+03
   2   4   8   1                 NaN
   2   4   8   2                 NaN
   2   4   8   3   -0.1979645531E+03
   2   4   8   4   -0.8445527021E+02
   2   4   8   5   -0.1416269320E+03
   2   4   8   6   -0.9102801620E+02
   2   5   1   1    0.0000000000E+00
   2   5   1   2    0.0000000000E+00
   2   5   1   3    0.0000000000E+00
   2   5   1   4   -0.9510160885E+02
   2   5   1   5   -0.1414140662E+03
   2   5   1   6   -0.6073397493E+02
   2   5   2   1                 NaN
   2   5   2   2                 NaN
   2   5   2   3   -0.9786937594E+02
   2   5   2   4   -0.7632320234E+02
   2   5   2   5    0.1039708777E+03
   2   5   2   6   -0.5191197306E+02
   2   5   3   1                 NaN
   2   5   3   2                 NaN
   2   5   3   3   -0.2060806711E+03
   2   5   3   4   -0.1317816478E+03
   2   5   3   5   -0.2043319370E+02
   2   5   3   6   -0.1119313266E+03
   2   5   4   1   -0.8608882799E+03
   2   5   4   2   -0.6116678483E+03
   2   5   4   3   -0.3251801499E+03
   2   5   4   4   -0.2490394119E+03
   2   5   4   5   -0.1391533547E+03
   2   5   4   6   -0.1391511769E+03
   2   5   5   1                 NaN
   2   5   5   2                 NaN
   2   5   5   3   -0.1215875681E+03
   2   5   5   4   -0.8873176099E+02
   2   5   5   5   -0.1495575435E+02
   2   5   5   6   -0.7570852643E+02
   2   5   6   1   -0.1262905408E+04
   2   5   6   2   -0.5218518370E+03
   2   5   6   3   -0.7071442648E+03
   2   5   6   4   -0.1109750993E+03
   2   5   6   5   -0.7983107043E+02
   2   5   6   6   -0.7982981383E+02
   2   5   7   1   -0.4329499229E+03
   2   5   7   2   -0.7376092348E+03
   2   5   7   3   -0.1604329019E+03
   2   5   7   4   -0.1778587790E+03
   2   5   7   5   -0.1965367011E+03
   2   5   7   6   -0.1965336768E+03
   2   5   8   1                 NaN
   2   5   8   2                 NaN
   2   5   8   3   -0.2878121552E+03
   2   5   8   4   -0.1734244671E+03
   2   5   8   5   -0.1163374564E+03
   2   5   8   6   -0.5636409455E+02
   2   6   1   1    0.0000000000E+00
   2   6   1   2    0.0000000000E+00
   2   6   1   3    0.0000000000E+00
   2   6   1   4   -0.1134322747E+03
   2   6   1   5   -0.9702924504E+02
   2   6   1   6   -0.8678816047E+02
   2   6   2   1                 NaN
   2   6   2   2                 NaN
   2   6   2   3   -0.9786938621E+02
   2   6   2   4   -0.7632321535E+02
   2   6   2   5   -0.5191195872E+02
   2   6   2   6    0.1039709493E+03
   2   6   3   1                 NaN
   2   6   3   2                 NaN
   2   6   3   3   -0.2042395964E+03
   2   6   3   4   -0.1308436000E+03
   2   6   3   5   -0.1126306420E+03
   2   6   3   6   -0.1882507534E+02
   2   6   4   1   -0.8705974742E+03
   2   6   4   2   -0.6087615197E+03
   2   6   4   3   -0.3286429596E+03
   2   6   4   4   -0.2508909921E+03
   2   6   4   5   -0.1378607358E+03
   2   6   4   6   -0.1378586146E+03
   2   6   5   1                 NaN
   2   6   5   2                 NaN
   2   6   5   3   -0.2887327473E+03
   2   6   5   4   -0.1738935090E+03
   2   6   5   5   -0.1200971021E+03
   2   6   5   6   -0.5305885314E+02
   2   6   6   1   -0.4416459199E+03
   2   6   6   2   -0.7255118979E+03
   2   6   6   3   -0.1747123051E+03
   2   6   6   4   -0.1609221764E+03
   2   6   6   5   -0.1971830428E+03
   2   6   6   6   -0.1971799961E+03
   2   6   7   1   -0.1293326361E+04
   2   6   7   2   -0.4880298770E+03
   2   6   7   3   -0.1037773114E+03
   2   6   7   4   -0.7116849502E+03
   2   6   7   5   -0.8047738064E+02
   2   6   7   6   -0.8047611002E+02
   2   6   8   1                 NaN
   2   6   8   2                 NaN
   2   6   8   3   -0.1225081463E+03
   2   6   8   4   -0.8920078579E+02
   2   6   8   5   -0.1963158716E+02
   2   6   8   6   -0.7148710633E+02
   2   7   1   1    0.0000000000E+00
   2   7   1   2    0.0000000000E+00
   2   7   1   3    0.0000000000E+00
   2   7   1   4    0.4127564930E+01
   2   7   1   5    0.8119540606E+01
   2   7   1   6   -0.4015593281E+01
   2   7   2   1                 NaN
   2   7   2   2                 NaN
   2   7   2   3   -0.5084459320E+02
   2   7   2   4   -0.1142038757E+02
   2   7   2   5    0.4560271811E+02
   2   7   2   6    0.4560267982E+02
   2   7   3   1                 NaN
   2   7   3   2                 NaN
   2   7   3   3   -0.4425036856E+02
   2   7   3   4   -0.3897377959E+02
   2   7   3   5   -0.7740153829E+02
   2   7   3   6   -0.5314872027E+02
   2   7   4   1   -0.2648991462E+02
   2   7   4   2   -0.8328568452E+02
   2   7   4   3    0.3031167132E+03
   2   7   4   4    0.1753863957E+03
   2   7   4   5   -0.6428802009E+02
   2   7   4   6   -0.6428781408E+02
   2   7   5   1                 NaN
   2   7   5   2                 NaN
   2   7   5   3   -0.4425035680E+02
   2   7   5   4   -0.3897377865E+02
   2   7   5   5   -0.9830790969E+02
   2   7   5   6   -0.3224235786E+02
   2   7   6   1   -0.2948321734E+02
   2   7   6   2   -0.8029232396E+02
   2   7   6   3    0.4923833403E+03
   2   7   6   4   -0.1388024356E+02
   2   7   6   5   -0.6428801871E+02
   2   7   6   6   -0.6428782545E+02
   2   7   7   1   -0.2706884569E+02
   2   7   7   2   -0.8270673270E+02
   2   7   7   3   -0.2026051191E+02
   2   7   7   4    0.4987636900E+03
   2   7   7   5   -0.6428802226E+02
   2   7   7   6   -0.6428783824E+02
   2   7   8   1                 NaN
   2   7   8   2                 NaN
   2   7   8   3   -0.4425035833E+02
   2   7   8   4   -0.3897377866E+02
   2   7   8   5   -0.1079376420E+03
   2   7   8   6   -0.2261262724E+02
   2   8   1   1    0.0000000000E+00
   2   8   1   2    0.0000000000E+00
   2   8   1   3    0.0000000000E+00
   2   8   1   4   -0.1007419480E+03
   2   8   1   5   -0.7607107156E+02
   2   8   1   6   -0.1510678559E+03
   2   8   2   1                 NaN
   2   8   2   2                 NaN
   2   8   2   3   -0.8289948248E+02
   2   8   2   4   -0.3327637643E+03
   2   8   2   5   -0.7067522378E+02
   2   8   2   6   -0.7067522494E+02
   2   8   3   1                 NaN
   2   8   3   2                 NaN
   2   8   3   3   -0.1378283068E+03
   2   8   3   4   -0.5736953647E+02
   2   8   3   5   -0.1813272828E+03
   2   8   3   6   -0.2599561577E+03
   2   8   4   1   -0.1714661590E+03
   2   8   4   2   -0.1188777838E+04
   2   8   4   3   -0.1255987825E+03
   2   8   4   4   -0.1467920650E+03
   2   8   4   5   -0.9693979763E+02
   2   8   4   6   -0.9693891796E+02
   2   8   5   1                 NaN
   2   8   5   2                 NaN
   2   8   5   3   -0.1378283056E+03
   2   8   5   4   -0.5736953823E+02
   2   8   5   5   -0.1135479630E+03
   2   8   5   6   -0.3277359556E+03
   2   8   6   1   -0.2250798811E+03
   2   8   6   2   -0.1135161314E+04
   2   8   6   3   -0.9419772404E+02
   2   8   6   4   -0.1782005651E+03
   2   8   6   5   -0.9693977336E+02
   2   8   6   6   -0.9693893816E+02
   2   8   7   1   -0.1818360802E+03
   2   8   7   2   -0.1178407138E+04
   2   8   7   3   -0.1792596876E+03
   2   8   7   4   -0.9313928658E+02
   2   8   7   5   -0.9693978652E+02
   2   8   7   6   -0.9693891974E+02
   2   8   8   1                 NaN
   2   8   8   2                 NaN
   2   8   8   3   -0.1378283044E+03
   2   8   8   4   -0.5736955094E+02
   2   8   8   5   -0.8232823374E+02
   2   8   8   6   -0.3589562232E+03
   3   1   1   1    0.0000000000E+00
   3   1   1   2    0.0000000000E+00
   3   1   1   3    0.0000000000E+00
   3   1   1   4   -0.5908951366E+02
   3   1   1   5   -0.7052738101E+02
   3   1   1   6   -0.7045914977E+02
   3   1   2   1                 NaN
   3   1   2   2                 NaN
   3   1   2   3   -0.1860069574E+02
   3   1   2   4    0.1205349152E+02
   3   1   2   5   -0.1383206412E+02
   3   1   2   6   -0.1970526493E+02
   3   1   3   1                 NaN
   3   1   3   2                 NaN
   3   1   3   3   -0.1860071626E+02
   3   1   3   4    0.1205349264E+02
   3   1   3   5   -0.2223006504E+02
   3   1   3   6   -0.1130720592E+02
   3   1   4   1   -0.1083525423E+03
   3   1   4   2   -0.1083525596E+03
   3   1   4   3   -0.4972923866E+02
   3   1   4   4   -0.4972924055E+02
   3   1   4   5   -0.1202708674E+03
   3   1   4   6   -0.1646989850E+02
   3   1   5   1                 NaN
   3   1   5   2                 NaN
   3   1   5   3   -0.1860071637E+02
   3   1   5   4    0.1205347770E+02
   3   1   5   5   -0.2119742093E+02
   3   1   5   6   -0.1233989087E+02
   3   1   6   1   -0.1839914437E+03
   3   1   6   2   -0.2907045399E+03
   3   1   6   3   -0.5239234361E+02
   3   1   6   4   -0.7544994995E+02
   3   1   6   5   -0.4481977068E+02
   3   1   6   6   -0.3329438924E+02
   3   1   7   1   -0.2748206849E+03
   3   1   7   2   -0.1998752974E+03
   3   1   7   3   -0.7435393807E+02
   3   1   7   4   -0.5348835537E+02
   3   1   7   5   -0.4481977077E+02
   3   1   7   6   -0.3329438893E+02
   3   1   8   1                 NaN
   3   1   8   2                 NaN
   3   1   8   3   -0.1860070930E+02
   3   1   8   4    0.1205349450E+02
   3   1   8   5   -0.1263366618E+02
   3   1   8   6   -0.2090366750E+02
   3   2   1   1    0.0000000000E+00
   3   2   1   2    0.0000000000E+00
   3   2   1   3    0.0000000000E+00
   3   2   1   4   -0.5903221786E+02
   3   2   1   5   -0.7052716864E+02
   3   2   1   6   -0.7045860078E+02
   3   2   2   1                 NaN
   3   2   2   2                 NaN
   3   2   2   3   -0.1859798016E+02
   3   2   2   4    0.1205197196E+02
   3   2   2   5   -0.1383266927E+02
   3   2   2   6   -0.1970587320E+02
   3   2   3   1                 NaN
   3   2   3   2                 NaN
   3   2   3   3   -0.1859798696E+02
   3   2   3   4    0.1205194249E+02
   3   2   3   5   -0.2223066723E+02
   3   2   3   6   -0.1130787356E+02
   3   2   4   1   -0.1083480089E+03
   3   2   4   2   -0.1083480129E+03
   3   2   4   3   -0.4973042637E+02
   3   2   4   4   -0.4973041826E+02
   3   2   4   5   -0.1646996709E+02
   3   2   4   6   -0.1202696319E+03
   3   2   5   1                 NaN
   3   2   5   2                 NaN
   3   2   5   3   -0.1859796946E+02
   3   2   5   4    0.1205195082E+02
   3   2   5   5   -0.2119799455E+02
   3   2   5   6   -0.1234056959E+02
   3   2   6   1   -0.2906897711E+03
   3   2   6   2   -0.1839838111E+03
   3   2   6   3   -0.7540120837E+02
   3   2   6   4   -0.5237538208E+02
   3   2   6   5   -0.3329494243E+02
   3   2   6   6   -0.4481916752E+02
   3   2   7   1   -0.1998666041E+03
   3   2   7   2   -0.2748069788E+03
   3   2   7   3   -0.5346988430E+02
   3   2   7   4   -0.7430670636E+02
   3   2   7   5   -0.3329494274E+02
   3   2   7   6   -0.4481916759E+02
   3   2   8   1                 NaN
   3   2   8   2                 NaN
   3   2   8   3   -0.1859798460E+02
   3   2   8   4    0.1205197096E+02
   3   2   8   5   -0.1263427741E+02
   3   2   8   6   -0.2090426500E+02
   3   3   1   1    0.0000000000E+00
   3   3   1   2    0.0000000000E+00
   3   3   1   3    0.0000000000E+00
   3   3   1   4   -0.6824078687E+02
   3   3   1   5   -0.6055612030E+02
   3   3   1   6   -0.6389569950E+02
   3   3   2   1                 NaN
   3   3   2   2                 NaN
   3   3   2   3   -0.2225169000E+03
   3   3   2   4   -0.1222461723E+03
   3   3   2   5   -0.1050186325E+03
   3   3   2   6   -0.1068779582E+03
   3   3   3   1                 NaN
   3   3   3   2                 NaN
   3   3   3   3   -0.2225168604E+03
   3   3   3   4   -0.1222462296E+03
   3   3   3   5   -0.1076777117E+03
   3   3   3   6   -0.1042188550E+03
   3   3   4   1   -0.6665134098E+03
   3   3   4   2   -0.6728055311E+03
   3   3   4   3   -0.1134862539E+03
   3   3   4   4   -0.2476146046E+03
   3   3   4   5   -0.9540973463E+02
   3   3   4   6   -0.9540883313E+02
   3   3   5   1                 NaN
   3   3   5   2                 NaN
   3   3   5   3   -0.1788706283E+03
   3   3   5   4   -0.1133690299E+03
   3   3   5   5   -0.1252356173E+03
   3   3   5   6   -0.1125002894E+03
   3   3   6   1   -0.5258183002E+03
   3   3   6   2   -0.3671498497E+03
   3   3   6   3   -0.1607564202E+03
   3   3   6   4   -0.1172816836E+03
   3   3   6   5   -0.7454234485E+02
   3   3   6   6   -0.1946151677E+03
   3   3   7   1   -0.5021871301E+03
   3   3   7   2   -0.3907612178E+03
   3   3   7   3   -0.1586933775E+03
   3   3   7   4   -0.1193493941E+03
   3   3   7   5   -0.1946169705E+03
   3   3   7   6   -0.7454137048E+02
   3   3   8   1                 NaN
   3   3   8   2                 NaN
   3   3   8   3   -0.1788706137E+03
   3   3   8   4   -0.1133690241E+03
   3   3   8   5   -0.1129226457E+03
   3   3   8   6   -0.1248132178E+03
   3   4   1   1    0.0000000000E+00
   3   4   1   2    0.0000000000E+00
   3   4   1   3    0.0000000000E+00
   3   4   1   4   -0.6824078495E+02
   3   4   1   5   -0.6385971268E+02
   3   4   1   6   -0.6059210807E+02
   3   4   2   1                 NaN
   3   4   2   2                 NaN
   3   4   2   3   -0.1788706188E+03
   3   4   2   4   -0.1133690669E+03
   3   4   2   5   -0.1146448449E+03
   3   4   2   6   -0.1230910427E+03
   3   4   3   1                 NaN
   3   4   3   2                 NaN
   3   4   3   3   -0.1788706126E+03
   3   4   3   4   -0.1133690420E+03
   3   4   3   5   -0.1267215033E+03
   3   4   3   6   -0.1110143872E+03
   3   4   4   1   -0.6728054897E+03
   3   4   4   2   -0.6665134843E+03
   3   4   4   3   -0.2476145914E+03
   3   4   4   4   -0.1134862593E+03
   3   4   4   5   -0.9540974171E+02
   3   4   4   6   -0.9540881695E+02
   3   4   5   1                 NaN
   3   4   5   2                 NaN
   3   4   5   3   -0.2225168994E+03
   3   4   5   4   -0.1222462287E+03
   3   4   5   5   -0.1073516243E+03
   3   4   5   6   -0.1045449441E+03
   3   4   6   1   -0.3671456958E+03
   3   4   6   2   -0.5258025895E+03
   3   4   6   3   -0.1172827706E+03
   3   4   6   4   -0.1607600059E+03
   3   4   6   5   -0.1946169654E+03
   3   4   6   6   -0.7454136672E+02
   3   4   7   1   -0.3907670503E+03
   3   4   7   2   -0.5022010484E+03
   3   4   7   3   -0.1193481594E+03
   3   4   7   4   -0.1586899516E+03
   3   4   7   5   -0.7454233933E+02
   3   4   7   6   -0.1946151600E+03
   3   4   8   1                 NaN
   3   4   8   2                 NaN
   3   4   8   3   -0.2225169082E+03
   3   4   8   4   -0.1222462114E+03
   3   4   8   5   -0.1046380401E+03
   3   4   8   6   -0.1072585706E+03
   3   5   1   1    0.0000000000E+00
   3   5   1   2    0.0000000000E+00
   3   5   1   3    0.0000000000E+00
   3   5   1   4   -0.2788390037E+02
   3   5   1   5   -0.3672118304E+02
   3   5   1   6   -0.3666846624E+02
   3   5   2   1                 NaN
   3   5   2   2                 NaN
   3   5   2   3   -0.8772171364E+02
   3   5   2   4   -0.4892807189E+02
   3   5   2   5   -0.6221550485E+02
   3   5   2   6   -0.7369180833E+02
   3   5   3   1                 NaN
   3   5   3   2                 NaN
   3   5   3   3   -0.8772172254E+02
   3   5   3   4   -0.4892805426E+02
   3   5   3   5   -0.7862534647E+02
   3   5   3   6   -0.5728195585E+02
   3   5   4   1    0.6905393052E+02
   3   5   4   2    0.6905422152E+02
   3   5   4   3   -0.5921973973E+03
   3   5   4   4   -0.5921974170E+03
   3   5   4   5   -0.9332424963E+02
   3   5   4   6   -0.1132617327E+03
   3   5   5   1                 NaN
   3   5   5   2                 NaN
   3   5   5   3   -0.8772172084E+02
   3   5   5   4   -0.4892807371E+02
   3   5   5   5   -0.7660751057E+02
   3   5   5   6   -0.5929978829E+02
   3   5   6   1   -0.1791636846E+03
   3   5   6   2   -0.2635518382E+03
   3   5   6   3   -0.1330395368E+02
   3   5   6   4   -0.4567431591E+02
   3   5   6   5   -0.1579327980E+02
   3   5   6   6   -0.2317259846E+02
   3   5   7   1   -0.2509909498E+03
   3   5   7   2   -0.1917245692E+03
   3   5   7   3   -0.4413563117E+02
   3   5   7   4   -0.1484263707E+02
   3   5   7   5   -0.1579327997E+02
   3   5   7   6   -0.2317259931E+02
   3   5   8   1                 NaN
   3   5   8   2                 NaN
   3   5   8   3   -0.8772171201E+02
   3   5   8   4   -0.4892807010E+02
   3   5   8   5   -0.5987381370E+02
   3   5   8   6   -0.7603349875E+02
   3   6   1   1    0.0000000000E+00
   3   6   1   2    0.0000000000E+00
   3   6   1   3    0.0000000000E+00
   3   6   1   4   -0.2779908627E+02
   3   6   1   5   -0.3672070887E+02
   3   6   1   6   -0.3666749105E+02
   3   6   2   1                 NaN
   3   6   2   2                 NaN
   3   6   2   3   -0.8771829525E+02
   3   6   2   4   -0.4892958678E+02
   3   6   2   5   -0.6221527065E+02
   3   6   2   6   -0.7369145045E+02
   3   6   3   1                 NaN
   3   6   3   2                 NaN
   3   6   3   3   -0.8771830512E+02
   3   6   3   4   -0.4892957422E+02
   3   6   3   5   -0.7862494557E+02
   3   6   3   6   -0.5728185191E+02
   3   6   4   1    0.6907850752E+02
   3   6   4   2    0.6907825648E+02
   3   6   4   3   -0.5921971999E+03
   3   6   4   4   -0.5921973310E+03
   3   6   4   5   -0.1132661124E+03
   3   6   4   6   -0.9332334164E+02
   3   6   5   1                 NaN
   3   6   5   2                 NaN
   3   6   5   3   -0.8771830589E+02
   3   6   5   4   -0.4892957928E+02
   3   6   5   5   -0.7660713005E+02
   3   6   5   6   -0.5929964961E+02
   3   6   6   1   -0.2635455500E+03
   3   6   6   2   -0.1791596642E+03
   3   6   6   3   -0.4563847684E+02
   3   6   6   4   -0.1329092835E+02
   3   6   6   5   -0.2317287582E+02
   3   6   6   6   -0.1579285413E+02
   3   6   7   1   -0.1917202103E+03
   3   6   7   2   -0.2509850054E+03
   3   6   7   3   -0.1482852265E+02
   3   6   7   4   -0.4410088333E+02
   3   6   7   5   -0.2317287552E+02
   3   6   7   6   -0.1579285410E+02
   3   6   8   1                 NaN
   3   6   8   2                 NaN
   3   6   8   3   -0.8771829186E+02
   3   6   8   4   -0.4892958696E+02
   3   6   8   5   -0.5987361701E+02
   3   6   8   6   -0.7603310757E+02
   3   7   1   1    0.0000000000E+00
   3   7   1   2    0.0000000000E+00
   3   7   1   3    0.0000000000E+00
   3   7   1   4   -0.9137533764E+02
   3   7   1   5   -0.1293816526E+03
   3   7   1   6   -0.2398500641E+03
   3   7   2   1                 NaN
   3   7   2   2                 NaN
   3   7   2   3   -0.4936487643E+03
   3   7   2   4   -0.3789251788E+03
   3   7   2   5   -0.9209344086E+02
   3   7   2   6   -0.1002907817E+03
   3   7   3   1                 NaN
   3   7   3   2                 NaN
   3   7   3   3   -0.4936486536E+03
   3   7   3   4   -0.3789251927E+03
   3   7   3   5   -0.1038139367E+03
   3   7   3   6   -0.8857028832E+02
   3   7   4   1   -0.1031255520E+04
   3   7   4   2   -0.3845647631E+04
   3   7   4   3   -0.2750830042E+03
   3   7   4   4   -0.1798663870E+03
   3   7   4   5   -0.1228530617E+03
   3   7   4   6   -0.1228515270E+03
   3   7   5   1                 NaN
   3   7   5   2                 NaN
   3   7   5   3   -0.2083165461E+03
   3   7   5   4   -0.1168354592E+03
   3   7   5   5   -0.1868457181E+03
   3   7   5   6   -0.1585760092E+03
   3   7   6   1   -0.1098515661E+04
   3   7   6   2   -0.1291133528E+04
   3   7   6   3   -0.2280169369E+03
   3   7   6   4   -0.2759546788E+03
   3   7   6   5   -0.4133543963E+03
   3   7   6   6   -0.2519350416E+03
   3   7   7   1   -0.1127187656E+04
   3   7   7   2   -0.1262490685E+04
   3   7   7   3   -0.2302957089E+03
   3   7   7   4   -0.2736692603E+03
   3   7   7   5   -0.2519383693E+03
   3   7   7   6   -0.4133493662E+03
   3   7   8   1                 NaN
   3   7   8   2                 NaN
   3   7   8   3   -0.2083165200E+03
   3   7   8   4   -0.1168354628E+03
   3   7   8   5   -0.1595135253E+03
   3   7   8   6   -0.1859081783E+03
   3   8   1   1    0.0000000000E+00
   3   8   1   2    0.0000000000E+00
   3   8   1   3    0.0000000000E+00
   3   8   1   4   -0.9137533885E+02
   3   8   1   5   -0.2404079319E+03
   3   8   1   6   -0.1288237892E+03
   3   8   2   1                 NaN
   3   8   2   2                 NaN
   3   8   2   3   -0.2083165244E+03
   3   8   2   4   -0.1168354250E+03
   3   8   2   5   -0.1633395159E+03
   3   8   2   6   -0.1820820563E+03
   3   8   3   1                 NaN
   3   8   3   2                 NaN
   3   8   3   3   -0.2083165180E+03
   3   8   3   4   -0.1168354892E+03
   3   8   3   5   -0.1901400801E+03
   3   8   3   6   -0.1552818420E+03
   3   8   4   1   -0.3845647252E+04
   3   8   4   2   -0.1031255393E+04
   3   8   4   3   -0.1798664455E+03
   3   8   4   4   -0.2750830857E+03
   3   8   4   5   -0.1228530167E+03
   3   8   4   6   -0.1228515232E+03
   3   8   5   1                 NaN
   3   8   5   2                 NaN
   3   8   5   3   -0.4936487424E+03
   3   8   5   4   -0.3789251752E+03
   3   8   5   5   -0.1023716561E+03
   3   8   5   6   -0.9001263748E+02
   3   8   6   1   -0.1291166863E+04
   3   8   6   2   -0.1098511729E+04
   3   8   6   3   -0.2759475034E+03
   3   8   6   4   -0.2280174713E+03
   3   8   6   5   -0.2519383680E+03
   3   8   6   6   -0.4133493728E+03
   3   8   7   1   -0.1262463029E+04
   3   8   7   2   -0.1127186041E+04
   3   8   7   3   -0.2736759836E+03
   3   8   7   4   -0.2302956212E+03
   3   8   7   5   -0.4133543994E+03
   3   8   7   6   -0.2519350473E+03
   3   8   8   1                 NaN
   3   8   8   2                 NaN
   3   8   8   3   -0.4936487744E+03
   3   8   8   4   -0.3789251549E+03
   3   8   8   5   -0.9042253106E+02
   3   8   8   6   -0.1019616213E+03
