 ikr ibn iq imode EPCE[meV]
   1   1   1   1    0.0000000000E+00
   1   1   1   2    0.0000000000E+00
   1   1   1   3    0.0000000000E+00
   1   1   1   4    0.1084828569E+02
   1   1   1   5    0.1084828621E+02
   1   1   1   6    0.1084828599E+02
   1   1   2   1   -0.3841150090E+02
   1   1   2   2   -0.3841149950E+02
   1   1   2   3    0.2485446992E+02
   1   1   2   4    0.1498326073E+02
   1   1   2   5    0.1453344264E+02
   1   1   2   6    0.1453344265E+02
   1   1   3   1   -0.3841150049E+02
   1   1   3   2   -0.3841149973E+02
   1   1   3   3    0.2485447003E+02
   1   1   3   4    0.1498326080E+02
   1   1   3   5    0.1453344279E+02
   1   1   3   6    0.1453344243E+02
   1   1   4   1    0.8544698267E+02
   1   1   4   2    0.8544698102E+02
   1   1   4   3    0.1925485422E+02
   1   1   4   4    0.1925485429E+02
   1   1   4   5    0.1704054826E+02
   1   1   4   6    0.1704033609E+02
   1   1   5   1   -0.3841149979E+02
   1   1   5   2   -0.3841149986E+02
   1   1   5   3    0.2485447040E+02
   1   1   5   4    0.1498326103E+02
   1   1   5   5    0.1453344260E+02
   1   1   5   6    0.1453344241E+02
   1   1   6   1    0.8544698029E+02
   1   1   6   2    0.8544698033E+02
   1   1   6   3    0.1925485390E+02
   1   1   6   4    0.1925485392E+02
   1   1   6   5    0.1704054886E+02
   1   1   6   6    0.1704033671E+02
   1   1   7   1    0.8544698041E+02
   1   1   7   2    0.8544697948E+02
   1   1   7   3    0.1925485373E+02
   1   1   7   4    0.1925485392E+02
   1   1   7   5    0.1704054913E+02
   1   1   7   6    0.1704033673E+02
   1   1   8   1   -0.3841149992E+02
   1   1   8   2   -0.3841150014E+02
   1   1   8   3    0.2485447013E+02
   1   1   8   4    0.1498326087E+02
   1   1   8   5    0.1453344256E+02
   1   1   8   6    0.1453344260E+02
   1   2   1   1    0.0000000000E+00
   1   2   1   2    0.0000000000E+00
   1   2   1   3    0.0000000000E+00
   1   2   1   4    0.8838280953E+02
   1   2   1   5    0.1269150098E+03
   1   2   1   6    0.1234973886E+03
   1   2   2   1   -0.3676177706E+03
   1   2   2   2   -0.4311264340E+03
   1   2   2   3    0.2593786553E+03
   1   2   2   4    0.1563637460E+03
   1   2   2   5    0.9504672099E+02
   1   2   2   6    0.2071675384E+03
   1   2   3   1   -0.4108811087E+03
   1   2   3   2   -0.2809928628E+03
   1   2   3   3    0.3285298994E+03
   1   2   3   4    0.1980508600E+03
   1   2   3   5    0.1555644909E+03
   1   2   3   6    0.1062141595E+03
   1   2   4   1    0.8132306914E+03
   1   2   4   2    0.1157238904E+04
   1   2   4   3    0.2128988588E+03
   1   2   4   4    0.2311320953E+03
   1   2   4   5    0.1392136799E+03
   1   2   4   6    0.1392125058E+03
   1   2   5   1   -0.3302352130E+03
   1   2   5   2   -0.5769906493E+03
   1   2   5   3    0.1891847259E+03
   1   2   5   4    0.1140480600E+03
   1   2   5   5    0.2349745537E+03
   1   2   5   6    0.1082850161E+03
   1   2   6   1    0.1202946239E+04
   1   2   6   2    0.9018310618E+03
   1   2   6   3    0.2725114270E+03
   1   2   6   4    0.2017847891E+03
   1   2   6   5    0.1124289671E+03
   1   2   6   6    0.1124280294E+03
   1   2   7   1    0.6314852030E+03
   1   2   7   2    0.6303373118E+03
   1   2   7   3    0.1420449849E+03
   1   2   7   4    0.1422975173E+03
   1   2   7   5    0.2805377304E+03
   1   2   7   6    0.2805353044E+03
   1   2   8   1   -0.2838951016E+03
   1   2   8   2   -0.5172011499E+03
   1   2   8   3    0.2578567444E+03
   1   2   8   4    0.1554462777E+03
   1   2   8   5    0.1185858211E+03
   1   2   8   6    0.1845183629E+03
   1   3   1   1    0.0000000000E+00
   1   3   1   2    0.0000000000E+00
   1   3   1   3    0.0000000000E+00
   1   3   1   4    0.8044303687E+02
   1   3   1   5    0.1159925179E+03
   1   3   1   6    0.1423598035E+03
   1   3   2   1   -0.4676543002E+03
   1   3   2   2   -0.2644730129E+03
   1   3   2   3    0.3024839953E+03
   1   3   2   4    0.1823493555E+03
   1   3   2   5    0.1332475385E+03
   1   3   2   6    0.1437614369E+03
   1   3   3   1   -0.2503636758E+03
   1   3   3   2   -0.6527963108E+03
   1   3   3   3    0.1918159280E+03
   1   3   3   4    0.1156342530E+03
   1   3   3   5    0.9767549901E+02
   1   3   3   6    0.2440456990E+03
   1   3   4   1    0.1037409812E+04
   1   3   4   2    0.9242227128E+03
   1   3   4   3    0.2240177299E+03
   1   3   4   4    0.2180218548E+03
   1   3   4   5    0.1409762761E+03
   1   3   4   6    0.1409750846E+03
   1   3   5   1   -0.6052709397E+03
   1   3   5   2   -0.2946515388E+03
   1   3   5   3    0.1939107837E+03
   1   3   5   4    0.1168971151E+03
   1   3   5   5    0.1018485943E+03
   1   3   5   6    0.2386476544E+03
   1   3   6   1    0.6911849702E+03
   1   3   6   2    0.5990772372E+03
   1   3   6   3    0.1561939939E+03
   1   3   6   4    0.1345571856E+03
   1   3   6   5    0.2748662971E+03
   1   3   6   6    0.2748639198E+03
   1   3   7   1    0.7273975340E+03
   1   3   7   2    0.1357779513E+04
   1   3   7   3    0.3042563957E+03
   1   3   7   4    0.1656230463E+03
   1   3   7   5    0.1163380427E+03
   1   3   7   6    0.1163370690E+03
   1   3   8   1   -0.3159724416E+03
   1   3   8   2   -0.3477594898E+03
   1   3   8   3    0.3467397773E+03
   1   3   8   4    0.2090284970E+03
   1   3   8   5    0.1299849378E+03
   1   3   8   6    0.1211458409E+03
   1   4   1   1    0.0000000000E+00
   1   4   1   2    0.0000000000E+00
   1   4   1   3    0.0000000000E+00
   1   4   1   4    0.1699698929E+03
   1   4   1   5    0.9588740413E+02
   1   4   1   6    0.7293851142E+02
   1   4   2   1   -0.3643294135E+03
   1   4   2   2   -0.5040045362E+03
   1   4   2   3    0.2143514266E+03
   1   4   2   4    0.1292195458E+03
   1   4   2   5    0.2255894032E+03
   1   4   2   6    0.1029549544E+03
   1   4   3   1   -0.5383576324E+03
   1   4   3   2   -0.2658150490E+03
   1   4   3   3    0.2558674915E+03
   1   4   3   4    0.1542470772E+03
   1   4   3   5    0.2006436005E+03
   1   4   3   6    0.1036245869E+03
   1   4   4   1    0.8178918138E+03
   1   4   4   2    0.5870766203E+03
   1   4   4   3    0.1644182199E+03
   1   4   4   4    0.1521811713E+03
   1   4   4   5    0.2519913724E+03
   1   4   4   6    0.2519892009E+03
   1   4   5   1   -0.2640986731E+03
   1   4   5   2   -0.3279616025E+03
   1   4   5   3    0.3931165301E+03
   1   4   5   4    0.2369862439E+03
   1   4   5   5    0.1170610332E+03
   1   4   5   6    0.1069519320E+03
   1   4   6   1    0.7744062118E+03
   1   4   6   2    0.1167628824E+04
   1   4   6   3    0.1726300285E+03
   1   4   6   4    0.2649934050E+03
   1   4   6   5    0.1448852706E+03
   1   4   6   6    0.1448840445E+03
   1   4   7   1    0.1309652767E+04
   1   4   7   2    0.6804226337E+03
   1   4   7   3    0.1550345152E+03
   1   4   7   4    0.2934144642E+03
   1   4   7   5    0.1353046774E+03
   1   4   7   6    0.1353035376E+03
   1   4   8   1   -0.5997353562E+03
   1   4   8   2   -0.3346436969E+03
   1   4   8   3    0.1716164112E+03
   1   4   8   4    0.1034571827E+03
   1   4   8   5    0.2053131535E+03
   1   4   8   6    0.1482201452E+03
   1   5   1   1    0.0000000000E+00
   1   5   1   2    0.0000000000E+00
   1   5   1   3    0.0000000000E+00
   1   5   1   4    0.6665470932E+02
   1   5   1   5    0.1485786590E+03
   1   5   1   6    0.7191414540E+02
   1   5   2   1   -0.5800082853E+03
   1   5   2   2   -0.2308534723E+03
   1   5   2   3    0.1332080431E+03
   1   5   2   4    0.8030309431E+02
   1   5   2   5    0.1880793645E+03
   1   5   2   6    0.1187197135E+03
   1   5   3   1   -0.4460680555E+03
   1   5   3   2   -0.3439729950E+03
   1   5   3   3    0.1466802492E+03
   1   5   3   4    0.8842467475E+02
   1   5   3   5    0.1779834233E+03
   1   5   3   6    0.1209378953E+03
   1   5   4   1    0.1279718123E+04
   1   5   4   2    0.5045884836E+03
   1   5   4   3    0.2215870645E+03
   1   5   4   4    0.1804934177E+03
   1   5   4   5    0.9521175270E+02
   1   5   4   6    0.9521035097E+02
   1   5   5   1   -0.2655829702E+03
   1   5   5   2   -0.2064622874E+03
   1   5   5   3    0.3524419852E+03
   1   5   5   4    0.2124660142E+03
   1   5   5   5    0.7371649938E+02
   1   5   5   6    0.1048873729E+03
   1   5   6   1    0.4914536337E+03
   1   5   6   2    0.6970821546E+03
   1   5   6   3    0.1097622232E+03
   1   5   6   4    0.1580656496E+03
   1   5   6   5    0.2140253323E+03
   1   5   6   6    0.2140224515E+03
   1   5   7   1    0.9201224013E+03
   1   5   7   2    0.6304941433E+03
   1   5   7   3    0.1428628054E+03
   1   5   7   4    0.2065573253E+03
   1   5   7   5    0.1418161717E+03
   1   5   7   6    0.1418141897E+03
   1   5   8   1   -0.4186932851E+03
   1   5   8   2   -0.2196359321E+03
   1   5   8   3    0.2448466115E+03
   1   5   8   4    0.1476032533E+03
   1   5   8   5    0.1493957386E+03
   1   5   8   6    0.9212362452E+02
   1   6   1   1    0.0000000000E+00
   1   6   1   2    0.0000000000E+00
   1   6   1   3    0.0000000000E+00
   1   6   1   4    0.1548054875E+03
   1   6   1   5    0.6113356624E+02
   1   6   1   6    0.7121257623E+02
   1   6   2   1   -0.2030148429E+03
   1   6   2   2   -0.4897632345E+03
   1   6   2   3    0.2096244693E+03
   1   6   2   4    0.1263699483E+03
   1   6   2   5    0.1189200085E+03
   1   6   2   6    0.1432007209E+03
   1   6   3   1   -0.2511449594E+03
   1   6   3   2   -0.3732552582E+03
   1   6   3   3    0.2538689135E+03
   1   6   3   4    0.1530422550E+03
   1   6   3   5    0.8994656332E+02
   1   6   3   6    0.1463025991E+03
   1   6   4   1    0.4498595646E+03
   1   6   4   2    0.5714708147E+03
   1   6   4   3    0.1118509741E+03
   1   6   4   4    0.1182983790E+03
   1   6   4   5    0.2473772949E+03
   1   6   4   6    0.2473739966E+03
   1   6   5   1   -0.3063795325E+03
   1   6   5   2   -0.4483596883E+03
   1   6   5   3    0.1695320129E+03
   1   6   5   4    0.1022006247E+03
   1   6   5   5    0.1452855485E+03
   1   6   5   6    0.1402789080E+03
   1   6   6   1    0.1012843426E+04
   1   6   6   2    0.7531436499E+03
   1   6   6   3    0.2294801491E+03
   1   6   6   4    0.1684721603E+03
   1   6   6   5    0.9887165191E+02
   1   6   6   6    0.9887020496E+02
   1   6   7   1    0.8317585876E+03
   1   6   7   2    0.9044477412E+03
   1   6   7   3    0.2036134492E+03
   1   6   7   4    0.1876279861E+03
   1   6   7   5    0.1048107766E+03
   1   6   7   6    0.1048092556E+03
   1   6   8   1   -0.3726326636E+03
   1   6   8   2   -0.2667659701E+03
   1   6   8   3    0.2441640677E+03
   1   6   8   4    0.1471917889E+03
   1   6   8   5    0.1352365978E+03
   1   6   8   6    0.1066873916E+03
   1   7   1   1    0.0000000000E+00
   1   7   1   2    0.0000000000E+00
   1   7   1   3    0.0000000000E+00
   1   7   1   4    0.6569165120E+02
   1   7   1   5    0.7743321630E+02
   1   7   1   6    0.1440196025E+03
   1   7   2   1   -0.2336994294E+03
   1   7   2   2   -0.2961210852E+03
   1   7   2   3    0.3150510669E+03
   1   7   2   4    0.1899252849E+03
   1   7   2   5    0.7769331347E+02
   1   7   2   6    0.1227705065E+03
   1   7   3   1   -0.3195136624E+03
   1   7   3   2   -0.2995051561E+03
   1   7   3   3    0.2573345868E+03
   1   7   3   4    0.1551315004E+03
   1   7   3   5    0.1167601574E+03
   1   7   3   6    0.1174528894E+03
   1   7   4   1    0.5321376377E+03
   1   7   4   2    0.1185657772E+04
   1   7   4   3    0.1762231673E+03
   1   7   4   4    0.2108695015E+03
   1   7   4   5    0.1084711890E+03
   1   7   4   6    0.1084696215E+03
   1   7   5   1   -0.4447673788E+03
   1   7   5   2   -0.3619095705E+03
   1   7   5   3    0.1359088835E+03
   1   7   5   4    0.8193126809E+02
   1   7   5   5    0.1656887476E+03
   1   7   5   6    0.1395269590E+03
   1   7   6   1    0.7574409361E+03
   1   7   6   2    0.8115099635E+03
   1   7   6   3    0.1704238026E+03
   1   7   6   4    0.1831278413E+03
   1   7   6   5    0.1381550014E+03
   1   7   6   6    0.1381530637E+03
   1   7   7   1    0.5098619755E+03
   1   7   7   2    0.7268027070E+03
   1   7   7   3    0.1631913918E+03
   1   7   7   4    0.1154819763E+03
   1   7   7   5    0.2044222866E+03
   1   7   7   6    0.2044195245E+03
   1   7   8   1   -0.2254090697E+03
   1   7   8   2   -0.5303231916E+03
   1   7   8   3    0.1688730538E+03
   1   7   8   4    0.1018033780E+03
   1   7   8   5    0.1000606500E+03
   1   7   8   6    0.1858795349E+03
   1   8   1   1    0.0000000000E+00
   1   8   1   2    0.0000000000E+00
   1   8   1   3    0.0000000000E+00
   1   8   1   4    0.1340046199E+02
   1   8   1   5    0.1340046292E+02
   1   8   1   6    0.1340046297E+02
   1   8   2   1   -0.4744822363E+02
   1   8   2   2   -0.4744821932E+02
   1   8   2   3    0.3070175265E+02
   1   8   2   4    0.1850823480E+02
   1   8   2   5    0.1795259303E+02
   1   8   2   6    0.1795259171E+02
   1   8   3   1   -0.4744821961E+02
   1   8   3   2   -0.4744822373E+02
   1   8   3   3    0.3070175240E+02
   1   8   3   4    0.1850823464E+02
   1   8   3   5    0.1795259179E+02
   1   8   3   6    0.1795259310E+02
   1   8   4   1    0.1055493133E+03
   1   8   4   2    0.1055493069E+03
   1   8   4   3    0.2378476748E+02
   1   8   4   4    0.2378476719E+02
   1   8   4   5    0.2104949143E+02
   1   8   4   6    0.2104928883E+02
   1   8   5   1   -0.4744822295E+02
   1   8   5   2   -0.4744821836E+02
   1   8   5   3    0.3070175371E+02
   1   8   5   4    0.1850823544E+02
   1   8   5   5    0.1795259118E+02
   1   8   5   6    0.1795259294E+02
   1   8   6   1    0.1055493021E+03
   1   8   6   2    0.1055493017E+03
   1   8   6   3    0.2378476553E+02
   1   8   6   4    0.2378476546E+02
   1   8   6   5    0.2104949483E+02
   1   8   6   6    0.2104929194E+02
   1   8   7   1    0.1055493099E+03
   1   8   7   2    0.1055493112E+03
   1   8   7   3    0.2378476752E+02
   1   8   7   4    0.2378476735E+02
   1   8   7   5    0.2104949144E+02
   1   8   7   6    0.2104928846E+02
   1   8   8   1   -0.4744822217E+02
   1   8   8   2   -0.4744821884E+02
   1   8   8   3    0.3070175391E+02
   1   8   8   4    0.1850823555E+02
   1   8   8   5    0.1795259275E+02
   1   8   8   6    0.1795259126E+02
   2   1   1   1    0.0000000000E+00
   2   1   1   2    0.0000000000E+00
   2   1   1   3    0.0000000000E+00
   2   1   1   4    0.2126300088E+02
   2   1   1   5    0.1334443369E+02
   2   1   1   6    0.3741596643E+02
   2   1   2   1   -0.4552413111E+02
   2   1   2   2   -0.4552413136E+02
   2   1   2   3    0.1060990520E+03
   2   1   2   4    0.6396071877E+02
   2   1   2   5    0.1722459002E+02
   2   1   2   6    0.1722459039E+02
   2   1   3   1   -0.9088754602E+02
   2   1   3   2   -0.1054472287E+03
   2   1   3   3    0.3797256727E+02
   2   1   3   4    0.2289137037E+02
   2   1   3   5    0.3176456914E+02
   2   1   3   6    0.4252100087E+02
   2   1   4   1    0.1059115452E+03
   2   1   4   2    0.2722853585E+03
   2   1   4   3    0.3820155573E+02
   2   1   4   4    0.4702235860E+02
   2   1   4   5    0.3771157572E+02
   2   1   4   6    0.3771112867E+02
   2   1   5   1   -0.1499034559E+03
   2   1   5   2   -0.4643132464E+02
   2   1   5   3    0.3797256353E+02
   2   1   5   4    0.2289136811E+02
   2   1   5   5    0.2249234334E+02
   2   1   5   6    0.5179322885E+02
   2   1   6   1    0.1146799837E+03
   2   1   6   2    0.2635169037E+03
   2   1   6   3    0.2513117488E+02
   2   1   6   4    0.6009273578E+02
   2   1   6   5    0.3771157941E+02
   2   1   6   6    0.3771113148E+02
   2   1   7   1    0.1076075484E+03
   2   1   7   2    0.2705893555E+03
   2   1   7   3    0.6053334593E+02
   2   1   7   4    0.2469056843E+02
   2   1   7   5    0.3771157613E+02
   2   1   7   6    0.3771112820E+02
   2   1   8   1   -0.4552413086E+02
   2   1   8   2   -0.1508106435E+03
   2   1   8   3    0.3797256750E+02
   2   1   8   4    0.2289137051E+02
   2   1   8   5    0.1822143516E+02
   2   1   8   6    0.5606413472E+02
   2   2   1   1    0.0000000000E+00
   2   2   1   2    0.0000000000E+00
   2   2   1   3    0.0000000000E+00
   2   2   1   4    0.3577027523E+02
   2   2   1   5    0.3339069623E+02
   2   2   1   6    0.4062433391E+02
   2   2   2   1   -0.1177108473E+03
   2   2   2   2   -0.1177108474E+03
   2   2   2   3    0.9919722861E+02
   2   2   2   4    0.5980002573E+02
   2   2   2   5    0.4453728224E+02
   2   2   2   6    0.4453728342E+02
   2   2   3   1   -0.1313428484E+03
   2   2   3   2   -0.1357180909E+03
   2   2   3   3    0.7872480082E+02
   2   2   3   4    0.4745843387E+02
   2   2   3   5    0.4890664178E+02
   2   2   3   6    0.5213900403E+02
   2   2   4   1    0.2632446840E+03
   2   2   4   2    0.3132410170E+03
   2   2   4   3    0.6362807342E+02
   2   2   4   4    0.6627877541E+02
   2   2   4   5    0.5748374035E+02
   2   2   4   6    0.5748313451E+02
   2   2   5   1   -0.1490774590E+03
   2   2   5   2   -0.1179834659E+03
   2   2   5   3    0.7872481020E+02
   2   2   5   4    0.4745843953E+02
   2   2   5   5    0.4612027490E+02
   2   2   5   6    0.5492536542E+02
   2   2   6   1    0.2658796603E+03
   2   2   6   2    0.3106060960E+03
   2   2   6   3    0.5970034560E+02
   2   2   6   4    0.7020651568E+02
   2   2   6   5    0.5748373084E+02
   2   2   6   6    0.5748312199E+02
   2   2   7   1    0.2637543409E+03
   2   2   7   2    0.3127313531E+03
   2   2   7   3    0.7033890800E+02
   2   2   7   4    0.5956793924E+02
   2   2   7   5    0.5748374124E+02
   2   2   7   6    0.5748313645E+02
   2   2   8   1   -0.1177108460E+03
   2   2   8   2   -0.1493500938E+03
   2   2   8   3    0.7872480050E+02
   2   2   8   4    0.4745843368E+02
   2   2   8   5    0.4483683868E+02
   2   2   8   6    0.5620880731E+02
   2   3   1   1    0.0000000000E+00
   2   3   1   2    0.0000000000E+00
   2   3   1   3    0.0000000000E+00
   2   3   1   4    0.1306054829E+03
   2   3   1   5    0.9928899656E+02
   2   3   1   6    0.6950398792E+02
   2   3   2   1   -0.3015200896E+03
   2   3   2   2   -0.5506787081E+03
   2   3   2   3    0.1345286962E+03
   2   3   2   4    0.8109923638E+02
   2   3   2   5    0.1166586115E+03
   2   3   2   6    0.2057808215E+03
   2   3   3   1   -0.2507153000E+03
   2   3   3   2   -0.3025285860E+03
   2   3   3   3    0.3279698768E+03
   2   3   3   4    0.1977132561E+03
   2   3   3   5    0.9611662012E+02
   2   3   3   6    0.1132097078E+03
   2   3   4   1    0.6586896466E+03
   2   3   4   2    0.6840744198E+03
   2   3   4   3    0.1506194529E+03
   2   3   4   4    0.1519626376E+03
   2   3   4   5    0.2025113187E+03
   2   3   4   6    0.2025093667E+03
   2   3   5   1   -0.1981467007E+03
   2   3   5   2   -0.6090204892E+03
   2   3   5   3    0.1636667602E+03
   2   3   5   4    0.9866481766E+02
   2   3   5   5    0.2127392511E+03
   2   3   5   6    0.9266194384E+02
   2   3   6   1    0.1296324988E+04
   2   3   6   2    0.6011286762E+03
   2   3   6   3    0.2954393960E+03
   2   3   6   4    0.1321379505E+03
   2   3   6   5    0.9189066893E+02
   2   3   6   6    0.9188975271E+02
   2   3   7   1    0.8202624181E+03
   2   3   7   2    0.6559690953E+03
   2   3   7   3    0.1482632294E+03
   2   3   7   4    0.1843947771E+03
   2   3   7   5    0.1758941694E+03
   2   3   7   6    0.1758924671E+03
   2   3   8   1   -0.3716083835E+03
   2   3   8   2   -0.2427338303E+03
   2   3   8   3    0.2884357123E+03
   2   3   8   4    0.1738804930E+03
   2   3   8   5    0.1438701837E+03
   2   3   8   6    0.8857341474E+02
   2   4   1   1    0.0000000000E+00
   2   4   1   2    0.0000000000E+00
   2   4   1   3    0.0000000000E+00
   2   4   1   4    0.7910588030E+02
   2   4   1   5    0.1395959021E+03
   2   4   1   6    0.8069672639E+02
   2   4   2   1   -0.5506787587E+03
   2   4   2   2   -0.3015202272E+03
   2   4   2   3    0.1345286690E+03
   2   4   2   4    0.8109921999E+02
   2   4   2   5    0.2057807209E+03
   2   4   2   6    0.1166587834E+03
   2   4   3   1   -0.4343562605E+03
   2   4   3   2   -0.3289020816E+03
   2   4   3   3    0.1920784281E+03
   2   4   3   4    0.1157924985E+03
   2   4   3   5    0.1727548410E+03
   2   4   3   6    0.1160329251E+03
   2   4   4   1    0.1219936443E+04
   2   4   4   2    0.5815990502E+03
   2   4   4   3    0.2199017884E+03
   2   4   4   4    0.1860610977E+03
   2   4   4   5    0.1110195055E+03
   2   4   4   6    0.1110184093E+03
   2   4   5   1   -0.2694987227E+03
   2   4   5   2   -0.2398364912E+03
   2   4   5   3    0.3563814310E+03
   2   4   5   4    0.2148408685E+03
   2   4   5   5    0.9029293759E+02
   2   4   5   6    0.1024200281E+03
   2   4   6   1    0.5499973812E+03
   2   4   6   2    0.6968497550E+03
   2   4   6   3    0.1232358011E+03
   2   4   6   4    0.1577321087E+03
   2   4   6   5    0.2216399041E+03
   2   4   6   6    0.2216377795E+03
   2   4   7   1    0.1052114762E+04
   2   4   7   2    0.6159525040E+03
   2   4   7   3    0.1399834106E+03
   2   4   7   4    0.2359033837E+03
   2   4   7   5    0.1376368080E+03
   2   4   7   6    0.1376354670E+03
   2   4   8   1   -0.4805902150E+03
   2   4   8   2   -0.2215697205E+03
   2   4   8   3    0.2316126436E+03
   2   4   8   4    0.1396252924E+03
   2   4   8   5    0.1748966037E+03
   2   4   8   6    0.9077386212E+02
   2   5   1   1    0.0000000000E+00
   2   5   1   2    0.0000000000E+00
   2   5   1   3    0.0000000000E+00
   2   5   1   4    0.8338705463E+02
   2   5   1   5    0.1207603792E+03
   2   5   1   6    0.6208343911E+02
   2   5   2   1   -0.3724311417E+03
   2   5   2   2   -0.3593872410E+03
   2   5   2   3    0.1364316520E+03
   2   5   2   4    0.8224641369E+02
   2   5   2   5    0.6018226627E+02
   2   5   2   6    0.2167098217E+03
   2   5   3   1   -0.2212904780E+03
   2   5   3   2   -0.3708175505E+03
   2   5   3   3    0.2268323607E+03
   2   5   3   4    0.1367435481E+03
   2   5   3   5    0.8799473293E+02
   2   5   3   6    0.1360363001E+03
   2   5   4   1    0.8035989211E+03
   2   5   4   2    0.5917327597E+03
   2   5   4   3    0.1628317691E+03
   2   5   4   4    0.1515960500E+03
   2   5   4   5    0.1399282207E+03
   2   5   4   6    0.1399266121E+03
   2   5   5   1   -0.2272107034E+03
   2   5   5   2   -0.5376425121E+03
   2   5   5   3    0.1150561978E+03
   2   5   5   4    0.6936044164E+02
   2   5   5   5    0.1801268741E+03
   2   5   5   6    0.1092643311E+03
   2   5   6   1    0.1158446131E+04
   2   5   6   2    0.4805143513E+03
   2   5   6   3    0.2642856492E+03
   2   5   6   4    0.1050421438E+03
   2   5   6   5    0.9134179730E+02
   2   5   6   6    0.9134067004E+02
   2   5   7   1    0.4249253628E+03
   2   5   7   2    0.7347398118E+03
   2   5   7   3    0.1647280005E+03
   2   5   7   4    0.9659408996E+02
   2   5   7   5    0.1869267361E+03
   2   5   7   6    0.1869246674E+03
   2   5   8   1   -0.1856022838E+03
   2   5   8   2   -0.2393982314E+03
   2   5   8   3    0.3349606216E+03
   2   5   8   4    0.2019275545E+03
   2   5   8   5    0.7583851894E+02
   2   5   8   6    0.8496542205E+02
   2   6   1   1    0.0000000000E+00
   2   6   1   2    0.0000000000E+00
   2   6   1   3    0.0000000000E+00
   2   6   1   4    0.1012864719E+03
   2   6   1   5    0.8464693896E+02
   2   6   1   6    0.8029747237E+02
   2   6   2   1   -0.3593917150E+03
   2   6   2   2   -0.3724267865E+03
   2   6   2   3    0.1364315989E+03
   2   6   2   4    0.8224638168E+02
   2   6   2   5    0.2167096602E+03
   2   6   2   6    0.6018247265E+02
   2   6   3   1   -0.3917601522E+03
   2   6   3   2   -0.2041121036E+03
   2   6   3   3    0.2243967109E+03
   2   6   3   4    0.1352752418E+03
   2   6   3   5    0.1508299250E+03
   2   6   3   6    0.7462534776E+02
   2   6   4   1    0.8121971500E+03
   2   6   4   2    0.5884431641E+03
   2   6   4   3    0.1637420262E+03
   2   6   4   4    0.1518820548E+03
   2   6   4   5    0.1388695452E+03
   2   6   4   6    0.1388679495E+03
   2   6   5   1   -0.2313205260E+03
   2   6   5   2   -0.1917977026E+03
   2   6   5   3    0.3361785940E+03
   2   6   5   4    0.2026617966E+03
   2   6   5   5    0.8297140915E+02
   2   6   5   6    0.7712034655E+02
   2   6   6   1    0.4343785239E+03
   2   6   6   2    0.7226323492E+03
   2   6   6   3    0.9650760145E+02
   2   6   6   4    0.1642163615E+03
   2   6   6   5    0.1874560861E+03
   2   6   6   6    0.1874540291E+03
   2   6   7   1    0.1186416594E+04
   2   6   7   2    0.4498897202E+03
   2   6   7   3    0.1033768358E+03
   2   6   7   4    0.2653528596E+03
   2   6   7   5    0.9187112761E+02
   2   6   7   6    0.9186999855E+02
   2   6   8   1   -0.5462140828E+03
   2   6   8   2   -0.2167571711E+03
   2   6   8   3    0.1162739599E+03
   2   6   8   4    0.7009455695E+02
   2   6   8   5    0.1984424269E+03
   2   6   8   6    0.9023671611E+02
   2   7   1   1    0.0000000000E+00
   2   7   1   2    0.0000000000E+00
   2   7   1   3    0.0000000000E+00
   2   7   1   4    0.1468365566E+02
   2   7   1   5    0.9216845079E+01
   2   7   1   6    0.2583531352E+02
   2   7   2   1   -0.3144352116E+02
   2   7   2   2   -0.3144352821E+02
   2   7   2   3    0.7325797929E+02
   2   7   2   4    0.4416281692E+02
   2   7   2   5    0.1189702746E+02
   2   7   2   6    0.1189702692E+02
   2   7   3   1   -0.6276145478E+02
   2   7   3   2   -0.7281313721E+02
   2   7   3   3    0.2622492007E+02
   2   7   3   4    0.1580942246E+02
   2   7   3   5    0.2193511731E+02
   2   7   3   6    0.2936112330E+02
   2   7   4   1    0.7315161256E+02
   2   7   4   2    0.1880125365E+03
   2   7   4   3    0.2638087717E+02
   2   7   4   4    0.3247055933E+02
   2   7   4   5    0.2604185875E+02
   2   7   4   6    0.2604135101E+02
   2   7   5   1   -0.1035047621E+03
   2   7   5   2   -0.3206983299E+02
   2   7   5   3    0.2622491809E+02
   2   7   5   4    0.1580942127E+02
   2   7   5   5    0.1553377133E+02
   2   7   5   6    0.3576247044E+02
   2   7   6   1    0.7920517522E+02
   2   7   6   2    0.1819589864E+03
   2   7   6   3    0.1735736439E+02
   2   7   6   4    0.4149407493E+02
   2   7   6   5    0.2604186828E+02
   2   7   6   6    0.2604133650E+02
   2   7   7   1    0.7432250543E+02
   2   7   7   2    0.1868416499E+03
   2   7   7   3    0.4179825621E+02
   2   7   7   4    0.1705318170E+02
   2   7   7   5    0.2604185978E+02
   2   7   7   6    0.2604134749E+02
   2   7   8   1   -0.3144352662E+02
   2   7   8   2   -0.1041310708E+03
   2   7   8   3    0.2622491658E+02
   2   7   8   4    0.1580942036E+02
   2   7   8   5    0.1258522793E+02
   2   7   8   6    0.3871101473E+02
   2   8   1   1    0.0000000000E+00
   2   8   1   2    0.0000000000E+00
   2   8   1   3    0.0000000000E+00
   2   8   1   4    0.8199846780E+02
   2   8   1   5    0.5119714838E+02
   2   8   1   6    0.1448296158E+03
   2   8   2   1   -0.1745657631E+03
   2   8   2   2   -0.1745657590E+03
   2   8   2   3    0.4110742789E+03
   2   8   2   4    0.2478118875E+03
   2   8   2   5    0.6604900592E+02
   2   8   2   6    0.6604900965E+02
   2   8   3   1   -0.3510185542E+03
   2   8   3   2   -0.4076521779E+03
   2   8   3   3    0.1460786384E+03
   2   8   3   4    0.8806199987E+02
   2   8   3   5    0.1226060363E+03
   2   8   3   6    0.1644459537E+03
   2   8   4   1    0.4063821249E+03
   2   8   4   2    0.1053536188E+04
   2   8   4   3    0.1473355573E+03
   2   8   4   4    0.1816463883E+03
   2   8   4   5    0.1455742388E+03
   2   8   4   6    0.1455730068E+03
   2   8   5   1   -0.5805762129E+03
   2   8   5   2   -0.1780945278E+03
   2   8   5   3    0.1460786328E+03
   2   8   5   4    0.8806199650E+02
   2   8   5   5    0.8653930239E+02
   2   8   5   6    0.2005126909E+03
   2   8   6   1    0.4404892130E+03
   2   8   6   2    0.1019429077E+04
   2   8   6   3    0.9649493394E+02
   2   8   6   4    0.2324870065E+03
   2   8   6   5    0.1455742127E+03
   2   8   6   6    0.1455730420E+03
   2   8   7   1    0.4129791636E+03
   2   8   7   2    0.1046939103E+04
   2   8   7   3    0.2342008639E+03
   2   8   7   4    0.9478107132E+02
   2   8   7   5    0.1455742446E+03
   2   8   7   6    0.1455730194E+03
   2   8   8   1   -0.1745657560E+03
   2   8   8   2   -0.5841049807E+03
   2   8   8   3    0.1460786353E+03
   2   8   8   4    0.8806199803E+02
   2   8   8   5    0.6992649235E+02
   2   8   8   6    0.2171254994E+03
   3   1   1   1    0.0000000000E+00
   3   1   1   2    0.0000000000E+00
   3   1   1   3    0.0000000000E+00
   3   1   1   4    0.5568232875E+02
   3   1   1   5    0.2609393106E+02
   3   1   1   6    0.2627043262E+02
   3   1   2   1   -0.9191239900E+02
   3   1   2   2   -0.1631359448E+03
   3   1   2   3    0.8251593791E+02
   3   1   2   4    0.4974291201E+02
   3   1   2   5    0.5020758544E+02
   3   1   2   6    0.4629199905E+02
   3   1   3   1   -0.1225954651E+03
   3   1   3   2   -0.1324528783E+03
   3   1   3   3    0.8251593816E+02
   3   1   3   4    0.4974291216E+02
   3   1   3   5    0.4460874151E+02
   3   1   3   6    0.5189084284E+02
   3   1   4   1    0.2043940776E+03
   3   1   4   2    0.2043940810E+03
   3   1   4   3    0.4605933595E+02
   3   1   4   4    0.4605933637E+02
   3   1   4   5    0.1647260629E+03
   3   1   4   6    0.1166546612E+02
   3   1   5   1   -0.1157161719E+03
   3   1   5   2   -0.1393321730E+03
   3   1   5   3    0.8251593716E+02
   3   1   5   4    0.4974291156E+02
   3   1   5   5    0.4529720725E+02
   3   1   5   6    0.5120237768E+02
   3   1   6   1    0.2091466161E+03
   3   1   6   2    0.4375023066E+03
   3   1   6   3    0.5014032673E+02
   3   1   6   4    0.9557275725E+02
   3   1   6   5    0.3154654718E+02
   3   1   6   6    0.4997732686E+02
   3   1   7   1    0.4035123879E+03
   3   1   7   2    0.2431365366E+03
   3   1   7   3    0.9341319902E+02
   3   1   7   4    0.5229988537E+02
   3   1   7   5    0.3154654701E+02
   3   1   7   6    0.4997732629E+02
   3   1   8   1   -0.1453448430E+03
   3   1   8   2   -0.1097035015E+03
   3   1   8   3    0.8251593741E+02
   3   1   8   4    0.4974291171E+02
   3   1   8   5    0.5100654103E+02
   3   1   8   6    0.4549304375E+02
   3   2   1   1    0.0000000000E+00
   3   2   1   2    0.0000000000E+00
   3   2   1   3    0.0000000000E+00
   3   2   1   4    0.5568238860E+02
   3   2   1   5    0.2609396153E+02
   3   2   1   6    0.2627046233E+02
   3   2   2   1   -0.9191310537E+02
   3   2   2   2   -0.1631329998E+03
   3   2   2   3    0.8251442034E+02
   3   2   2   4    0.4974393664E+02
   3   2   2   5    0.5020822068E+02
   3   2   2   6    0.4629242594E+02
   3   2   3   1   -0.1225945985E+03
   3   2   3   2   -0.1324515069E+03
   3   2   3   3    0.8251442016E+02
   3   2   3   4    0.4974393652E+02
   3   2   3   5    0.4460907887E+02
   3   2   3   6    0.5189156787E+02
   3   2   4   1    0.2043970716E+03
   3   2   4   2    0.2043970679E+03
   3   2   4   3    0.4605876863E+02
   3   2   4   4    0.4605876785E+02
   3   2   4   5    0.1166557576E+02
   3   2   4   6    0.1647243435E+03
   3   2   5   1   -0.1157156563E+03
   3   2   5   2   -0.1393304478E+03
   3   2   5   3    0.8251442097E+02
   3   2   5   4    0.4974393702E+02
   3   2   5   5    0.4529758043E+02
   3   2   5   6    0.5120306582E+02
   3   2   6   1    0.4374890331E+03
   3   2   6   2    0.2091404737E+03
   3   2   6   3    0.9557589403E+02
   3   2   6   4    0.5014188512E+02
   3   2   6   5    0.4997798933E+02
   3   2   6   6    0.3154619530E+02
   3   2   7   1    0.2431293328E+03
   3   2   7   2    0.4035001767E+03
   3   2   7   3    0.5230151913E+02
   3   2   7   4    0.9341626062E+02
   3   2   7   5    0.4997798832E+02
   3   2   7   6    0.3154619527E+02
   3   2   8   1   -0.1453428101E+03
   3   2   8   2   -0.1097032935E+03
   3   2   8   3    0.8251442136E+02
   3   2   8   4    0.4974393725E+02
   3   2   8   5    0.5100721847E+02
   3   2   8   6    0.4549342755E+02
   3   3   1   1    0.0000000000E+00
   3   3   1   2    0.0000000000E+00
   3   3   1   3    0.0000000000E+00
   3   3   1   4    0.4461112366E+02
   3   3   1   5    0.8481380241E+02
   3   3   1   6    0.1063580702E+03
   3   3   2   1   -0.2977004186E+03
   3   3   2   2   -0.2307764491E+03
   3   3   2   3    0.1982463913E+03
   3   3   2   4    0.1195107914E+03
   3   3   2   5    0.9813834363E+02
   3   3   2   6    0.1018170917E+03
   3   3   3   1   -0.2688702455E+03
   3   3   3   2   -0.2596066226E+03
   3   3   3   3    0.1982463910E+03
   3   3   3   4    0.1195107912E+03
   3   3   3   5    0.1033988259E+03
   3   3   3   6    0.9655660964E+02
   3   3   4   1    0.7322974070E+03
   3   3   4   2    0.7797988131E+03
   3   3   4   3    0.1211253064E+03
   3   3   4   4    0.2196145502E+03
   3   3   4   5    0.6881436804E+02
   3   3   4   6    0.6881364344E+02
   3   3   5   1   -0.3220440279E+03
   3   3   5   2   -0.2626231340E+03
   3   3   5   3    0.1618880093E+03
   3   3   5   4    0.9759251601E+02
   3   3   5   5    0.1180371491E+03
   3   3   5   6    0.1031785447E+03
   3   3   6   1    0.6043968358E+03
   3   3   6   2    0.4967153515E+03
   3   3   6   3    0.1347733644E+03
   3   3   6   4    0.1133515133E+03
   3   3   6   5    0.1103453390E+03
   3   3   6   6    0.1912073066E+03
   3   3   7   1    0.5883588642E+03
   3   3   7   2    0.5127421037E+03
   3   3   7   3    0.1337577955E+03
   3   3   7   4    0.1143700021E+03
   3   3   7   5    0.1912090752E+03
   3   3   7   6    0.1103441744E+03
   3   3   8   1   -0.2474930022E+03
   3   3   8   2   -0.3371741609E+03
   3   3   8   3    0.1618880085E+03
   3   3   8   4    0.9759251555E+02
   3   3   8   5    0.1036713320E+03
   3   3   8   6    0.1175443622E+03
   3   4   1   1    0.0000000000E+00
   3   4   1   2    0.0000000000E+00
   3   4   1   3    0.0000000000E+00
   3   4   1   4    0.4461112165E+02
   3   4   1   5    0.1066630554E+03
   3   4   1   6    0.8450881817E+02
   3   4   2   1   -0.3819391883E+03
   3   4   2   2   -0.2027279713E+03
   3   4   2   3    0.1618880085E+03
   3   4   2   4    0.9759251553E+02
   3   4   2   5    0.1056811024E+03
   3   4   2   6    0.1155345905E+03
   3   4   3   1   -0.3047344502E+03
   3   4   3   2   -0.2799327092E+03
   3   4   3   3    0.1618880086E+03
   3   4   3   4    0.9759251561E+02
   3   4   3   5    0.1197701817E+03
   3   4   3   6    0.1014455111E+03
   3   4   4   1    0.7797988091E+03
   3   4   4   2    0.7322974055E+03
   3   4   4   3    0.2196145489E+03
   3   4   4   4    0.1211253064E+03
   3   4   4   5    0.6881436841E+02
   3   4   4   6    0.6881364211E+02
   3   4   5   1   -0.2753342196E+03
   3   4   5   2   -0.2531426466E+03
   3   4   5   3    0.1982463899E+03
   3   4   5   4    0.1195107906E+03
   3   4   5   5    0.1027525277E+03
   3   4   5   6    0.9720290707E+02
   3   4   6   1    0.4967159492E+03
   3   4   6   2    0.6043850100E+03
   3   4   6   3    0.1133516187E+03
   3   4   6   4    0.1347761769E+03
   3   4   6   5    0.1912090755E+03
   3   4   6   6    0.1103441744E+03
   3   4   7   1    0.5127433509E+03
   3   4   7   2    0.5883688349E+03
   3   4   7   3    0.1143697668E+03
   3   4   7   4    0.1337551106E+03
   3   4   7   5    0.1103453388E+03
   3   4   7   6    0.1912073042E+03
   3   4   8   1   -0.2474941232E+03
   3   4   8   2   -0.2809827430E+03
   3   4   8   3    0.1982463900E+03
   3   4   8   4    0.1195107906E+03
   3   4   8   5    0.9738693011E+02
   3   4   8   6    0.1025685047E+03
   3   5   1   1    0.0000000000E+00
   3   5   1   2    0.0000000000E+00
   3   5   1   3    0.0000000000E+00
   3   5   1   4    0.2703040966E+02
   3   5   1   5    0.7100945359E+01
   3   5   1   6    0.7219829341E+01
   3   5   2   1   -0.2481965860E+02
   3   5   2   2   -0.7279229834E+02
   3   5   2   3    0.3158073853E+02
   3   5   2   4    0.1903705341E+02
   3   5   2   5    0.1978448688E+02
   3   5   2   6    0.1714709226E+02
   3   5   3   1   -0.4548624724E+02
   3   5   3   2   -0.5212570977E+02
   3   5   3   3    0.3158073848E+02
   3   5   3   4    0.1903705338E+02
   3   5   3   5    0.1601331211E+02
   3   5   3   6    0.2091826707E+02
   3   5   4   1    0.5516811830E+02
   3   5   4   2    0.5516812307E+02
   3   5   4   3    0.1243111713E+02
   3   5   4   4    0.1243111749E+02
   3   5   4   5    0.8869624836E+02
   3   5   4   6   -0.2794152444E+01
   3   5   5   1   -0.4085269710E+02
   3   5   5   2   -0.5675926140E+02
   3   5   5   3    0.3158073751E+02
   3   5   5   4    0.1903705280E+02
   3   5   5   5    0.1647703735E+02
   3   5   5   6    0.2045454239E+02
   3   5   6   1    0.8654123272E+02
   3   5   6   2    0.1840045643E+03
   3   5   6   3    0.2078570454E+02
   3   5   6   4    0.4017611953E+02
   3   5   6   5    0.2015059799E+02
   3   5   6   6    0.1852999138E+01
   3   5   7   1    0.1694974983E+03
   3   5   7   2    0.1010482969E+03
   3   5   7   3    0.3925442667E+02
   3   5   7   4    0.2170739698E+02
   3   5   7   5    0.2015059844E+02
   3   5   7   6    0.1852999417E+01
   3   5   8   1   -0.6080909640E+02
   3   5   8   2   -0.3680286216E+02
   3   5   8   3    0.3158073748E+02
   3   5   8   4    0.1903705278E+02
   3   5   8   5    0.2032263401E+02
   3   5   8   6    0.1660894575E+02
   3   6   1   1    0.0000000000E+00
   3   6   1   2    0.0000000000E+00
   3   6   1   3    0.0000000000E+00
   3   6   1   4    0.2703044435E+02
   3   6   1   5    0.7100980453E+01
   3   6   1   6    0.7219863425E+01
   3   6   2   1   -0.2481918637E+02
   3   6   2   2   -0.7279023592E+02
   3   6   2   3    0.3157904390E+02
   3   6   2   4    0.1903816973E+02
   3   6   2   5    0.1978510321E+02
   3   6   2   6    0.1714762138E+02
   3   6   3   1   -0.4548509035E+02
   3   6   3   2   -0.5212433217E+02
   3   6   3   3    0.3157904376E+02
   3   6   3   4    0.1903816964E+02
   3   6   3   5    0.1601380391E+02
   3   6   3   6    0.2091892076E+02
   3   6   4   1    0.5516565937E+02
   3   6   4   2    0.5516565629E+02
   3   6   4   3    0.1243179513E+02
   3   6   4   4    0.1243179505E+02
   3   6   4   5   -0.2794175003E+01
   3   6   4   6    0.8869530437E+02
   3   6   5   1   -0.4085169122E+02
   3   6   5   2   -0.5675773000E+02
   3   6   5   3    0.3157904459E+02
   3   6   5   4    0.1903817014E+02
   3   6   5   5    0.1647754367E+02
   3   6   5   6    0.2045518052E+02
   3   6   6   1    0.1839941255E+03
   3   6   6   2    0.8653580544E+02
   3   6   6   3    0.4017854107E+02
   3   6   6   4    0.2078710447E+02
   3   6   6   5    0.1853054400E+01
   3   6   6   6    0.2015043608E+02
   3   6   7   1    0.1010421230E+03
   3   6   7   2    0.1694878050E+03
   3   6   7   3    0.2170884523E+02
   3   6   7   4    0.3925679966E+02
   3   6   7   5    0.1853055058E+01
   3   6   7   6    0.2015043659E+02
   3   6   8   1   -0.6080743123E+02
   3   6   8   2   -0.3680199047E+02
   3   6   8   3    0.3157904428E+02
   3   6   8   4    0.1903816996E+02
   3   6   8   5    0.2032326781E+02
   3   6   8   6    0.1660945656E+02
   3   7   1   1    0.0000000000E+00
   3   7   1   2    0.0000000000E+00
   3   7   1   3    0.0000000000E+00
   3   7   1   4    0.1086357837E+03
   3   7   1   5    0.1303007832E+03
   3   7   1   6    0.3178410761E+03
   3   7   2   1   -0.4336318654E+03
   3   7   2   2   -0.6386168045E+03
   3   7   2   3    0.5818241872E+03
   3   7   2   4    0.3507467078E+03
   3   7   2   5    0.2084831781E+03
   3   7   2   6    0.1972147109E+03
   3   7   3   1   -0.5219376280E+03
   3   7   3   2   -0.5503110396E+03
   3   7   3   3    0.5818241886E+03
   3   7   3   4    0.3507467087E+03
   3   7   3   5    0.1923699428E+03
   3   7   3   6    0.2133279453E+03
   3   7   4   1    0.8576789138E+03
   3   7   4   2    0.2686447866E+04
   3   7   4   3    0.4610963353E+03
   3   7   4   4    0.3375467897E+03
   3   7   4   5    0.1677900901E+03
   3   7   4   6    0.1677881641E+03
   3   7   5   1   -0.9045574827E+03
   3   7   5   2   -0.6517706312E+03
   3   7   5   3    0.2685966885E+03
   3   7   5   4    0.1619207422E+03
   3   7   5   5    0.3260340699E+03
   3   7   5   6    0.2628209672E+03
   3   7   6   1    0.1183010068E+04
   3   7   6   2    0.1430395487E+04
   3   7   6   3    0.2698460860E+03
   3   7   6   4    0.3190720570E+03
   3   7   6   5    0.4462977493E+03
   3   7   6   6    0.2604981069E+03
   3   7   7   1    0.1219835904E+04
   3   7   7   2    0.1393596811E+04
   3   7   7   3    0.2721854644E+03
   3   7   7   4    0.3167262810E+03
   3   7   7   5    0.2605010534E+03
   3   7   7   6    0.4462928643E+03
   3   7   8   1   -0.5874145296E+03
   3   7   8   2   -0.9689135830E+03
   3   7   8   3    0.2685966893E+03
   3   7   8   4    0.1619207427E+03
   3   7   8   5    0.2649172945E+03
   3   7   8   6    0.3239377422E+03
   3   8   1   1    0.0000000000E+00
   3   8   1   2    0.0000000000E+00
   3   8   1   3    0.0000000000E+00
   3   8   1   4    0.1086357855E+03
   3   8   1   5    0.3185317093E+03
   3   8   1   6    0.1296101515E+03
   3   8   2   1   -0.1159349477E+04
   3   8   2   2   -0.3969785851E+03
   3   8   2   3    0.2685967298E+03
   3   8   2   4    0.1619207671E+03
   3   8   2   5    0.2734710469E+03
   3   8   2   6    0.3153839707E+03
   3   8   3   1   -0.8309221360E+03
   3   8   3   2   -0.7254059270E+03
   3   8   3   3    0.2685967291E+03
   3   8   3   4    0.1619207667E+03
   3   8   3   5    0.3334023745E+03
   3   8   3   6    0.2554526434E+03
   3   8   4   1    0.2686447694E+04
   3   8   4   2    0.8576791076E+03
   3   8   4   3    0.3375467805E+03
   3   8   4   4    0.4610963493E+03
   3   8   4   5    0.1677900906E+03
   3   8   4   6    0.1677881655E+03
   3   8   5   1   -0.5021388167E+03
   3   8   5   2   -0.5701099171E+03
   3   8   5   3    0.5818241535E+03
   3   8   5   4    0.3507466875E+03
   3   8   5   5    0.1943501606E+03
   3   8   5   6    0.2113477525E+03
   3   8   6   1    0.1430423557E+04
   3   8   6   2    0.1183009178E+04
   3   8   6   3    0.3190658775E+03
   3   8   6   4    0.2698458725E+03
   3   8   6   5    0.2605010511E+03
   3   8   6   6    0.4462928691E+03
   3   8   7   1    0.1393573072E+04
   3   8   7   2    0.1219832494E+04
   3   8   7   3    0.3167321806E+03
   3   8   7   4    0.2721859648E+03
   3   8   7   5    0.4462977521E+03
   3   8   7   6    0.2604981103E+03
   3   8   8   1   -0.5874116453E+03
   3   8   8   2   -0.4848370915E+03
   3   8   8   3    0.5818241515E+03
   3   8   8   4    0.3507466863E+03
   3   8   8   5    0.2107840985E+03
   3   8   8   6    0.1949138158E+03
