#            band          E0[eV]         EHF[eV]         Eqp[eV]      Eqp-E0[eV]      Sc_Eqp[eV]       Width[eV]
     0.2400000000E+03    0.1190534440E+02    0.8796430333E+01    0.1107754860E+02   -0.8277958025E+00    0.2281128744E+01    0.4128295940E-01
     0.2410000000E+03    0.1190829235E+02    0.8808950559E+01    0.1108970570E+02   -0.8185866526E+00    0.2280888311E+01    0.5785574242E-02
     0.2420000000E+03    0.1192321696E+02    0.8825189863E+01    0.1110851460E+02   -0.8147023575E+00    0.2283391570E+01    0.5014959270E-02
     0.2430000000E+03    0.1192321697E+02    0.8825189873E+01    0.1110849011E+02   -0.8147268557E+00    0.2283367080E+01    0.5015039092E-02
     0.2440000000E+03    0.1198459991E+02    0.8981541402E+01    0.1120448386E+02   -0.7801160435E+00    0.2222917349E+01    0.5566525103E-02
     0.2450000000E+03    0.1198459992E+02    0.8981541428E+01    0.1120452651E+02   -0.7800734079E+00    0.2222959978E+01    0.5566903014E-02
     0.2460000000E+03    0.1200316014E+02    0.9028512980E+01    0.1122323511E+02   -0.7799250316E+00    0.2194033215E+01    0.3574923219E-02
     0.2470000000E+03    0.1201051632E+02    0.9001412541E+01    0.1122069128E+02   -0.7898250381E+00    0.2219320792E+01    0.3789965184E-02
     0.2480000000E+03    0.1201051633E+02    0.9001412573E+01    0.1122071302E+02   -0.7898033114E+00    0.2219342465E+01    0.3789765698E-02
     0.2490000000E+03    0.1216368667E+02    0.9079699325E+01    0.1136555064E+02   -0.7981360230E+00    0.2285889437E+01    0.3958783420E-02
     0.2500000000E+03    0.1216368668E+02    0.9079699321E+01    0.1136553650E+02   -0.7981501864E+00    0.2285875296E+01    0.3958734827E-02
     0.2510000000E+03    0.1237370083E+02    0.9326977012E+01    0.1159066426E+02   -0.7830365767E+00    0.2270510297E+01    0.8661398442E-02
     0.2520000000E+03    0.1237370094E+02    0.9326977163E+01    0.1159065504E+02   -0.7830459049E+00    0.2270500732E+01    0.8661046126E-02
     0.2530000000E+03    0.1340471587E+02    0.1119431917E+02    0.1277407060E+02   -0.6306452674E+00    0.1579763935E+01    0.2987097657E-02
     0.2540000000E+03    0.1380250491E+02    0.1124419002E+02    0.1306893936E+02   -0.7335655514E+00    0.1824764888E+01    0.2656550341E-02
     0.2550000000E+03    0.1380250493E+02    0.1124419004E+02    0.1306896419E+02   -0.7335407375E+00    0.1824789701E+01    0.2656551566E-02
     0.2560000000E+03    0.1496734209E+02    0.1855440140E+02    0.1521477424E+02    0.2474321456E+00   -0.3339685720E+01   -0.8575402804E-02
     0.2570000000E+03    0.1824192746E+02    0.2389701250E+02    0.1920156688E+02    0.9596394155E+00   -0.4695464494E+01   -0.2990172370E-02
     0.2580000000E+03    0.1825459061E+02    0.2390328564E+02    0.1921933424E+02    0.9647436361E+00   -0.4683969594E+01   -0.2932658186E-02
     0.2590000000E+03    0.1825459061E+02    0.2390328565E+02    0.1921927859E+02    0.9646879813E+00   -0.4684025257E+01   -0.2932743390E-02
     0.2600000000E+03    0.1831082027E+02    0.2396474984E+02    0.1925250452E+02    0.9416842491E+00   -0.4712279597E+01   -0.2998634829E-02
     0.2610000000E+03    0.1831686137E+02    0.2397486893E+02    0.1928312850E+02    0.9662671291E+00   -0.4691771897E+01   -0.3021468718E-02
     0.2620000000E+03    0.1831686138E+02    0.2397486895E+02    0.1928317539E+02    0.9663140054E+00   -0.4691725031E+01   -0.3023520448E-02
     0.2630000000E+03    0.1856230574E+02    0.2411901819E+02    0.1937092658E+02    0.8086208392E+00   -0.4748094311E+01   -0.2906480250E-02
     0.2640000000E+03    0.1856230578E+02    0.2411901823E+02    0.1937080892E+02    0.8085031433E+00   -0.4748229198E+01   -0.2906551413E-02
     0.2650000000E+03    0.1862630681E+02    0.2418629416E+02    0.1942326390E+02    0.7969570873E+00   -0.4763051558E+01   -0.2949068446E-02
     0.2660000000E+03    0.1864269565E+02    0.2421645413E+02    0.1945651557E+02    0.8138199249E+00   -0.4759958699E+01   -0.2908532987E-02
     0.2670000000E+03    0.1864269569E+02    0.2421645418E+02    0.1945657360E+02    0.8138779058E+00   -0.4759900703E+01   -0.2908708132E-02
     0.2680000000E+03    0.1864561425E+02    0.2424930392E+02    0.1948070691E+02    0.8350926676E+00   -0.4767824261E+01   -0.3186853980E-02
     0.2690000000E+03    0.1938412777E+02    0.2562205311E+02    0.2066378199E+02    0.1279654214E+01   -0.4958159125E+01   -0.5705002661E-02
     0.2700000000E+03    0.1949233308E+02    0.2574101524E+02    0.2079103586E+02    0.1298702783E+01   -0.4949784913E+01   -0.4025076260E-02
     0.2710000000E+03    0.1949233313E+02    0.2574101530E+02    0.2079102632E+02    0.1298693188E+01   -0.4949794522E+01   -0.4024966018E-02
     0.2720000000E+03    0.1980937611E+02    0.2578990188E+02    0.2076101066E+02    0.9516345454E+00   -0.5031951538E+01   -0.9883692385E-02
     0.2730000000E+03    0.1982546117E+02    0.2581870529E+02    0.2078551273E+02    0.9600515547E+00   -0.5033498108E+01   -0.5657000684E-02
     0.2740000000E+03    0.1983072928E+02    0.2582486978E+02    0.2079317412E+02    0.9624448418E+00   -0.5031692562E+01   -0.4775822196E-02
     0.2750000000E+03    0.1983072930E+02    0.2582486980E+02    0.2079303074E+02    0.9623014371E+00   -0.5031835995E+01   -0.4775927532E-02
     0.2760000000E+03    0.1985195768E+02    0.2583464073E+02    0.2081211518E+02    0.9601574912E+00   -0.5022804097E+01   -0.5230245107E-02
     0.2770000000E+03    0.1985195770E+02    0.2583464071E+02    0.2081202871E+02    0.9600710148E+00   -0.5022679753E+01   -0.5198234674E-02
     0.2780000000E+03    0.1987361056E+02    0.2586646437E+02    0.2082063559E+02    0.9470250297E+00   -0.5045967516E+01   -0.7909088992E-02
     0.2790000000E+03    0.1987361058E+02    0.2586646440E+02    0.2082052048E+02    0.9469098976E+00   -0.5046082800E+01   -0.7908494205E-02
     0.2800000000E+03    0.1990045692E+02    0.2589934241E+02    0.2085908059E+02    0.9586236704E+00   -0.5040178572E+01   -0.5433039884E-02
