 iks ibn en[eV] re[meV] im[meV]
   1   1   -0.2374249251E+02   -0.1179594136E+03    0.1302714232E+01
   1   2   -0.2241997326E+01   -0.9828686188E+03    0.1665340407E+03
   1   3   -0.2241997326E+01   -0.9828686428E+03    0.1665340210E+03
   1   4   -0.2241997326E+01   -0.9828686122E+03    0.1665340163E+03
   1   5    0.3354322300E+01   -0.1310242965E+04    0.1820041401E+03
   1   6    0.3354322300E+01   -0.1310242935E+04    0.1820041380E+03
   1   7    0.3354322300E+01   -0.1310242906E+04    0.1820041327E+03
   1   8    0.1153171925E+02    0.2054264797E+03    0.1708276539E+03
   2   1   -0.2200143073E+02   -0.1723721028E+03    0.1502004371E+03
   2   2   -0.8816465754E+01   -0.4699285629E+03    0.2593145809E+03
   2   3   -0.4003176551E+01   -0.9020973339E+03    0.5608330596E+03
   2   4   -0.4003176551E+01   -0.9020973631E+03    0.5608331229E+03
   2   5    0.5564654813E+01   -0.1506522344E+04    0.9130947676E+03
   2   6    0.5564654813E+01   -0.1506522302E+04    0.9130944327E+03
   2   7    0.6098815592E+01   -0.7195388997E+03    0.3944648834E+03
   2   8    0.1253363711E+02   -0.6223398405E+03    0.2521329541E+03
   3   1   -0.1778853141E+02   -0.3632057786E+03    0.1595242160E+03
   3   2   -0.1573009958E+02   -0.4134339278E+03    0.4189540005E+02
   3   3   -0.5063953616E+01   -0.8266274405E+03    0.2684473945E+03
   3   4   -0.5063953616E+01   -0.8266273918E+03    0.2684473817E+03
   3   5    0.6224950914E+01   -0.6983467050E+03    0.6050855487E+03
   3   6    0.6224950914E+01   -0.6983467338E+03    0.6050855568E+03
   3   7    0.6973008654E+01   -0.3213587385E+03    0.3627978823E+02
   3   8    0.1332844985E+02   -0.8343032709E+03    0.1268244116E+03
   4   1   -0.2142480862E+02   -0.1431904117E+03    0.1171941694E+03
   4   2   -0.6629620309E+01   -0.6856170526E+03    0.2388705396E+03
   4   3   -0.6409742357E+01   -0.7782289677E+03    0.2584483870E+03
   4   4   -0.6409742357E+01   -0.7782289904E+03    0.2584484079E+03
   4   5    0.2241997326E+01   -0.7740950659E+03    0.2433755042E+03
   4   6    0.8066796586E+01   -0.2679291056E+03    0.2150871660E+03
   4   7    0.9384098400E+01   -0.1042514274E+04    0.7418642292E+03
   4   8    0.9384098400E+01   -0.1042514294E+04    0.7418642294E+03
   5   1   -0.1761406298E+02   -0.1945096432E+03    0.4826755706E+03
   5   2   -0.1300477625E+02   -0.4365121432E+03    0.3436557308E+03
   5   3   -0.8989524834E+01   -0.7206904240E+03    0.4106097040E+03
   5   4   -0.7169411462E+01   -0.8931941290E+03    0.3707982727E+03
   5   5    0.3862481336E+01   -0.5235007583E+03    0.7590180436E+03
   5   6    0.9212197096E+01   -0.9954018999E+03    0.9270467482E+03
   5   7    0.1060854369E+02   -0.1081274552E+04    0.1247222358E+04
   5   8    0.1122874450E+02   -0.7464040698E+03    0.1137672649E+04
   6   1   -0.1920225350E+02   -0.2263860296E+03    0.2397527271E+03
   6   2   -0.1086381337E+02   -0.6161745461E+03    0.2562924449E+03
   6   3   -0.9915808259E+01   -0.6480787732E+03    0.1616749167E+03
   6   4   -0.5281105278E+01   -0.9844690923E+03    0.3408019921E+03
   6   5    0.5735937558E+01   -0.5024759970E+03    0.6550734208E+03
   6   6    0.7798827230E+01   -0.1459267208E+04    0.6842062734E+03
   6   7    0.1018819024E+02   -0.1409961463E+04    0.8898940991E+03
   6   8    0.1182510224E+02   -0.4731873043E+03    0.4339323728E+03
   7   1   -0.1490997909E+02   -0.3405305740E+03    0.1019715098E+03
   7   2   -0.1490997909E+02   -0.3405305254E+03    0.1019715150E+03
   7   3   -0.8607947121E+01   -0.6936772909E+03    0.8077507169E+02
   7   4   -0.8607947121E+01   -0.6936772740E+03    0.8077507159E+02
   7   5    0.2545368273E+01   -0.2898070825E+03    0.1346273907E+03
   7   6    0.2545368273E+01   -0.2898070614E+03    0.1346273841E+03
   7   7    0.1461767549E+02   -0.1727145610E+04    0.2032353196E+03
   7   8    0.1461767549E+02   -0.1727145613E+04    0.2032353159E+03
   8   1   -0.1404857829E+02   -0.3396839312E+03    0.2272864695E+03
   8   2   -0.1404857829E+02   -0.3396838268E+03    0.2272864582E+03
   8   3   -0.1070611226E+02   -0.6055100845E+03    0.1711877776E+03
   8   4   -0.1070611226E+02   -0.6055098161E+03    0.1711879018E+03
   8   5    0.8299489133E+01   -0.7897645788E+03    0.4445285459E+03
   8   6    0.8299489133E+01   -0.7897644179E+03    0.4445285538E+03
   8   7    0.1026580174E+02   -0.9251148687E+03    0.1012854793E+04
   8   8    0.1026580174E+02   -0.9251154043E+03    0.1012854368E+04
