# k =   0.000000  0.000000  0.000000
# b =          1         8
# ik, ib    1    1
-0.91733E+01  -0.17344E+02  -0.21775E-01
-0.89233E+01  -0.17982E+02  -0.45411E+00
-0.86733E+01  -0.17829E+02  -0.25321E+00
-0.84233E+01  -0.18173E+02   0.37815E-01
-0.81733E+01  -0.17862E+02  -0.91170E-01
-0.79233E+01  -0.18088E+02   0.18132E-01
-0.76733E+01  -0.17967E+02  -0.15814E-01
-0.74233E+01  -0.17951E+02  -0.45296E-01
-0.71733E+01  -0.17889E+02  -0.11693E-01
# ik, ib    1    2
 0.12327E+02  -0.17899E+02  -0.28428E-07
 0.12577E+02  -0.17945E+02  -0.28593E-07
 0.12827E+02  -0.17990E+02   0.23928E-07
 0.13077E+02  -0.18035E+02  -0.20312E-07
 0.13327E+02  -0.18080E+02   0.30869E-07
 0.13577E+02  -0.18124E+02  -0.70083E-08
 0.13827E+02  -0.18168E+02   0.85668E-08
 0.14077E+02  -0.18212E+02   0.24538E-08
 0.14327E+02  -0.18256E+02   0.35301E-07
# ik, ib    1    3
 0.12327E+02  -0.17900E+02   0.95984E-08
 0.12577E+02  -0.17946E+02   0.72735E-08
 0.12827E+02  -0.17991E+02  -0.33482E-07
 0.13077E+02  -0.18036E+02   0.78948E-08
 0.13327E+02  -0.18081E+02   0.29134E-07
 0.13577E+02  -0.18125E+02   0.24155E-07
 0.13827E+02  -0.18169E+02   0.24521E-07
 0.14077E+02  -0.18213E+02  -0.65208E-08
 0.14327E+02  -0.18257E+02  -0.29181E-07
# ik, ib    1    4
 0.12327E+02  -0.17900E+02  -0.60111E-08
 0.12577E+02  -0.17945E+02   0.16904E-07
 0.12827E+02  -0.17990E+02  -0.19199E-07
 0.13077E+02  -0.18035E+02  -0.36025E-07
 0.13327E+02  -0.18080E+02  -0.92364E-08
 0.13577E+02  -0.18124E+02  -0.25611E-07
 0.13827E+02  -0.18169E+02   0.24174E-07
 0.14077E+02  -0.18213E+02   0.40720E-07
 0.14327E+02  -0.18256E+02  -0.17057E-07
# ik, ib    1    5
 0.17924E+02  -0.14527E+02   0.14288E-07
 0.18174E+02  -0.14570E+02  -0.16200E-07
 0.18424E+02  -0.14614E+02  -0.48885E-08
 0.18674E+02  -0.14658E+02   0.95207E-07
 0.18924E+02  -0.14702E+02  -0.54792E-07
 0.19174E+02  -0.14746E+02   0.12813E-07
 0.19424E+02  -0.14791E+02   0.36676E-07
 0.19674E+02  -0.14836E+02  -0.19390E-08
 0.19924E+02  -0.14882E+02  -0.70681E-08
# ik, ib    1    6
 0.17924E+02  -0.14529E+02  -0.10729E-07
 0.18174E+02  -0.14572E+02   0.69632E-07
 0.18424E+02  -0.14616E+02   0.99331E-08
 0.18674E+02  -0.14660E+02   0.42196E-07
 0.18924E+02  -0.14704E+02   0.48839E-07
 0.19174E+02  -0.14748E+02  -0.22376E-07
 0.19424E+02  -0.14793E+02   0.22981E-07
 0.19674E+02  -0.14838E+02  -0.72585E-07
 0.19924E+02  -0.14884E+02   0.16587E-08
# ik, ib    1    7
 0.17924E+02  -0.14529E+02  -0.20625E-07
 0.18174E+02  -0.14572E+02   0.30795E-07
 0.18424E+02  -0.14615E+02   0.14204E-07
 0.18674E+02  -0.14659E+02   0.42741E-07
 0.18924E+02  -0.14703E+02   0.35531E-07
 0.19174E+02  -0.14748E+02   0.38058E-07
 0.19424E+02  -0.14792E+02   0.65160E-07
 0.19674E+02  -0.14838E+02   0.41197E-08
 0.19924E+02  -0.14883E+02   0.18571E-07
# ik, ib    1    8
 0.26101E+02  -0.15552E+02  -0.20566E-01
 0.26351E+02  -0.15597E+02   0.20899E-02
 0.26601E+02  -0.15715E+02   0.28731E-01
 0.26851E+02  -0.15763E+02   0.15362E-01
 0.27101E+02  -0.15819E+02  -0.23533E-03
 0.27351E+02  -0.15878E+02   0.10149E-01
 0.27601E+02  -0.15937E+02  -0.47539E-01
 0.27851E+02  -0.15982E+02   0.46164E-02
 0.28101E+02  -0.16038E+02  -0.39073E-01
# k =   0.250000  0.000000  0.000000
# b =          1         8
# ik, ib    2    1
-0.74323E+01  -0.17681E+02  -0.17559E+00
-0.71823E+01  -0.17634E+02  -0.12410E+00
-0.69323E+01  -0.17699E+02  -0.14311E+00
-0.66823E+01  -0.17814E+02  -0.18356E+00
-0.64323E+01  -0.17838E+02  -0.12505E+00
-0.61823E+01  -0.17987E+02  -0.19524E+00
-0.59323E+01  -0.18103E+02  -0.24038E+00
-0.56823E+01  -0.18189E+02  -0.73374E-01
-0.54323E+01  -0.18273E+02  -0.14421E+00
# ik, ib    2    2
 0.57528E+01  -0.17424E+02  -0.76024E-03
 0.60028E+01  -0.17473E+02  -0.67395E-02
 0.62528E+01  -0.17527E+02   0.15044E-02
 0.65028E+01  -0.17568E+02  -0.29943E-02
 0.67528E+01  -0.17622E+02  -0.42689E-02
 0.70028E+01  -0.17663E+02  -0.17242E-02
 0.72528E+01  -0.17731E+02  -0.21874E-01
 0.75028E+01  -0.17778E+02  -0.83560E-03
 0.77528E+01  -0.17821E+02  -0.13583E-03
# ik, ib    2    3
 0.10566E+02  -0.17704E+02   0.21555E-07
 0.10816E+02  -0.17751E+02   0.15035E-07
 0.11066E+02  -0.17797E+02   0.51925E-07
 0.11316E+02  -0.17843E+02   0.61985E-08
 0.11566E+02  -0.17888E+02  -0.22475E-09
 0.11816E+02  -0.17933E+02  -0.47814E-08
 0.12066E+02  -0.17978E+02   0.53360E-08
 0.12316E+02  -0.18023E+02  -0.71956E-08
 0.12566E+02  -0.18067E+02  -0.88812E-08
# ik, ib    2    4
 0.10566E+02  -0.17705E+02  -0.69582E-07
 0.10816E+02  -0.17751E+02  -0.19441E-07
 0.11066E+02  -0.17797E+02  -0.21160E-07
 0.11316E+02  -0.17843E+02  -0.32804E-07
 0.11566E+02  -0.17889E+02  -0.91344E-08
 0.11816E+02  -0.17934E+02  -0.48510E-07
 0.12066E+02  -0.17979E+02  -0.46291E-07
 0.12316E+02  -0.18023E+02   0.95627E-08
 0.12566E+02  -0.18068E+02  -0.88756E-08
# ik, ib    2    5
 0.20134E+02  -0.14543E+02  -0.12914E-07
 0.20384E+02  -0.14587E+02   0.70487E-07
 0.20634E+02  -0.14631E+02  -0.31825E-03
 0.20884E+02  -0.14676E+02  -0.43071E-03
 0.21134E+02  -0.14720E+02  -0.24026E-03
 0.21384E+02  -0.14766E+02  -0.37257E-03
 0.21634E+02  -0.14812E+02  -0.28897E-03
 0.21884E+02  -0.14858E+02  -0.54904E-07
 0.22134E+02  -0.14905E+02   0.26540E-05
# ik, ib    2    6
 0.20134E+02  -0.14543E+02   0.20932E-07
 0.20384E+02  -0.14587E+02  -0.23617E-07
 0.20634E+02  -0.14632E+02  -0.31821E-03
 0.20884E+02  -0.14677E+02  -0.43075E-03
 0.21134E+02  -0.14721E+02  -0.24020E-03
 0.21384E+02  -0.14766E+02  -0.37254E-03
 0.21634E+02  -0.14812E+02  -0.28893E-03
 0.21884E+02  -0.14859E+02  -0.11048E-07
 0.22134E+02  -0.14906E+02   0.26815E-05
# ik, ib    2    7
 0.20668E+02  -0.14946E+02  -0.87544E-03
 0.20918E+02  -0.14990E+02  -0.91874E-03
 0.21168E+02  -0.15035E+02  -0.13694E-03
 0.21418E+02  -0.15080E+02  -0.14330E-03
 0.21668E+02  -0.15126E+02  -0.10768E-03
 0.21918E+02  -0.15172E+02   0.23076E-08
 0.22168E+02  -0.15218E+02  -0.59196E-04
 0.22418E+02  -0.15265E+02  -0.54823E-07
 0.22668E+02  -0.15313E+02  -0.19317E-03
# ik, ib    2    8
 0.27103E+02  -0.14471E+02  -0.38516E-02
 0.27353E+02  -0.14528E+02   0.40524E-02
 0.27603E+02  -0.14568E+02  -0.13041E-02
 0.27853E+02  -0.14635E+02  -0.28017E-02
 0.28103E+02  -0.14712E+02   0.29830E-02
 0.28353E+02  -0.14733E+02  -0.29614E-02
 0.28603E+02  -0.14780E+02  -0.64411E-02
 0.28853E+02  -0.14848E+02  -0.12448E-02
 0.29103E+02  -0.14902E+02  -0.23577E-01
# k =   0.500000  0.000000  0.000000
# b =          1         8
# ik, ib    3    1
-0.32194E+01  -0.18332E+02  -0.11911E+00
-0.29694E+01  -0.18326E+02  -0.15916E+00
-0.27194E+01  -0.18652E+02  -0.22054E+00
-0.24694E+01  -0.18668E+02   0.39773E-02
-0.22194E+01  -0.18697E+02  -0.20594E+00
-0.19694E+01  -0.18841E+02  -0.30540E-01
-0.17194E+01  -0.18797E+02  -0.26022E-01
-0.14694E+01  -0.18859E+02  -0.36006E-01
-0.12194E+01  -0.18908E+02  -0.11391E+00
# ik, ib    3    2
-0.11608E+01  -0.16776E+02  -0.30655E-01
-0.91084E+00  -0.16813E+02  -0.30410E-01
-0.66084E+00  -0.16947E+02  -0.10420E-01
-0.41084E+00  -0.16991E+02  -0.42392E-01
-0.16084E+00  -0.17019E+02  -0.69007E-02
 0.89157E-01  -0.17046E+02  -0.31299E-01
 0.33916E+00  -0.17164E+02  -0.83212E-01
 0.58916E+00  -0.17192E+02  -0.46700E-01
 0.83916E+00  -0.17313E+02  -0.52638E-02
# ik, ib    3    3
 0.95053E+01  -0.17769E+02  -0.36021E-08
 0.97553E+01  -0.17817E+02   0.19935E-07
 0.10005E+02  -0.17864E+02  -0.44795E-07
 0.10255E+02  -0.17910E+02   0.19786E-07
 0.10505E+02  -0.17956E+02   0.11863E-07
 0.10755E+02  -0.18002E+02   0.19969E-08
 0.11005E+02  -0.18048E+02   0.11271E-07
 0.11255E+02  -0.18093E+02   0.24809E-07
 0.11505E+02  -0.18138E+02   0.41745E-07
# ik, ib    3    4
 0.95053E+01  -0.17769E+02   0.38851E-09
 0.97553E+01  -0.17817E+02  -0.14147E-07
 0.10005E+02  -0.17864E+02  -0.24554E-08
 0.10255E+02  -0.17910E+02   0.16244E-07
 0.10505E+02  -0.17956E+02  -0.75267E-07
 0.10755E+02  -0.18002E+02   0.61155E-08
 0.11005E+02  -0.18048E+02  -0.29098E-07
 0.11255E+02  -0.18093E+02  -0.34415E-07
 0.11505E+02  -0.18138E+02   0.35337E-07
# ik, ib    3    5
 0.20794E+02  -0.14015E+02  -0.49579E-07
 0.21044E+02  -0.14058E+02  -0.12629E-06
 0.21294E+02  -0.14102E+02  -0.91186E-07
 0.21544E+02  -0.14146E+02  -0.10528E-06
 0.21794E+02  -0.14191E+02  -0.71718E-07
 0.22044E+02  -0.14235E+02   0.79453E-05
 0.22294E+02  -0.14280E+02  -0.33463E-03
 0.22544E+02  -0.14324E+02   0.19511E-04
 0.22794E+02  -0.14377E+02  -0.31099E-03
# ik, ib    3    6
 0.20794E+02  -0.14016E+02   0.55945E-07
 0.21044E+02  -0.14059E+02   0.37456E-07
 0.21294E+02  -0.14103E+02   0.39618E-07
 0.21544E+02  -0.14147E+02   0.64169E-07
 0.21794E+02  -0.14191E+02   0.57254E-07
 0.22044E+02  -0.14236E+02   0.82465E-05
 0.22294E+02  -0.14281E+02  -0.33447E-03
 0.22544E+02  -0.14325E+02   0.19711E-04
 0.22794E+02  -0.14378E+02  -0.31095E-03
# ik, ib    3    7
 0.21542E+02  -0.15137E+02  -0.80177E-08
 0.21792E+02  -0.15182E+02   0.43977E-08
 0.22042E+02  -0.15229E+02  -0.13420E-03
 0.22292E+02  -0.15272E+02  -0.23479E-02
 0.22542E+02  -0.15315E+02  -0.32897E-03
 0.22792E+02  -0.15376E+02  -0.39980E-03
 0.23042E+02  -0.15417E+02  -0.33039E-03
 0.23292E+02  -0.15465E+02   0.24390E-02
 0.23542E+02  -0.15516E+02  -0.40742E-05
# ik, ib    3    8
 0.27898E+02  -0.12669E+02  -0.23237E-02
 0.28148E+02  -0.12746E+02  -0.59878E-01
 0.28398E+02  -0.12740E+02  -0.80923E-02
 0.28648E+02  -0.12792E+02  -0.52251E-01
 0.28898E+02  -0.12802E+02  -0.51502E-02
 0.29148E+02  -0.12922E+02   0.85404E-03
 0.29398E+02  -0.12984E+02  -0.68769E-03
 0.29648E+02  -0.13005E+02  -0.53040E-01
 0.29898E+02  -0.13030E+02  -0.28758E-01
# k =   0.250000  0.250000  0.000000
# b =          1         8
# ik, ib    4    1
-0.68556E+01  -0.17684E+02  -0.13542E+00
-0.66056E+01  -0.17702E+02  -0.53255E-01
-0.63556E+01  -0.17796E+02  -0.87345E-01
-0.61056E+01  -0.17781E+02  -0.90589E-01
-0.58556E+01  -0.17943E+02  -0.18488E+00
-0.56056E+01  -0.18067E+02  -0.37994E-01
-0.53556E+01  -0.18209E+02  -0.45851E-01
-0.51056E+01  -0.18136E+02  -0.54163E-01
-0.48556E+01  -0.18207E+02  -0.10479E+00
# ik, ib    4    2
 0.79396E+01  -0.18185E+02  -0.70704E-07
 0.81896E+01  -0.18233E+02  -0.46016E-04
 0.84396E+01  -0.18280E+02  -0.62185E-08
 0.86896E+01  -0.18328E+02  -0.10035E-02
 0.89396E+01  -0.18377E+02   0.13503E-07
 0.91896E+01  -0.18425E+02  -0.35894E-07
 0.94396E+01  -0.18466E+02   0.37343E-02
 0.96896E+01  -0.18513E+02   0.27094E-07
 0.99396E+01  -0.18560E+02   0.80703E-07
# ik, ib    4    3
 0.81596E+01  -0.17403E+02   0.16809E-05
 0.84096E+01  -0.17451E+02  -0.12723E-07
 0.86596E+01  -0.17497E+02  -0.16388E-02
 0.89096E+01  -0.17548E+02   0.60608E-07
 0.91596E+01  -0.17591E+02   0.17969E-07
 0.94096E+01  -0.17643E+02  -0.62741E-02
 0.96596E+01  -0.17689E+02  -0.11021E-07
 0.99096E+01  -0.17733E+02   0.43242E-08
 0.10160E+02  -0.17778E+02  -0.10959E-09
# ik, ib    4    4
 0.81596E+01  -0.17404E+02   0.16297E-05
 0.84096E+01  -0.17451E+02  -0.73793E-08
 0.86596E+01  -0.17498E+02  -0.16388E-02
 0.89096E+01  -0.17548E+02  -0.86776E-07
 0.91596E+01  -0.17592E+02  -0.12790E-07
 0.94096E+01  -0.17644E+02  -0.62741E-02
 0.96596E+01  -0.17690E+02  -0.28103E-08
 0.99096E+01  -0.17734E+02   0.38626E-07
 0.10160E+02  -0.17779E+02  -0.54715E-07
# ik, ib    4    5
 0.16811E+02  -0.14034E+02   0.22438E-07
 0.17061E+02  -0.14076E+02   0.47650E-07
 0.17311E+02  -0.14118E+02  -0.19550E-07
 0.17561E+02  -0.14160E+02  -0.80244E-08
 0.17811E+02  -0.14203E+02   0.15638E-07
 0.18061E+02  -0.14246E+02   0.61485E-07
 0.18311E+02  -0.14289E+02  -0.36992E-07
 0.18561E+02  -0.14333E+02  -0.30545E-07
 0.18811E+02  -0.14377E+02   0.49793E-07
# ik, ib    4    6
 0.22636E+02  -0.12824E+02  -0.15598E-02
 0.22886E+02  -0.12868E+02   0.34628E-03
 0.23136E+02  -0.12912E+02   0.11697E-03
 0.23386E+02  -0.12957E+02   0.47270E-03
 0.23636E+02  -0.12999E+02   0.13955E-04
 0.23886E+02  -0.13044E+02  -0.16366E-02
 0.24136E+02  -0.13085E+02  -0.11272E-02
 0.24386E+02  -0.13130E+02  -0.82436E-03
 0.24636E+02  -0.13174E+02  -0.13159E-03
# ik, ib    4    7
 0.23953E+02  -0.14915E+02  -0.72200E-03
 0.24203E+02  -0.14962E+02  -0.76441E-04
 0.24453E+02  -0.15010E+02  -0.89479E-03
 0.24703E+02  -0.15057E+02  -0.48385E-03
 0.24953E+02  -0.15109E+02   0.32609E-03
 0.25203E+02  -0.15154E+02   0.53361E-04
 0.25453E+02  -0.15210E+02   0.31101E-02
 0.25703E+02  -0.15253E+02  -0.37514E-02
 0.25953E+02  -0.15319E+02   0.54761E-03
# ik, ib    4    8
 0.23953E+02  -0.14916E+02  -0.72198E-03
 0.24203E+02  -0.14963E+02  -0.76069E-04
 0.24453E+02  -0.15012E+02  -0.89568E-03
 0.24703E+02  -0.15058E+02  -0.48428E-03
 0.24953E+02  -0.15110E+02   0.32652E-03
 0.25203E+02  -0.15155E+02   0.13210E-03
 0.25453E+02  -0.15211E+02   0.30530E-02
 0.25703E+02  -0.15255E+02  -0.30741E-02
 0.25953E+02  -0.15320E+02   0.56354E-03
# k =   0.500000  0.250000  0.000000
# b =          1         8
# ik, ib    5    1
-0.30449E+01  -0.17995E+02  -0.10680E+00
-0.27949E+01  -0.18055E+02  -0.19214E-01
-0.25449E+01  -0.18112E+02  -0.32300E-01
-0.22949E+01  -0.18143E+02  -0.66873E-01
-0.20449E+01  -0.18193E+02  -0.31820E-01
-0.17949E+01  -0.18246E+02  -0.86853E-01
-0.15449E+01  -0.18313E+02  -0.17606E-01
-0.12949E+01  -0.18428E+02  -0.79706E-01
-0.10449E+01  -0.18513E+02  -0.89852E-01
# ik, ib    5    2
 0.15645E+01  -0.17577E+02  -0.18495E-01
 0.18145E+01  -0.17624E+02  -0.27642E-01
 0.20645E+01  -0.17674E+02  -0.14959E-01
 0.23145E+01  -0.17727E+02  -0.28731E-01
 0.25645E+01  -0.17790E+02  -0.10268E-01
 0.28145E+01  -0.17827E+02  -0.11589E-01
 0.30645E+01  -0.17878E+02  -0.54118E-01
 0.33145E+01  -0.17961E+02  -0.43574E-02
 0.35645E+01  -0.18028E+02  -0.73273E-02
# ik, ib    5    3
 0.55797E+01  -0.17401E+02   0.57995E-03
 0.58297E+01  -0.17447E+02  -0.13275E-02
 0.60797E+01  -0.17493E+02  -0.34648E-02
 0.63297E+01  -0.17554E+02  -0.43095E-02
 0.65797E+01  -0.17596E+02  -0.48651E-03
 0.68297E+01  -0.17649E+02  -0.57240E-03
 0.70797E+01  -0.17694E+02  -0.26897E-02
 0.73297E+01  -0.17743E+02  -0.16013E-03
 0.75797E+01  -0.17788E+02   0.66798E-03
# ik, ib    5    4
 0.73999E+01  -0.17480E+02  -0.11652E-02
 0.76499E+01  -0.17535E+02  -0.58523E-02
 0.78999E+01  -0.17582E+02   0.43753E-07
 0.81499E+01  -0.17629E+02   0.56584E-07
 0.83999E+01  -0.17676E+02   0.32361E-07
 0.86499E+01  -0.17722E+02   0.59393E-07
 0.88999E+01  -0.17769E+02  -0.29479E-05
 0.91499E+01  -0.17815E+02   0.21871E-08
 0.93999E+01  -0.17861E+02  -0.15975E-07
# ik, ib    5    5
 0.18432E+02  -0.13451E+02   0.61376E-07
 0.18682E+02  -0.13492E+02   0.53799E-07
 0.18932E+02  -0.13534E+02   0.10629E-06
 0.19182E+02  -0.13576E+02   0.77435E-07
 0.19432E+02  -0.13618E+02   0.69343E-07
 0.19682E+02  -0.13660E+02   0.52908E-08
 0.19932E+02  -0.13703E+02   0.89724E-08
 0.20182E+02  -0.13746E+02   0.55988E-07
 0.20432E+02  -0.13790E+02   0.10989E-06
# ik, ib    5    6
 0.23781E+02  -0.13517E+02  -0.10272E-02
 0.24031E+02  -0.13551E+02   0.65313E-03
 0.24281E+02  -0.13596E+02  -0.33515E-02
 0.24531E+02  -0.13642E+02   0.14117E-02
 0.24781E+02  -0.13684E+02   0.42707E-02
 0.25031E+02  -0.13739E+02  -0.96223E-03
 0.25281E+02  -0.13794E+02   0.73318E-02
 0.25531E+02  -0.13837E+02  -0.87079E-03
 0.25781E+02  -0.13883E+02   0.35557E-03
# ik, ib    5    7
 0.25178E+02  -0.14558E+02  -0.20693E-02
 0.25428E+02  -0.14604E+02   0.68272E-02
 0.25678E+02  -0.14662E+02  -0.51677E-03
 0.25928E+02  -0.14713E+02  -0.31602E-02
 0.26178E+02  -0.14752E+02   0.51610E-03
 0.26428E+02  -0.14822E+02   0.74717E-02
 0.26678E+02  -0.14872E+02  -0.35012E-02
 0.26928E+02  -0.14905E+02  -0.92803E-02
 0.27178E+02  -0.14961E+02   0.51482E-04
# ik, ib    5    8
 0.25798E+02  -0.14943E+02  -0.40756E-02
 0.26048E+02  -0.14988E+02  -0.98986E-04
 0.26298E+02  -0.15047E+02   0.26885E-02
 0.26548E+02  -0.15092E+02  -0.84747E-02
 0.26798E+02  -0.15139E+02  -0.36876E-02
 0.27048E+02  -0.15203E+02   0.27540E-02
 0.27298E+02  -0.15270E+02   0.11692E-02
 0.27548E+02  -0.15291E+02  -0.58026E-02
 0.27798E+02  -0.15346E+02  -0.85308E-02
# k =  -0.250000  0.250000  0.000000
# b =          1         8
# ik, ib    6    1
-0.46331E+01  -0.17820E+02  -0.54181E-01
-0.43831E+01  -0.17820E+02  -0.15848E+00
-0.41331E+01  -0.17977E+02  -0.33046E-01
-0.38831E+01  -0.17991E+02  -0.14591E+00
-0.36331E+01  -0.18103E+02  -0.99690E-01
-0.33831E+01  -0.18158E+02  -0.11894E+00
-0.31331E+01  -0.18257E+02  -0.82224E-01
-0.28831E+01  -0.18354E+02  -0.76301E-01
-0.26331E+01  -0.18308E+02  -0.35162E-01
# ik, ib    6    2
 0.37054E+01  -0.17869E+02  -0.23140E-02
 0.39554E+01  -0.17938E+02  -0.78711E-03
 0.42054E+01  -0.17976E+02  -0.17656E-02
 0.44554E+01  -0.18016E+02  -0.12154E-01
 0.47054E+01  -0.18059E+02  -0.98592E-02
 0.49554E+01  -0.18163E+02  -0.27393E-01
 0.52054E+01  -0.18197E+02   0.10727E-02
 0.54554E+01  -0.18251E+02  -0.26031E-01
 0.57054E+01  -0.18303E+02  -0.79279E-03
# ik, ib    6    3
 0.46535E+01  -0.16983E+02  -0.10657E-02
 0.49035E+01  -0.17047E+02   0.61641E-02
 0.51535E+01  -0.17081E+02  -0.60258E-02
 0.54035E+01  -0.17130E+02  -0.22366E-01
 0.56535E+01  -0.17203E+02  -0.57101E-02
 0.59035E+01  -0.17247E+02   0.23110E-02
 0.61535E+01  -0.17289E+02  -0.58934E-04
 0.64035E+01  -0.17336E+02  -0.25811E-05
 0.66535E+01  -0.17378E+02   0.11959E-03
# ik, ib    6    4
 0.92882E+01  -0.17664E+02   0.10169E-06
 0.95382E+01  -0.17712E+02  -0.39563E-07
 0.97882E+01  -0.17758E+02  -0.60055E-08
 0.10038E+02  -0.17805E+02  -0.13321E-07
 0.10288E+02  -0.17851E+02  -0.28542E-07
 0.10538E+02  -0.17897E+02   0.83516E-08
 0.10788E+02  -0.17943E+02   0.42760E-07
 0.11038E+02  -0.17988E+02  -0.32191E-07
 0.11288E+02  -0.18033E+02  -0.41014E-08
# ik, ib    6    5
 0.20305E+02  -0.13763E+02  -0.34624E-07
 0.20555E+02  -0.13806E+02   0.75072E-07
 0.20805E+02  -0.13849E+02  -0.29299E-07
 0.21055E+02  -0.13892E+02   0.87850E-07
 0.21305E+02  -0.13935E+02   0.56028E-08
 0.21555E+02  -0.13979E+02  -0.31870E-08
 0.21805E+02  -0.14024E+02  -0.14498E-03
 0.22055E+02  -0.14069E+02  -0.93083E-05
 0.22305E+02  -0.14113E+02  -0.21428E-02
# ik, ib    6    6
 0.22368E+02  -0.14513E+02  -0.20623E-03
 0.22618E+02  -0.14560E+02   0.13290E-08
 0.22868E+02  -0.14606E+02  -0.25630E-03
 0.23118E+02  -0.14656E+02  -0.33387E-03
 0.23368E+02  -0.14703E+02  -0.14357E-03
 0.23618E+02  -0.14753E+02  -0.21626E-02
 0.23868E+02  -0.14793E+02  -0.53432E-02
 0.24118E+02  -0.14843E+02  -0.40918E-04
 0.24368E+02  -0.14894E+02  -0.33298E-03
# ik, ib    6    7
 0.24757E+02  -0.14697E+02   0.80072E-02
 0.25007E+02  -0.14752E+02  -0.75642E-04
 0.25257E+02  -0.14781E+02  -0.78820E-02
 0.25507E+02  -0.14832E+02   0.15323E-02
 0.25757E+02  -0.14882E+02  -0.66689E-02
 0.26007E+02  -0.14929E+02  -0.38350E-02
 0.26257E+02  -0.14971E+02  -0.73078E-02
 0.26507E+02  -0.15022E+02   0.56885E-02
 0.26757E+02  -0.15089E+02   0.73742E-02
# ik, ib    6    8
 0.26394E+02  -0.14496E+02  -0.12666E-02
 0.26644E+02  -0.14543E+02  -0.67795E-02
 0.26894E+02  -0.14576E+02   0.27681E-02
 0.27144E+02  -0.14637E+02   0.41843E-03
 0.27394E+02  -0.14711E+02  -0.10334E-02
 0.27644E+02  -0.14751E+02  -0.82591E-02
 0.27894E+02  -0.14796E+02  -0.12166E-01
 0.28144E+02  -0.14827E+02   0.13993E-01
 0.28394E+02  -0.14906E+02  -0.81768E-03
# k =   0.500000  0.500000  0.000000
# b =          1         8
# ik, ib    7    1
-0.34077E+00  -0.17959E+02  -0.30538E-01
-0.90766E-01  -0.17969E+02  -0.38750E-01
 0.15923E+00  -0.18079E+02  -0.88950E-01
 0.40923E+00  -0.18167E+02  -0.65742E-01
 0.65923E+00  -0.18256E+02  -0.47936E-01
 0.90923E+00  -0.18274E+02  -0.56604E-02
 0.11592E+01  -0.18304E+02  -0.48733E-01
 0.14092E+01  -0.18442E+02  -0.22772E-01
 0.16592E+01  -0.18447E+02  -0.18909E-01
# ik, ib    7    2
-0.34077E+00  -0.17959E+02  -0.30438E-01
-0.90766E-01  -0.17968E+02  -0.38750E-01
 0.15923E+00  -0.18077E+02  -0.88714E-01
 0.40923E+00  -0.18167E+02  -0.65708E-01
 0.65923E+00  -0.18255E+02  -0.47804E-01
 0.90923E+00  -0.18276E+02  -0.37335E-02
 0.11592E+01  -0.18301E+02  -0.53232E-01
 0.14092E+01  -0.18441E+02  -0.22779E-01
 0.16592E+01  -0.18444E+02  -0.19549E-01
# ik, ib    7    3
 0.59613E+01  -0.17417E+02   0.76011E-04
 0.62113E+01  -0.17466E+02   0.44200E-04
 0.64613E+01  -0.17514E+02   0.32015E-04
 0.67113E+01  -0.17563E+02  -0.48556E-07
 0.69613E+01  -0.17611E+02   0.56563E-07
 0.72113E+01  -0.17658E+02   0.24875E-03
 0.74613E+01  -0.17706E+02   0.63853E-07
 0.77113E+01  -0.17753E+02   0.20637E-07
 0.79613E+01  -0.17799E+02  -0.72587E-08
# ik, ib    7    4
 0.59613E+01  -0.17418E+02   0.76073E-04
 0.62113E+01  -0.17467E+02   0.44213E-04
 0.64613E+01  -0.17515E+02   0.32009E-04
 0.67113E+01  -0.17564E+02  -0.12946E-07
 0.69613E+01  -0.17612E+02   0.31497E-07
 0.72113E+01  -0.17659E+02   0.24882E-03
 0.74613E+01  -0.17707E+02   0.75509E-08
 0.77113E+01  -0.17754E+02  -0.75769E-08
 0.79613E+01  -0.17800E+02  -0.60296E-07
# ik, ib    7    5
 0.17115E+02  -0.13190E+02  -0.58462E-07
 0.17365E+02  -0.13230E+02  -0.48789E-07
 0.17615E+02  -0.13270E+02   0.48930E-07
 0.17865E+02  -0.13311E+02  -0.39538E-07
 0.18115E+02  -0.13352E+02   0.10173E-07
 0.18365E+02  -0.13393E+02   0.75552E-08
 0.18615E+02  -0.13435E+02  -0.20757E-07
 0.18865E+02  -0.13477E+02   0.64102E-07
 0.19115E+02  -0.13519E+02  -0.31000E-07
# ik, ib    7    6
 0.17115E+02  -0.13191E+02  -0.78922E-07
 0.17365E+02  -0.13231E+02  -0.23358E-08
 0.17615E+02  -0.13271E+02   0.11471E-07
 0.17865E+02  -0.13312E+02   0.62839E-07
 0.18115E+02  -0.13353E+02   0.35013E-07
 0.18365E+02  -0.13394E+02  -0.36374E-07
 0.18615E+02  -0.13436E+02   0.10826E-06
 0.18865E+02  -0.13478E+02   0.79307E-07
 0.19115E+02  -0.13521E+02   0.10943E-07
# ik, ib    7    7
 0.29187E+02  -0.15076E+02  -0.23819E-01
 0.29437E+02  -0.15136E+02  -0.14394E-01
 0.29687E+02  -0.15216E+02  -0.59300E-01
 0.29937E+02  -0.15167E+02  -0.19993E-01
 0.30187E+02  -0.15277E+02   0.22292E-01
 0.30437E+02  -0.15348E+02  -0.66275E-01
 0.30687E+02  -0.15423E+02  -0.28629E-01
 0.30937E+02  -0.15497E+02  -0.32615E-01
 0.31187E+02  -0.15470E+02  -0.13351E-01
# ik, ib    7    8
 0.29187E+02  -0.15073E+02  -0.24150E-01
 0.29437E+02  -0.15137E+02  -0.14986E-01
 0.29687E+02  -0.15214E+02  -0.59283E-01
 0.29937E+02  -0.15178E+02  -0.31586E-01
 0.30187E+02  -0.15277E+02   0.22292E-01
 0.30437E+02  -0.15348E+02  -0.67532E-01
 0.30687E+02  -0.15427E+02  -0.29450E-01
 0.30937E+02  -0.15498E+02  -0.32996E-01
 0.31187E+02  -0.15471E+02  -0.10497E-01
# k =  -0.250000  0.500000  0.250000
# b =          1         8
# ik, ib    8    1
 0.52063E+00  -0.18458E+02  -0.61278E-01
 0.77063E+00  -0.18516E+02  -0.26729E-01
 0.10206E+01  -0.18536E+02  -0.76085E-01
 0.12706E+01  -0.18632E+02  -0.37378E-01
 0.15206E+01  -0.18674E+02  -0.21711E-01
 0.17706E+01  -0.18703E+02  -0.10948E-01
 0.20206E+01  -0.18770E+02  -0.67458E-01
 0.22706E+01  -0.18849E+02  -0.26565E-01
 0.25206E+01  -0.18887E+02  -0.32984E-02
# ik, ib    8    2
 0.52063E+00  -0.18462E+02  -0.61364E-01
 0.77063E+00  -0.18518E+02  -0.26864E-01
 0.10206E+01  -0.18536E+02  -0.76086E-01
 0.12706E+01  -0.18629E+02  -0.37927E-01
 0.15206E+01  -0.18675E+02  -0.21487E-01
 0.17706E+01  -0.18703E+02  -0.10937E-01
 0.20206E+01  -0.18771E+02  -0.67478E-01
 0.22706E+01  -0.18847E+02  -0.29031E-01
 0.25206E+01  -0.18887E+02  -0.33499E-02
# ik, ib    8    3
 0.38632E+01  -0.16593E+02  -0.10697E-02
 0.41132E+01  -0.16630E+02  -0.30854E-02
 0.43632E+01  -0.16701E+02  -0.18909E-02
 0.46132E+01  -0.16761E+02  -0.62684E-02
 0.48632E+01  -0.16807E+02  -0.99615E-03
 0.51132E+01  -0.16852E+02  -0.55706E-02
 0.53632E+01  -0.16909E+02  -0.18115E-02
 0.56132E+01  -0.16951E+02  -0.34576E-02
 0.58632E+01  -0.16998E+02  -0.11556E-02
# ik, ib    8    4
 0.38632E+01  -0.16594E+02  -0.10174E-02
 0.41132E+01  -0.16631E+02  -0.30890E-02
 0.43632E+01  -0.16702E+02  -0.18910E-02
 0.46132E+01  -0.16762E+02  -0.59925E-02
 0.48632E+01  -0.16808E+02  -0.91644E-03
 0.51132E+01  -0.16850E+02  -0.27319E-02
 0.53632E+01  -0.16910E+02  -0.28913E-02
 0.56132E+01  -0.16952E+02  -0.34514E-02
 0.58632E+01  -0.16998E+02  -0.11763E-02
# ik, ib    8    5
 0.22869E+02  -0.13243E+02  -0.20274E-03
 0.23119E+02  -0.13286E+02  -0.39990E-04
 0.23369E+02  -0.13327E+02  -0.19932E-02
 0.23619E+02  -0.13373E+02   0.12805E-04
 0.23869E+02  -0.13415E+02  -0.11206E-03
 0.24119E+02  -0.13459E+02  -0.10111E-03
 0.24369E+02  -0.13501E+02  -0.71983E-03
 0.24619E+02  -0.13544E+02  -0.66629E-03
 0.24869E+02  -0.13584E+02   0.64581E-04
# ik, ib    8    6
 0.22869E+02  -0.13243E+02  -0.20273E-03
 0.23119E+02  -0.13286E+02  -0.39980E-04
 0.23369E+02  -0.13327E+02  -0.16705E-02
 0.23619E+02  -0.13373E+02   0.12841E-04
 0.23869E+02  -0.13415E+02  -0.11190E-03
 0.24119E+02  -0.13459E+02  -0.10099E-03
 0.24369E+02  -0.13501E+02  -0.74287E-03
 0.24619E+02  -0.13544E+02  -0.66626E-03
 0.24869E+02  -0.13584E+02   0.64705E-04
# ik, ib    8    7
 0.24835E+02  -0.14889E+02   0.57241E-05
 0.25085E+02  -0.14952E+02   0.50079E-02
 0.25335E+02  -0.15031E+02  -0.30066E-02
 0.25585E+02  -0.14984E+02  -0.42074E-01
 0.25835E+02  -0.15057E+02  -0.13672E-02
 0.26085E+02  -0.15121E+02  -0.18525E-02
 0.26335E+02  -0.15163E+02  -0.72528E-02
 0.26585E+02  -0.15231E+02   0.21067E-03
 0.26835E+02  -0.15295E+02   0.16352E-02
# ik, ib    8    8
 0.24835E+02  -0.14890E+02   0.56308E-05
 0.25085E+02  -0.14953E+02   0.50075E-02
 0.25335E+02  -0.15031E+02  -0.29851E-02
 0.25585E+02  -0.14985E+02  -0.42074E-01
 0.25835E+02  -0.15057E+02  -0.84615E-03
 0.26085E+02  -0.15122E+02  -0.21906E-02
 0.26335E+02  -0.15163E+02  -0.66751E-02
 0.26585E+02  -0.15231E+02  -0.17185E-03
 0.26835E+02  -0.15296E+02   0.17173E-02
