 Fermi (or HOMO) energy (hartree) =   0.48977   Average Vxc (hartree)=  -0.49735
 Eigenvalues (hartree) for nkpt=   8  k points:
 kpt#   1, nband=105, wtk=  0.01563, kpt=  0.0000  0.0000  0.0000 (reduced coord)
  -0.30036    0.48977    0.48977    0.48977    0.69543    0.69543    0.69543    0.99594
   1.19333    1.47792    1.47792    1.50226    1.50226    1.50226    1.75744    2.24208
   2.24208    2.24208    2.99091    2.99091    2.99091    3.15390    3.15390    3.25861
   3.25861    3.25861    3.46061    3.46061    3.46061    3.54762    4.15921    4.15921
   4.15921    4.37365    4.37365    4.38285    4.38285    4.38285    4.38362    4.38362
   4.54769    4.54769    4.54769    4.55691    4.59267    4.59267    4.59267    4.63330
   4.63330    4.63330    4.69320    4.97409    4.97409    4.97409    5.00179    5.00179
   5.00179    5.06826    5.14463    6.46978    6.46978    6.46978    6.61505    6.61505
   6.74709    6.93459    6.93459    6.93459    7.28295    7.28295    7.28295    7.57272
   7.65407    7.65407    7.74432    7.74432    7.74432    7.76085    7.76085    7.76085
   7.77764    7.83850    7.83850    7.83850    7.98988    7.98988    7.98988    8.00214
   8.00214    8.29292    8.29292    8.29292    8.29904    8.29904    8.42319    8.49433
   8.49433    8.49433    8.50833    8.50834    8.50835    8.53756    8.53769    8.53800
   8.55565
 kpt#   2, nband=105, wtk=  0.12500, kpt=  0.2500  0.0000  0.0000 (reduced coord)
  -0.23638    0.24816    0.42505    0.42505    0.77666    0.77666    0.79629    1.03276
   1.24581    1.31761    1.31761    1.42258    1.93409    1.93409    2.06989    2.06989
   2.08867    2.13092    2.68816    2.68816    3.02594    3.08610    3.08610    3.27994
   3.27994    3.33222    3.33612    3.47301    3.56137    3.56137    3.86619    3.90892
   3.90892    4.02947    4.02947    4.04919    4.08840    4.14402    4.14402    4.42731
   4.44229    4.44229    4.53885    4.79902    4.79902    4.81289    4.88694    4.88694
   4.99913    5.19029    5.19029    5.26908    5.34942    5.52345    5.52345    5.54280
   5.69149    5.69149    5.78386    5.78386    5.90273    6.03075    6.27079    6.27079
   6.31444    6.57176    6.57176    6.64254    7.02464    7.02464    7.24629    7.28696
   7.28696    7.30707    7.33319    7.33319    7.42650    7.42650    7.51631    7.55666
   7.61043    7.61043    7.69277    7.77481    7.77481    7.86890    8.04408    8.04408
   8.06756    8.09280    8.18169    8.21856    8.21856    8.37758    8.37758    8.40696
   8.50144    8.50144    8.66517    8.77647    8.77647    8.90333    8.93945    8.93945
   8.98786
 kpt#   3, nband=105, wtk=  0.06250, kpt=  0.5000  0.0000  0.0000 (reduced coord)
  -0.08156   -0.00591    0.38606    0.38606    0.80092    0.80092    0.82841    1.06197
   1.28969    1.37692    1.44719    1.44719    1.75245    1.75245    2.17610    2.47018
   2.47018    2.54299    2.60932    2.60932    2.70562    2.70562    2.82445    2.89198
   3.21831    3.21831    3.31138    3.31138    3.47118    3.54298    3.57613    3.64710
   3.64710    3.74673    4.08626    4.08626    4.30488    4.33761    4.33761    4.41272
   4.54510    4.73196    5.04565    5.04565    5.10191    5.10191    5.18859    5.18859
   5.23957    5.23957    5.30269    5.41038    5.47116    5.54691    5.54691    5.72880
   5.72880    6.03092    6.03092    6.05049    6.07881    6.07881    6.24296    6.25878
   6.27790    6.32781    6.33169    6.33169    6.35881    6.35881    6.54888    6.68100
   6.99111    6.99111    7.01333    7.01333    7.20482    7.20482    7.44748    7.44748
   7.47421    7.63922    7.74500    7.74500    7.83140    7.84779    7.90718    8.01297
   8.01297    8.06826    8.32833    8.32833    8.42428    8.51973    8.53867    8.53867
   8.65307    8.65307    8.68730    8.68730    8.72354    8.73610    8.75002    8.78916
   8.78940
 kpt#   4, nband=105, wtk=  0.09375, kpt=  0.2500  0.2500  0.0000 (reduced coord)
  -0.21519    0.32853    0.33661    0.33661    0.65455    0.86861    0.91702    0.91702
   1.23490    1.29980    1.58656    1.69126    1.69126    1.80046    2.00616    2.00616
   2.17282    2.36509    2.45260    2.88362    2.88362    3.02419    3.05058    3.05058
   3.12111    3.18182    3.41226    3.59310    3.59310    3.80584    3.91104    3.91400
   3.91400    3.98368    4.06102    4.13990    4.17028    4.17028    4.26223    4.34055
   4.34055    4.36712    4.47493    4.65922    4.65922    4.86689    4.89824    5.04371
   5.05039    5.05039    5.07654    5.08707    5.41241    5.68233    5.71578    5.71578
   5.92752    6.05075    6.05075    6.05613    6.08847    6.08847    6.20273    6.47275
   6.47275    6.50985    6.51062    6.67903    6.77892    6.77892    6.81065    6.81831
   6.84685    6.97366    6.97366    7.07654    7.31400    7.31400    7.46548    7.48862
   7.59488    7.59488    7.64339    7.67880    7.90931    7.90931    8.06972    8.08771
   8.17970    8.36229    8.36229    8.45910    8.46607    8.47694    8.52368    8.52368
   8.59948    8.69120    8.70137    8.70137    8.74353    8.78459    8.91873    8.91873
   9.05648
 kpt#   5, nband=105, wtk=  0.37500, kpt=  0.5000  0.2500  0.0000 (reduced coord)
  -0.07515    0.09424    0.24180    0.30869    0.71410    0.91070    0.96202    0.98481
   1.23415    1.35699    1.50719    1.62909    1.82913    2.02389    2.12040    2.19140
   2.37331    2.38049    2.42123    2.62890    2.67982    2.77557    2.82822    2.97325
   3.03615    3.19237    3.24910    3.35911    3.44442    3.45349    3.69999    3.76166
   3.88884    3.89390    4.03414    4.17570    4.22855    4.42951    4.50729    4.50992
   4.57437    4.62098    4.78710    4.79957    4.90497    4.96809    5.05345    5.11564
   5.16862    5.22192    5.41256    5.46970    5.55074    5.71873    5.76937    5.85696
   5.90693    5.95603    6.04767    6.04830    6.10368    6.18139    6.26801    6.28350
   6.31137    6.38943    6.42445    6.50442    6.55144    6.63044    6.70999    6.72722
   6.84166    6.89363    6.97331    7.00626    7.06673    7.19773    7.31759    7.42239
   7.43669    7.47036    7.59096    7.62918    7.64523    7.73247    7.78519    7.82927
   7.85956    8.01263    8.02477    8.14564    8.21128    8.24545    8.34515    8.51213
   8.52210    8.53351    8.61381    8.61842    8.72843    8.75841    8.78000    8.78619
   8.88675
 kpt#   6, nband=105, wtk=  0.18750, kpt= -0.2500  0.2500  0.0000 (reduced coord)
  -0.13351    0.17292    0.20776    0.37808    0.78295    0.85876    0.94657    1.00672
   1.20775    1.25602    1.39873    1.71247    1.81486    2.02420    2.05797    2.06362
   2.38558    2.52161    2.52723    2.55124    2.72208    2.86413    2.91359    2.97980
   3.03388    3.14476    3.33957    3.42176    3.46633    3.59267    3.76603    3.80530
   3.83087    3.88855    3.93134    4.11867    4.15256    4.21451    4.27972    4.53609
   4.62697    4.65476    4.82635    4.89014    4.97672    5.02449    5.06187    5.15437
   5.19978    5.23136    5.37550    5.46040    5.50805    5.52086    5.57590    5.60818
   5.67955    5.87780    5.99684    6.01276    6.04030    6.21538    6.29917    6.30407
   6.31362    6.44714    6.47800    6.64849    6.65182    6.70962    6.72819    6.86307
   6.86398    6.93106    6.98384    7.18249    7.19868    7.21452    7.23935    7.38805
   7.43607    7.48452    7.56549    7.66870    7.71595    7.74488    7.82748    7.83539
   7.88582    7.94682    8.06356    8.20513    8.20803    8.47143    8.50575    8.56786
   8.57325    8.71560    8.72472    8.82332    8.85421    8.96277    8.97423    8.99184
   9.01287
 kpt#   7, nband=105, wtk=  0.04688, kpt=  0.5000  0.5000  0.0000 (reduced coord)
   0.02423    0.02423    0.25582    0.25582    0.66570    0.66570    1.10935    1.10935
   1.34273    1.34273    1.68445    1.68445    1.91206    1.91206    2.28653    2.28653
   2.28729    2.28729    2.33714    2.33714    2.42878    2.42878    3.06356    3.06356
   3.17289    3.17289    3.33198    3.33198    3.55677    3.55677    3.81650    3.81650
   4.03155    4.03155    4.03235    4.03235    4.10433    4.10433    4.16730    4.16730
   4.65812    4.65812    4.87262    4.87262    5.03449    5.03449    5.31482    5.31482
   5.45269    5.45269    5.53516    5.53516    5.68125    5.68125    5.79279    5.79279
   5.79388    5.79388    5.83955    5.83955    5.89355    5.89355    5.91350    5.91350
   6.75245    6.75245    6.79382    6.79382    6.92969    6.92969    6.97601    6.97601
   7.01100    7.01100    7.07856    7.07856    7.09077    7.09077    7.15980    7.15980
   7.35848    7.35848    7.36318    7.36318    7.45979    7.45979    7.54304    7.54304
   7.66023    7.66023    7.66465    7.66465    8.21484    8.21484    8.49411    8.49411
   8.63205    8.63205    8.67826    8.67826    8.82010    8.82011    8.85717    8.85742
   8.89421
 kpt#   8, nband=105, wtk=  0.09375, kpt= -0.2500  0.5000  0.2500 (reduced coord)
   0.05588    0.05588    0.17872    0.17872    0.87716    0.87716    0.94942    0.94942
   1.27338    1.27338    1.61282    1.61282    2.08422    2.08422    2.16311    2.16311
   2.26945    2.26945    2.55156    2.55156    2.60524    2.60524    2.99775    2.99775
   3.00493    3.00493    3.05433    3.05433    3.62781    3.62781    3.68547    3.68547
   3.96358    3.96358    4.12680    4.12680    4.18870    4.18870    4.66190    4.66190
   4.72731    4.72731    4.78241    4.78241    5.03080    5.03080    5.08463    5.08463
   5.36139    5.36139    5.40359    5.40359    5.48026    5.48026    5.64239    5.64239
   6.03594    6.03594    6.04302    6.04302    6.18744    6.18744    6.22819    6.22819
   6.26276    6.26276    6.36086    6.36086    6.80171    6.80171    7.03236    7.03236
   7.12080    7.12080    7.15575    7.15575    7.18295    7.18295    7.18439    7.18439
   7.20182    7.20182    7.28492    7.28492    7.77246    7.77246    7.80661    7.80661
   7.87842    7.87842    7.90495    7.90495    8.19408    8.19408    8.20047    8.20047
   8.25285    8.25285    8.28712    8.28712    8.64410    8.64410    8.74054    8.74054
   8.92563
