Dynamical matrix file
                                                                           
  1    2  2  6.7034255  0.0000000  0.0000000  0.0000000  0.0000000  0.0000000
           1  'C   '    10947.3567922507     
    1    1      0.0000000000      0.0000000000      0.0000000000
    2    1     -0.2500000000      0.2500000000      0.2500000000

     Dynamical  Matrix in cartesian axes

     q = (    0.000000000   0.000000000   0.000000000 ) 

    1    1
  0.78533736  0.00000000   -0.00000000  0.00000000   -0.00000000  0.00000000
 -0.00000000  0.00000000    0.78533736  0.00000000    0.00000000  0.00000000
 -0.00000000  0.00000000    0.00000000  0.00000000    0.78533736  0.00000000
    1    2
 -0.87383134  0.00000000   -0.00000000  0.00000000   -0.00000000  0.00000000
 -0.00000000  0.00000000   -0.87383134  0.00000000    0.00000000  0.00000000
 -0.00000000  0.00000000    0.00000000  0.00000000   -0.87383134  0.00000000
    2    1
 -0.87383134  0.00000000    0.00000000  0.00000000   -0.00000000  0.00000000
  0.00000000  0.00000000   -0.87383134  0.00000000    0.00000000  0.00000000
 -0.00000000  0.00000000   -0.00000000  0.00000000   -0.87383134  0.00000000
    2    2
  0.78533720  0.00000000   -0.00000000  0.00000000    0.00000000  0.00000000
  0.00000000  0.00000000    0.78533720  0.00000000   -0.00000000  0.00000000
  0.00000000  0.00000000   -0.00000000  0.00000000    0.78533720  0.00000000

     Dielectric Tensor:

          9.272569027834         -0.000000000000         -0.000000000000
          0.000000000000          9.272569027834         -0.000000000000
         -0.000000000000         -0.000000000000          9.272569027834

     Effective Charges E-U: Z_{alpha}{s,beta}

     atom #    1
         -0.894937403679         -0.000000000000         -0.000000000000
         -0.000000000000         -0.894937403679         -0.000000000000
         -0.000000000000         -0.000000000000         -0.894937403679
     atom #    2
         -0.894937344810         -0.000000000000          0.000000000000
         -0.000000000000         -0.894937344810          0.000000000000
          0.000000000000          0.000000000000         -0.894937344810

     Diagonalizing the dynamical matrix

     q = (    0.000000000   0.000000000   0.000000000 ) 

 **************************************************************************
     freq (    1) =      -0.000000 [THz] =      -0.000002 [cm-1]
 (  0.693716  0.000000  0.127621  0.000000  0.049711  0.000000 ) 
 (  0.693716  0.000000  0.127621  0.000000  0.049711  0.000000 ) 
     freq (    2) =       0.000001 [THz] =       0.000018 [cm-1]
 (  0.067721  0.000000 -0.096536  0.000000 -0.697205  0.000000 ) 
 (  0.067721  0.000000 -0.096536  0.000000 -0.697205  0.000000 ) 
     freq (    3) =       0.000001 [THz] =       0.000026 [cm-1]
 (  0.119047  0.000000 -0.688762  0.000000  0.106931  0.000000 ) 
 (  0.119047  0.000000 -0.688762  0.000000  0.106931  0.000000 ) 
     freq (    4) =      41.567050 [THz] =    1386.527551 [cm-1]
 (  0.697486  0.000000 -0.116248  0.000000  0.000000  0.000000 ) 
 ( -0.697486  0.000000  0.116248  0.000000  0.000000  0.000000 ) 
     freq (    5) =      41.567050 [THz] =    1386.527551 [cm-1]
 (  0.000000  0.000000 -0.000000  0.000000  0.707107  0.000000 ) 
 (  0.000000  0.000000 -0.000000  0.000000 -0.707107  0.000000 ) 
     freq (    6) =      41.567050 [THz] =    1386.527551 [cm-1]
 (  0.116248  0.000000  0.697486  0.000000  0.000000  0.000000 ) 
 ( -0.116248  0.000000 -0.697486  0.000000  0.000000  0.000000 ) 
 **************************************************************************
