Dynamical matrix file
                                                                           
  1    2  2  6.7034255  0.0000000  0.0000000  0.0000000  0.0000000  0.0000000
           1  'C   '    10947.3567922507     
    1    1      0.0000000000      0.0000000000      0.0000000000
    2    1     -0.2500000000      0.2500000000      0.2500000000

     Dynamical  Matrix in cartesian axes

     q = (   -0.333333333   0.333333333  -0.333333333 ) 

    1    1
  0.84611266 -0.00000000   -0.09356720  0.00000000    0.09356720 -0.00000000
 -0.09356720  0.00000000    0.84611266 -0.00000000   -0.09356720  0.00000000
  0.09356720 -0.00000000   -0.09356720  0.00000000    0.84611266 -0.00000000
    1    2
 -0.55540175  0.15499986   -0.06455483 -0.03026971    0.06455483  0.03026971
 -0.06455483 -0.03026971   -0.55540175  0.15499986   -0.06455483 -0.03026971
  0.06455483  0.03026971   -0.06455483 -0.03026971   -0.55540175  0.15499986
    2    1
 -0.55540175 -0.15499986   -0.06455483  0.03026971    0.06455483 -0.03026971
 -0.06455483  0.03026971   -0.55540175 -0.15499986   -0.06455483  0.03026971
  0.06455483 -0.03026971   -0.06455483  0.03026971   -0.55540175 -0.15499986
    2    2
  0.84611283 -0.00000000   -0.09356724  0.00000000    0.09356724 -0.00000000
 -0.09356724  0.00000000    0.84611283 -0.00000000   -0.09356724  0.00000000
  0.09356724 -0.00000000   -0.09356724  0.00000000    0.84611283 -0.00000000

     Dynamical  Matrix in cartesian axes

     q = (    0.333333333  -0.333333333   0.333333333 ) 

    1    1
  0.84611266  0.00000000   -0.09356720 -0.00000000    0.09356720  0.00000000
 -0.09356720 -0.00000000    0.84611266  0.00000000   -0.09356720 -0.00000000
  0.09356720  0.00000000   -0.09356720 -0.00000000    0.84611266  0.00000000
    1    2
 -0.55540175 -0.15499986   -0.06455483  0.03026971    0.06455483 -0.03026971
 -0.06455483  0.03026971   -0.55540175 -0.15499986   -0.06455483  0.03026971
  0.06455483 -0.03026971   -0.06455483  0.03026971   -0.55540175 -0.15499986
    2    1
 -0.55540175  0.15499986   -0.06455483 -0.03026971    0.06455483  0.03026971
 -0.06455483 -0.03026971   -0.55540175  0.15499986   -0.06455483 -0.03026971
  0.06455483  0.03026971   -0.06455483 -0.03026971   -0.55540175  0.15499986
    2    2
  0.84611283  0.00000000   -0.09356724 -0.00000000    0.09356724  0.00000000
 -0.09356724 -0.00000000    0.84611283  0.00000000   -0.09356724 -0.00000000
  0.09356724  0.00000000   -0.09356724 -0.00000000    0.84611283  0.00000000

     Dynamical  Matrix in cartesian axes

     q = (    0.333333333   0.333333333   0.333333333 ) 

    1    1
  0.84611266 -0.00000000    0.09356720 -0.00000000    0.09356720 -0.00000000
  0.09356720 -0.00000000    0.84611266 -0.00000000    0.09356720 -0.00000000
  0.09356720 -0.00000000    0.09356720 -0.00000000    0.84611266 -0.00000000
    1    2
 -0.55540175  0.15499986    0.06455483  0.03026971    0.06455483  0.03026971
  0.06455483  0.03026971   -0.55540175  0.15499986    0.06455483  0.03026971
  0.06455483  0.03026971    0.06455483  0.03026971   -0.55540175  0.15499986
    2    1
 -0.55540175 -0.15499986    0.06455483 -0.03026971    0.06455483 -0.03026971
  0.06455483 -0.03026971   -0.55540175 -0.15499986    0.06455483 -0.03026971
  0.06455483 -0.03026971    0.06455483 -0.03026971   -0.55540175 -0.15499986
    2    2
  0.84611283 -0.00000000    0.09356724 -0.00000000    0.09356724 -0.00000000
  0.09356724 -0.00000000    0.84611283 -0.00000000    0.09356724 -0.00000000
  0.09356724 -0.00000000    0.09356724 -0.00000000    0.84611283 -0.00000000

     Dynamical  Matrix in cartesian axes

     q = (   -0.333333333  -0.333333333  -0.333333333 ) 

    1    1
  0.84611266  0.00000000    0.09356720  0.00000000    0.09356720  0.00000000
  0.09356720  0.00000000    0.84611266  0.00000000    0.09356720  0.00000000
  0.09356720  0.00000000    0.09356720  0.00000000    0.84611266  0.00000000
    1    2
 -0.55540175 -0.15499986    0.06455483 -0.03026971    0.06455483 -0.03026971
  0.06455483 -0.03026971   -0.55540175 -0.15499986    0.06455483 -0.03026971
  0.06455483 -0.03026971    0.06455483 -0.03026971   -0.55540175 -0.15499986
    2    1
 -0.55540175  0.15499986    0.06455483  0.03026971    0.06455483  0.03026971
  0.06455483  0.03026971   -0.55540175  0.15499986    0.06455483  0.03026971
  0.06455483  0.03026971    0.06455483  0.03026971   -0.55540175  0.15499986
    2    2
  0.84611283  0.00000000    0.09356724  0.00000000    0.09356724  0.00000000
  0.09356724  0.00000000    0.84611283  0.00000000    0.09356724  0.00000000
  0.09356724  0.00000000    0.09356724  0.00000000    0.84611283  0.00000000

     Dynamical  Matrix in cartesian axes

     q = (    0.333333333  -0.333333333  -0.333333333 ) 

    1    1
  0.84611266 -0.00000000   -0.09356720  0.00000000   -0.09356720  0.00000000
 -0.09356720  0.00000000    0.84611266 -0.00000000    0.09356720 -0.00000000
 -0.09356720  0.00000000    0.09356720 -0.00000000    0.84611266 -0.00000000
    1    2
  0.14346706 -0.55849196    0.05849175 -0.04077127    0.05849175 -0.04077127
  0.05849175 -0.04077127    0.14346706 -0.55849196   -0.05849175  0.04077127
  0.05849175 -0.04077127   -0.05849175  0.04077127    0.14346706 -0.55849196
    2    1
  0.14346706  0.55849196    0.05849175  0.04077127    0.05849175  0.04077127
  0.05849175  0.04077127    0.14346706  0.55849196   -0.05849175 -0.04077127
  0.05849175  0.04077127   -0.05849175 -0.04077127    0.14346706  0.55849196
    2    2
  0.84611283 -0.00000000   -0.09356724  0.00000000   -0.09356724  0.00000000
 -0.09356724  0.00000000    0.84611283 -0.00000000    0.09356724 -0.00000000
 -0.09356724  0.00000000    0.09356724 -0.00000000    0.84611283 -0.00000000

     Dynamical  Matrix in cartesian axes

     q = (   -0.333333333   0.333333333   0.333333333 ) 

    1    1
  0.84611266  0.00000000   -0.09356720 -0.00000000   -0.09356720 -0.00000000
 -0.09356720 -0.00000000    0.84611266  0.00000000    0.09356720  0.00000000
 -0.09356720 -0.00000000    0.09356720  0.00000000    0.84611266  0.00000000
    1    2
  0.14346706  0.55849196    0.05849175  0.04077127    0.05849175  0.04077127
  0.05849175  0.04077127    0.14346706  0.55849196   -0.05849175 -0.04077127
  0.05849175  0.04077127   -0.05849175 -0.04077127    0.14346706  0.55849196
    2    1
  0.14346706 -0.55849196    0.05849175 -0.04077127    0.05849175 -0.04077127
  0.05849175 -0.04077127    0.14346706 -0.55849196   -0.05849175  0.04077127
  0.05849175 -0.04077127   -0.05849175  0.04077127    0.14346706 -0.55849196
    2    2
  0.84611283  0.00000000   -0.09356724 -0.00000000   -0.09356724 -0.00000000
 -0.09356724 -0.00000000    0.84611283  0.00000000    0.09356724  0.00000000
 -0.09356724 -0.00000000    0.09356724  0.00000000    0.84611283  0.00000000

     Dynamical  Matrix in cartesian axes

     q = (   -0.333333333  -0.333333333   0.333333333 ) 

    1    1
  0.84611266 -0.00000000    0.09356720 -0.00000000   -0.09356720  0.00000000
  0.09356720 -0.00000000    0.84611266 -0.00000000   -0.09356720  0.00000000
 -0.09356720  0.00000000   -0.09356720  0.00000000    0.84611266 -0.00000000
    1    2
 -0.55540175  0.15499986    0.06455483  0.03026971   -0.06455483 -0.03026971
  0.06455483  0.03026971   -0.55540175  0.15499986   -0.06455483 -0.03026971
 -0.06455483 -0.03026971   -0.06455483 -0.03026971   -0.55540175  0.15499986
    2    1
 -0.55540175 -0.15499986    0.06455483 -0.03026971   -0.06455483  0.03026971
  0.06455483 -0.03026971   -0.55540175 -0.15499986   -0.06455483  0.03026971
 -0.06455483  0.03026971   -0.06455483  0.03026971   -0.55540175 -0.15499986
    2    2
  0.84611283 -0.00000000    0.09356724 -0.00000000   -0.09356724  0.00000000
  0.09356724 -0.00000000    0.84611283 -0.00000000   -0.09356724  0.00000000
 -0.09356724  0.00000000   -0.09356724  0.00000000    0.84611283 -0.00000000

     Dynamical  Matrix in cartesian axes

     q = (    0.333333333   0.333333333  -0.333333333 ) 

    1    1
  0.84611266  0.00000000    0.09356720  0.00000000   -0.09356720 -0.00000000
  0.09356720  0.00000000    0.84611266  0.00000000   -0.09356720 -0.00000000
 -0.09356720 -0.00000000   -0.09356720 -0.00000000    0.84611266  0.00000000
    1    2
 -0.55540175 -0.15499986    0.06455483 -0.03026971   -0.06455483  0.03026971
  0.06455483 -0.03026971   -0.55540175 -0.15499986   -0.06455483  0.03026971
 -0.06455483  0.03026971   -0.06455483  0.03026971   -0.55540175 -0.15499986
    2    1
 -0.55540175  0.15499986    0.06455483  0.03026971   -0.06455483 -0.03026971
  0.06455483  0.03026971   -0.55540175  0.15499986   -0.06455483 -0.03026971
 -0.06455483 -0.03026971   -0.06455483 -0.03026971   -0.55540175  0.15499986
    2    2
  0.84611283  0.00000000    0.09356724  0.00000000   -0.09356724 -0.00000000
  0.09356724  0.00000000    0.84611283  0.00000000   -0.09356724 -0.00000000
 -0.09356724 -0.00000000   -0.09356724 -0.00000000    0.84611283  0.00000000

     Diagonalizing the dynamical matrix

     q = (   -0.333333333   0.333333333  -0.333333333 ) 

 **************************************************************************
     freq (    1) =      10.899619 [THz] =     363.572153 [cm-1]
 ( -0.336869  0.148021 -0.536434  0.188172 -0.199566  0.040151 ) 
 ( -0.359447  0.078670 -0.563011  0.078670 -0.203565  0.000000 ) 
     freq (    2) =      10.899619 [THz] =     363.572153 [cm-1]
 (  0.429352 -0.116617 -0.100308 -0.010054 -0.529659  0.106563 ) 
 (  0.443919 -0.029641 -0.096354 -0.029641 -0.540273  0.000000 ) 
     freq (    3) =      23.436194 [THz] =     781.747274 [cm-1]
 (  0.364327 -0.184209 -0.364327  0.184209  0.364327 -0.184209 ) 
 (  0.408248  0.000000 -0.408248 -0.000000  0.408248  0.000000 ) 
     freq (    4) =      37.002709 [THz] =    1234.277526 [cm-1]
 ( -0.066741 -0.040747  0.446355 -0.143978  0.513095 -0.103231 ) 
 (  0.057393  0.053111 -0.465984  0.053111 -0.523377  0.000000 ) 
     freq (    5) =      37.002709 [THz] =    1234.277526 [cm-1]
 ( -0.527042  0.222364 -0.288088  0.174289  0.238953 -0.048075 ) 
 (  0.560547 -0.114043  0.316805 -0.114043 -0.243742  0.000000 ) 
     freq (    6) =      38.649400 [THz] =    1289.205224 [cm-1]
 (  0.364327 -0.184209 -0.364327  0.184209  0.364327 -0.184209 ) 
 ( -0.408248  0.000000  0.408248  0.000000 -0.408248  0.000000 ) 
 **************************************************************************
