Dynamical matrix file
                                                                           
  1    2  2  6.7034255  0.0000000  0.0000000  0.0000000  0.0000000  0.0000000
           1  'C   '    10947.3567922507     
    1    1      0.0000000000      0.0000000000      0.0000000000
    2    1     -0.2500000000      0.2500000000      0.2500000000

     Dynamical  Matrix in cartesian axes

     q = (    0.666666667   0.000000000   0.666666667 ) 

    1    1
  0.80800352  0.00000000    0.00000000 -0.07467568    0.09122428  0.00000000
  0.00000000  0.07467568    1.00092386  0.00000000    0.00000000  0.07467568
  0.09122428  0.00000000    0.00000000 -0.07467568    0.80800352  0.00000000
    1    2
 -0.21663872  0.00000000   -0.00000000  0.04367435    0.11091446 -0.00000000
  0.00000000  0.04367426   -0.22571421  0.00000000    0.00000000  0.04367426
  0.11091446 -0.00000000    0.00000000  0.04367435   -0.21663872 -0.00000000
    2    1
 -0.21663872  0.00000000   -0.00000000 -0.04367426    0.11091446 -0.00000000
  0.00000000 -0.04367435   -0.22571421  0.00000000    0.00000000 -0.04367435
  0.11091446 -0.00000000    0.00000000 -0.04367426   -0.21663872 -0.00000000
    2    2
  0.80800336  0.00000000    0.00000000  0.07467574    0.09122417  0.00000000
 -0.00000000 -0.07467574    1.00092394  0.00000000   -0.00000000 -0.07467574
  0.09122417  0.00000000    0.00000000  0.07467574    0.80800336  0.00000000

     Dynamical  Matrix in cartesian axes

     q = (   -0.666666667   0.000000000  -0.666666667 ) 

    1    1
  0.80800352  0.00000000    0.00000000  0.07467568    0.09122428  0.00000000
  0.00000000 -0.07467568    1.00092386  0.00000000    0.00000000 -0.07467568
  0.09122428  0.00000000    0.00000000  0.07467568    0.80800352  0.00000000
    1    2
 -0.21663872  0.00000000   -0.00000000 -0.04367435    0.11091446  0.00000000
  0.00000000 -0.04367426   -0.22571421 -0.00000000    0.00000000 -0.04367426
  0.11091446  0.00000000    0.00000000 -0.04367435   -0.21663872  0.00000000
    2    1
 -0.21663872  0.00000000   -0.00000000  0.04367426    0.11091446  0.00000000
  0.00000000  0.04367435   -0.22571421 -0.00000000    0.00000000  0.04367435
  0.11091446  0.00000000    0.00000000  0.04367426   -0.21663872  0.00000000
    2    2
  0.80800336  0.00000000    0.00000000 -0.07467574    0.09122417  0.00000000
 -0.00000000  0.07467574    1.00092394  0.00000000   -0.00000000  0.07467574
  0.09122417  0.00000000    0.00000000 -0.07467574    0.80800336  0.00000000

     Dynamical  Matrix in cartesian axes

     q = (    0.000000000  -0.666666667   0.666666667 ) 

    1    1
  1.00092386  0.00000000    0.00000000  0.07467568   -0.00000000 -0.07467568
  0.00000000 -0.07467568    0.80800352  0.00000000   -0.09122428  0.00000000
  0.00000000  0.07467568   -0.09122428  0.00000000    0.80800352  0.00000000
    1    2
 -0.22571421  0.00000000    0.00000000  0.04367426    0.00000000 -0.04367426
 -0.00000000  0.04367435   -0.21663872 -0.00000000   -0.11091446  0.00000000
  0.00000000 -0.04367435   -0.11091446  0.00000000   -0.21663872 -0.00000000
    2    1
 -0.22571421  0.00000000    0.00000000 -0.04367435    0.00000000  0.04367435
 -0.00000000 -0.04367426   -0.21663872 -0.00000000   -0.11091446  0.00000000
  0.00000000  0.04367426   -0.11091446  0.00000000   -0.21663872 -0.00000000
    2    2
  1.00092394  0.00000000   -0.00000000 -0.07467574    0.00000000  0.07467574
  0.00000000  0.07467574    0.80800336  0.00000000   -0.09122417  0.00000000
  0.00000000 -0.07467574   -0.09122417  0.00000000    0.80800336  0.00000000

     Dynamical  Matrix in cartesian axes

     q = (    0.666666667  -0.666666667   0.000000000 ) 

    1    1
  0.80800352  0.00000000   -0.09122428  0.00000000    0.00000000  0.07467568
 -0.09122428  0.00000000    0.80800352  0.00000000    0.00000000 -0.07467568
  0.00000000 -0.07467568   -0.00000000  0.07467568    1.00092386  0.00000000
    1    2
  0.10831936 -0.18761463    0.05545723 -0.09605474    0.03782310  0.02183717
  0.05545723 -0.09605474    0.10831936 -0.18761463   -0.03782310 -0.02183717
  0.03782302  0.02183713   -0.03782302 -0.02183713    0.11285710 -0.19547424
    2    1
  0.10831936  0.18761463    0.05545723  0.09605474    0.03782302 -0.02183713
  0.05545723  0.09605474    0.10831936  0.18761463   -0.03782302  0.02183713
  0.03782310 -0.02183717   -0.03782310  0.02183717    0.11285710  0.19547424
    2    2
  0.80800336  0.00000000   -0.09122417  0.00000000   -0.00000000 -0.07467574
 -0.09122417  0.00000000    0.80800336  0.00000000    0.00000000  0.07467574
  0.00000000  0.07467574    0.00000000 -0.07467574    1.00092394  0.00000000

     Dynamical  Matrix in cartesian axes

     q = (    0.000000000  -0.666666667  -0.666666667 ) 

    1    1
  1.00092386  0.00000000    0.00000000 -0.07467568    0.00000000 -0.07467568
  0.00000000  0.07467568    0.80800352  0.00000000    0.09122428  0.00000000
  0.00000000  0.07467568    0.09122428  0.00000000    0.80800352  0.00000000
    1    2
  0.11285710 -0.19547424    0.03782302  0.02183713    0.03782302  0.02183713
  0.03782310  0.02183717    0.10831936 -0.18761463   -0.05545723  0.09605474
  0.03782310  0.02183717   -0.05545723  0.09605474    0.10831936 -0.18761463
    2    1
  0.11285710  0.19547424    0.03782310 -0.02183717    0.03782310 -0.02183717
  0.03782302 -0.02183713    0.10831936  0.18761463   -0.05545723 -0.09605474
  0.03782302 -0.02183713   -0.05545723 -0.09605474    0.10831936  0.18761463
    2    2
  1.00092394  0.00000000   -0.00000000  0.07467574    0.00000000  0.07467574
  0.00000000 -0.07467574    0.80800336  0.00000000    0.09122417  0.00000000
 -0.00000000 -0.07467574    0.09122417  0.00000000    0.80800336  0.00000000

     Dynamical  Matrix in cartesian axes

     q = (   -0.666666667   0.000000000   0.666666667 ) 

    1    1
  0.80800352  0.00000000    0.00000000 -0.07467568   -0.09122428  0.00000000
  0.00000000  0.07467568    1.00092386  0.00000000    0.00000000 -0.07467568
 -0.09122428  0.00000000   -0.00000000  0.07467568    0.80800352  0.00000000
    1    2
  0.10831936  0.18761463    0.03782310 -0.02183717    0.05545723  0.09605474
  0.03782302 -0.02183713    0.11285710  0.19547424   -0.03782302  0.02183713
  0.05545723  0.09605474   -0.03782310  0.02183717    0.10831936  0.18761463
    2    1
  0.10831936 -0.18761463    0.03782302  0.02183713    0.05545723 -0.09605474
  0.03782310  0.02183717    0.11285710 -0.19547424   -0.03782310 -0.02183717
  0.05545723 -0.09605474   -0.03782302 -0.02183713    0.10831936 -0.18761463
    2    2
  0.80800336  0.00000000    0.00000000  0.07467574   -0.09122417  0.00000000
 -0.00000000 -0.07467574    1.00092394  0.00000000   -0.00000000  0.07467574
 -0.09122417  0.00000000   -0.00000000 -0.07467574    0.80800336  0.00000000

     Dynamical  Matrix in cartesian axes

     q = (    0.666666667   0.666666667   0.000000000 ) 

    1    1
  0.80800352  0.00000000    0.09122428  0.00000000    0.00000000 -0.07467568
  0.09122428  0.00000000    0.80800352  0.00000000    0.00000000 -0.07467568
 -0.00000000  0.07467568   -0.00000000  0.07467568    1.00092386  0.00000000
    1    2
 -0.21663872  0.00000000    0.11091446  0.00000000    0.00000000  0.04367435
  0.11091446  0.00000000   -0.21663872  0.00000000    0.00000000  0.04367435
  0.00000000  0.04367426    0.00000000  0.04367426   -0.22571421 -0.00000000
    2    1
 -0.21663872  0.00000000    0.11091446  0.00000000    0.00000000 -0.04367426
  0.11091446  0.00000000   -0.21663872  0.00000000    0.00000000 -0.04367426
  0.00000000 -0.04367435    0.00000000 -0.04367435   -0.22571421 -0.00000000
    2    2
  0.80800336  0.00000000    0.09122417  0.00000000    0.00000000  0.07467574
  0.09122417  0.00000000    0.80800336  0.00000000    0.00000000  0.07467574
 -0.00000000 -0.07467574   -0.00000000 -0.07467574    1.00092394  0.00000000

     Dynamical  Matrix in cartesian axes

     q = (   -0.666666667  -0.666666667   0.000000000 ) 

    1    1
  0.80800352  0.00000000    0.09122428  0.00000000    0.00000000  0.07467568
  0.09122428  0.00000000    0.80800352  0.00000000    0.00000000  0.07467568
 -0.00000000 -0.07467568   -0.00000000 -0.07467568    1.00092386  0.00000000
    1    2
 -0.21663872  0.00000000    0.11091446 -0.00000000    0.00000000 -0.04367435
  0.11091446 -0.00000000   -0.21663872 -0.00000000    0.00000000 -0.04367435
  0.00000000 -0.04367426    0.00000000 -0.04367426   -0.22571421  0.00000000
    2    1
 -0.21663872  0.00000000    0.11091446 -0.00000000    0.00000000  0.04367426
  0.11091446 -0.00000000   -0.21663872 -0.00000000    0.00000000  0.04367426
  0.00000000  0.04367435    0.00000000  0.04367435   -0.22571421  0.00000000
    2    2
  0.80800336  0.00000000    0.09122417  0.00000000    0.00000000 -0.07467574
  0.09122417  0.00000000    0.80800336  0.00000000    0.00000000 -0.07467574
 -0.00000000  0.07467574   -0.00000000  0.07467574    1.00092394  0.00000000

     Dynamical  Matrix in cartesian axes

     q = (   -0.666666667   0.666666667   0.000000000 ) 

    1    1
  0.80800352  0.00000000   -0.09122428  0.00000000   -0.00000000 -0.07467568
 -0.09122428  0.00000000    0.80800352  0.00000000    0.00000000  0.07467568
 -0.00000000  0.07467568   -0.00000000 -0.07467568    1.00092386  0.00000000
    1    2
  0.10831936  0.18761463    0.05545723  0.09605474    0.03782310 -0.02183717
  0.05545723  0.09605474    0.10831936  0.18761463   -0.03782310  0.02183717
  0.03782302 -0.02183713   -0.03782302  0.02183713    0.11285710  0.19547424
    2    1
  0.10831936 -0.18761463    0.05545723 -0.09605474    0.03782302  0.02183713
  0.05545723 -0.09605474    0.10831936 -0.18761463   -0.03782302 -0.02183713
  0.03782310  0.02183717   -0.03782310 -0.02183717    0.11285710 -0.19547424
    2    2
  0.80800336  0.00000000   -0.09122417  0.00000000   -0.00000000  0.07467574
 -0.09122417  0.00000000    0.80800336  0.00000000    0.00000000 -0.07467574
  0.00000000 -0.07467574    0.00000000  0.07467574    1.00092394  0.00000000

     Dynamical  Matrix in cartesian axes

     q = (    0.666666667   0.000000000  -0.666666667 ) 

    1    1
  0.80800352  0.00000000    0.00000000  0.07467568   -0.09122428  0.00000000
  0.00000000 -0.07467568    1.00092386  0.00000000   -0.00000000  0.07467568
 -0.09122428  0.00000000   -0.00000000 -0.07467568    0.80800352  0.00000000
    1    2
  0.10831936 -0.18761463    0.03782310  0.02183717    0.05545723 -0.09605474
  0.03782302  0.02183713    0.11285710 -0.19547424   -0.03782302 -0.02183713
  0.05545723 -0.09605474   -0.03782310 -0.02183717    0.10831936 -0.18761463
    2    1
  0.10831936  0.18761463    0.03782302 -0.02183713    0.05545723  0.09605474
  0.03782310 -0.02183717    0.11285710  0.19547424   -0.03782310  0.02183717
  0.05545723  0.09605474   -0.03782302  0.02183713    0.10831936  0.18761463
    2    2
  0.80800336  0.00000000    0.00000000 -0.07467574   -0.09122417  0.00000000
 -0.00000000  0.07467574    1.00092394  0.00000000   -0.00000000 -0.07467574
 -0.09122417  0.00000000   -0.00000000  0.07467574    0.80800336  0.00000000

     Dynamical  Matrix in cartesian axes

     q = (    0.000000000   0.666666667   0.666666667 ) 

    1    1
  1.00092386  0.00000000    0.00000000  0.07467568   -0.00000000  0.07467568
  0.00000000 -0.07467568    0.80800352  0.00000000    0.09122428  0.00000000
 -0.00000000 -0.07467568    0.09122428  0.00000000    0.80800352  0.00000000
    1    2
  0.11285710  0.19547424    0.03782302 -0.02183713    0.03782302 -0.02183713
  0.03782310 -0.02183717    0.10831936  0.18761463   -0.05545723 -0.09605474
  0.03782310 -0.02183717   -0.05545723 -0.09605474    0.10831936  0.18761463
    2    1
  0.11285710 -0.19547424    0.03782310  0.02183717    0.03782310  0.02183717
  0.03782302  0.02183713    0.10831936 -0.18761463   -0.05545723  0.09605474
  0.03782302  0.02183713   -0.05545723  0.09605474    0.10831936 -0.18761463
    2    2
  1.00092394  0.00000000   -0.00000000 -0.07467574    0.00000000 -0.07467574
  0.00000000  0.07467574    0.80800336  0.00000000    0.09122417  0.00000000
 -0.00000000  0.07467574    0.09122417  0.00000000    0.80800336  0.00000000

     Dynamical  Matrix in cartesian axes

     q = (    0.000000000   0.666666667  -0.666666667 ) 

    1    1
  1.00092386  0.00000000    0.00000000 -0.07467568   -0.00000000  0.07467568
  0.00000000  0.07467568    0.80800352  0.00000000   -0.09122428  0.00000000
  0.00000000 -0.07467568   -0.09122428  0.00000000    0.80800352  0.00000000
    1    2
 -0.22571421  0.00000000    0.00000000 -0.04367426    0.00000000  0.04367426
 -0.00000000 -0.04367435   -0.21663872  0.00000000   -0.11091446 -0.00000000
  0.00000000  0.04367435   -0.11091446 -0.00000000   -0.21663872  0.00000000
    2    1
 -0.22571421  0.00000000    0.00000000  0.04367435    0.00000000 -0.04367435
 -0.00000000  0.04367426   -0.21663872  0.00000000   -0.11091446 -0.00000000
  0.00000000 -0.04367426   -0.11091446 -0.00000000   -0.21663872  0.00000000
    2    2
  1.00092394  0.00000000   -0.00000000  0.07467574    0.00000000 -0.07467574
  0.00000000 -0.07467574    0.80800336  0.00000000   -0.09122417  0.00000000
  0.00000000  0.07467574   -0.09122417  0.00000000    0.80800336  0.00000000

     Diagonalizing the dynamical matrix

     q = (    0.666666667  -0.000000000   0.666666667 ) 

 **************************************************************************
     freq (    1) =      19.616492 [THz] =     654.335736 [cm-1]
 ( -0.500000  0.000000 -0.000000 -0.000000  0.500000 -0.000000 ) 
 ( -0.500000  0.000000 -0.000000  0.000000  0.500000  0.000000 ) 
     freq (    2) =      26.981554 [THz] =     900.007750 [cm-1]
 ( -0.473186  0.000000 -0.000000  0.228448 -0.473186 -0.000000 ) 
 ( -0.473187  0.000000 -0.000000 -0.228453 -0.473187  0.000000 ) 
     freq (    3) =      27.539379 [THz] =     918.614793 [cm-1]
 (  0.090648  0.000000  0.000000 -0.695390  0.090648  0.000000 ) 
 ( -0.090645  0.000000 -0.000000 -0.695388 -0.090645  0.000000 ) 
     freq (    4) =      31.646994 [THz] =    1055.630084 [cm-1]
 (  0.491715  0.000000  0.000000  0.128194  0.491715 -0.000000 ) 
 ( -0.491714 -0.000000 -0.000000  0.128194 -0.491714  0.000000 ) 
     freq (    5) =      32.132149 [THz] =    1071.813127 [cm-1]
 (  0.500000  0.000000 -0.000000  0.000000 -0.500000  0.000000 ) 
 ( -0.500000 -0.000000 -0.000000  0.000000  0.500000  0.000000 ) 
     freq (    6) =      35.625841 [THz] =    1188.350133 [cm-1]
 (  0.161539 -0.000000  0.000000  0.669186  0.161539 -0.000000 ) 
 (  0.161539 -0.000000 -0.000000 -0.669186  0.161539  0.000000 ) 
 **************************************************************************
