         4         4         4
         8
    0.0000000000E+00    0.0000000000E+00    0.0000000000E+00
   -0.2500000000E+00    0.2500000000E+00   -0.2500000000E+00
    0.5000000000E+00   -0.5000000000E+00    0.5000000000E+00
    0.0000000000E+00    0.5000000000E+00    0.0000000000E+00
    0.7500000000E+00   -0.2500000000E+00    0.7500000000E+00
    0.5000000000E+00    0.0000000000E+00    0.5000000000E+00
    0.0000000000E+00   -0.1000000000E+01    0.0000000000E+00
   -0.5000000000E+00   -0.1000000000E+01    0.0000000000E+00
