Dynamical matrix file
                                                                           
  1    2  2  6.7034255  0.0000000  0.0000000  0.0000000  0.0000000  0.0000000
           1  'C   '    10947.3567922507     
    1    1      0.0000000000      0.0000000000      0.0000000000
    2    1     -0.2500000000      0.2500000000      0.2500000000

     Dynamical  Matrix in cartesian axes

     q = (    0.000000000   0.000000000   0.000000000 ) 

    1    1
  0.77181114  0.00000000    0.00000000  0.00000000    0.00000000  0.00000000
  0.00000000  0.00000000    0.77181114  0.00000000    0.00000000  0.00000000
  0.00000000  0.00000000    0.00000000  0.00000000    0.77181114  0.00000000
    1    2
 -0.79811662  0.00000000    0.00000000  0.00000000    0.00000000  0.00000000
  0.00000000  0.00000000   -0.79811662  0.00000000    0.00000000  0.00000000
  0.00000000  0.00000000    0.00000000  0.00000000   -0.79811662  0.00000000
    2    1
 -0.79811662  0.00000000   -0.00000000  0.00000000    0.00000000  0.00000000
 -0.00000000  0.00000000   -0.79811662  0.00000000   -0.00000000  0.00000000
 -0.00000000  0.00000000    0.00000000  0.00000000   -0.79811662  0.00000000
    2    2
  0.77181165  0.00000000   -0.00000000  0.00000000   -0.00000000  0.00000000
  0.00000000  0.00000000    0.77181165  0.00000000    0.00000000  0.00000000
  0.00000000  0.00000000    0.00000000  0.00000000    0.77181165  0.00000000

     Dielectric Tensor:

          7.232466607261          0.000000000000          0.000000000000
          0.000000000000          7.232466607261          0.000000000000
          0.000000000000          0.000000000000          7.232466607261

     Effective Charges E-U: Z_{alpha}{s,beta}

     atom #    1
         -0.349041133989          0.000000000000         -0.000000000000
          0.000000000000         -0.349041133989          0.000000000000
         -0.000000000000          0.000000000000         -0.349041133989
     atom #    2
         -0.349040770954          0.000000000000          0.000000000000
          0.000000000000         -0.349040770954          0.000000000000
         -0.000000000000          0.000000000000         -0.349040770954

     Diagonalizing the dynamical matrix

     q = (    0.000000000   0.000000000   0.000000000 ) 

 **************************************************************************
     freq (    1) =      -0.000001 [THz] =      -0.000018 [cm-1]
 (  0.707107  0.000000  0.000000  0.000000  0.000000  0.000000 ) 
 (  0.707107  0.000000 -0.000000  0.000000  0.000000  0.000000 ) 
     freq (    2) =      -0.000000 [THz] =      -0.000000 [cm-1]
 (  0.000000  0.000000  0.000000  0.000000 -0.707107  0.000000 ) 
 (  0.000000  0.000000  0.000000  0.000000 -0.707107  0.000000 ) 
     freq (    3) =       0.000000 [THz] =       0.000009 [cm-1]
 (  0.000000  0.000000  0.707107  0.000000  0.000000  0.000000 ) 
 ( -0.000000  0.000000  0.707107  0.000000  0.000000  0.000000 ) 
     freq (    4) =      39.725427 [THz] =    1325.097612 [cm-1]
 ( -0.197974  0.000000  0.000000  0.000000 -0.678827  0.000000 ) 
 (  0.197974  0.000000  0.000000  0.000000  0.678827  0.000000 ) 
     freq (    5) =      39.725427 [THz] =    1325.097612 [cm-1]
 (  0.000000  0.000000 -0.707107  0.000000 -0.000000  0.000000 ) 
 (  0.000000  0.000000  0.707107  0.000000  0.000000  0.000000 ) 
     freq (    6) =      39.725427 [THz] =    1325.097612 [cm-1]
 ( -0.678827  0.000000 -0.000000  0.000000  0.197974  0.000000 ) 
 (  0.678827  0.000000  0.000000  0.000000 -0.197974  0.000000 ) 
 **************************************************************************
