Dynamical matrix file
                                                                           
  1    2  2  6.7034255  0.0000000  0.0000000  0.0000000  0.0000000  0.0000000
           1  'C   '    10947.3567922507     
    1    1      0.0000000000      0.0000000000      0.0000000000
    2    1     -0.2500000000      0.2500000000      0.2500000000

     Dynamical  Matrix in cartesian axes

     q = (    0.500000000  -0.500000000   0.500000000 ) 

    1    1
  0.91678189  0.00000000   -0.13311559  0.00000000    0.13311559  0.00000000
 -0.13311559  0.00000000    0.91678189  0.00000000   -0.13311559  0.00000000
  0.13311559  0.00000000   -0.13311559  0.00000000    0.91678189  0.00000000
    1    2
 -0.43885964  0.00000000   -0.09621260  0.00000000    0.09621260  0.00000000
 -0.09621260  0.00000000   -0.43885964  0.00000000   -0.09621260  0.00000000
  0.09621260  0.00000000   -0.09621260  0.00000000   -0.43885964  0.00000000
    2    1
 -0.43885964  0.00000000   -0.09621260  0.00000000    0.09621260  0.00000000
 -0.09621260  0.00000000   -0.43885964  0.00000000   -0.09621260  0.00000000
  0.09621260  0.00000000   -0.09621260  0.00000000   -0.43885964  0.00000000
    2    2
  0.91678703  0.00000000   -0.13311195  0.00000000    0.13311195  0.00000000
 -0.13311195  0.00000000    0.91678703  0.00000000   -0.13311195  0.00000000
  0.13311195  0.00000000   -0.13311195  0.00000000    0.91678703  0.00000000

     Dynamical  Matrix in cartesian axes

     q = (   -0.500000000  -0.500000000  -0.500000000 ) 

    1    1
  0.91678189  0.00000000    0.13311559  0.00000000    0.13311559  0.00000000
  0.13311559  0.00000000    0.91678189  0.00000000    0.13311559  0.00000000
  0.13311559  0.00000000    0.13311559  0.00000000    0.91678189  0.00000000
    1    2
 -0.43885964  0.00000000    0.09621260  0.00000000    0.09621260  0.00000000
  0.09621260  0.00000000   -0.43885964  0.00000000    0.09621260  0.00000000
  0.09621260  0.00000000    0.09621260  0.00000000   -0.43885964  0.00000000
    2    1
 -0.43885964  0.00000000    0.09621260  0.00000000    0.09621260  0.00000000
  0.09621260  0.00000000   -0.43885964  0.00000000    0.09621260  0.00000000
  0.09621260  0.00000000    0.09621260  0.00000000   -0.43885964  0.00000000
    2    2
  0.91678703  0.00000000    0.13311195  0.00000000    0.13311195  0.00000000
  0.13311195  0.00000000    0.91678703  0.00000000    0.13311195  0.00000000
  0.13311195  0.00000000    0.13311195  0.00000000    0.91678703  0.00000000

     Dynamical  Matrix in cartesian axes

     q = (   -0.500000000   0.500000000   0.500000000 ) 

    1    1
  0.91678189  0.00000000   -0.13311559  0.00000000   -0.13311559  0.00000000
 -0.13311559  0.00000000    0.91678189  0.00000000    0.13311559  0.00000000
 -0.13311559  0.00000000    0.13311559  0.00000000    0.91678189  0.00000000
    1    2
  0.43885964  0.00000000    0.09621260  0.00000000    0.09621260  0.00000000
  0.09621260  0.00000000    0.43885964  0.00000000   -0.09621260 -0.00000000
  0.09621260  0.00000000   -0.09621260 -0.00000000    0.43885964  0.00000000
    2    1
  0.43885964 -0.00000000    0.09621260 -0.00000000    0.09621260 -0.00000000
  0.09621260 -0.00000000    0.43885964 -0.00000000   -0.09621260  0.00000000
  0.09621260 -0.00000000   -0.09621260  0.00000000    0.43885964 -0.00000000
    2    2
  0.91678703  0.00000000   -0.13311195  0.00000000   -0.13311195  0.00000000
 -0.13311195  0.00000000    0.91678703  0.00000000    0.13311195  0.00000000
 -0.13311195  0.00000000    0.13311195  0.00000000    0.91678703  0.00000000

     Dynamical  Matrix in cartesian axes

     q = (    0.500000000   0.500000000  -0.500000000 ) 

    1    1
  0.91678189  0.00000000    0.13311559  0.00000000   -0.13311559  0.00000000
  0.13311559  0.00000000    0.91678189  0.00000000   -0.13311559  0.00000000
 -0.13311559  0.00000000   -0.13311559  0.00000000    0.91678189  0.00000000
    1    2
 -0.43885964  0.00000000    0.09621260  0.00000000   -0.09621260  0.00000000
  0.09621260  0.00000000   -0.43885964  0.00000000   -0.09621260  0.00000000
 -0.09621260  0.00000000   -0.09621260  0.00000000   -0.43885964  0.00000000
    2    1
 -0.43885964  0.00000000    0.09621260  0.00000000   -0.09621260  0.00000000
  0.09621260  0.00000000   -0.43885964  0.00000000   -0.09621260  0.00000000
 -0.09621260  0.00000000   -0.09621260  0.00000000   -0.43885964  0.00000000
    2    2
  0.91678703  0.00000000    0.13311195  0.00000000   -0.13311195  0.00000000
  0.13311195  0.00000000    0.91678703  0.00000000   -0.13311195  0.00000000
 -0.13311195  0.00000000   -0.13311195  0.00000000    0.91678703  0.00000000

     Diagonalizing the dynamical matrix

     q = (    0.500000000  -0.500000000   0.500000000 ) 

 **************************************************************************
     freq (    1) =      15.677240 [THz] =     522.936436 [cm-1]
 ( -0.557342  0.000000 -0.409169  0.000000  0.148173  0.000000 ) 
 ( -0.557337  0.000000 -0.409165  0.000000  0.148172  0.000000 ) 
     freq (    2) =      15.677240 [THz] =     522.936436 [cm-1]
 ( -0.150686  0.000000  0.407329  0.000000  0.558015  0.000000 ) 
 ( -0.150685  0.000000  0.407326  0.000000  0.558011  0.000000 ) 
     freq (    3) =      30.429322 [THz] =    1015.012924 [cm-1]
 ( -0.408247  0.000000  0.408247  0.000000 -0.408247  0.000000 ) 
 ( -0.408249  0.000000  0.408249  0.000000 -0.408249  0.000000 ) 
     freq (    4) =      36.107754 [THz] =    1204.425019 [cm-1]
 (  0.112339  0.000000 -0.434272  0.000000 -0.546611  0.000000 ) 
 ( -0.112340  0.000000  0.434276  0.000000  0.546615  0.000000 ) 
     freq (    5) =      36.107754 [THz] =    1204.425019 [cm-1]
 (  0.566313  0.000000  0.380445  0.000000 -0.185868  0.000000 ) 
 ( -0.566318  0.000000 -0.380448  0.000000  0.185870  0.000000 ) 
     freq (    6) =      37.592771 [THz] =    1253.959870 [cm-1]
 ( -0.408249  0.000000  0.408249  0.000000 -0.408249  0.000000 ) 
 (  0.408247  0.000000 -0.408247  0.000000  0.408247  0.000000 ) 
 **************************************************************************
