Dynamical matrix file
                                                                           
  1    2  2  6.7034255  0.0000000  0.0000000  0.0000000  0.0000000  0.0000000
           1  'C   '    10947.3567922507     
    1    1      0.0000000000      0.0000000000      0.0000000000
    2    1     -0.2500000000      0.2500000000      0.2500000000

     Dynamical  Matrix in cartesian axes

     q = (    0.000000000   0.500000000   0.000000000 ) 

    1    1
  0.77340644  0.00000000   -0.00000000  0.00000000    0.00000000  0.00000000
 -0.00000000  0.00000000    1.03429169  0.00000000   -0.00000000  0.00000000
  0.00000000  0.00000000    0.00000000  0.00000000    0.77340644  0.00000000
    1    2
 -0.37902401  0.37902401    0.00000000  0.00000000    0.07733850  0.07733850
  0.00000000  0.00000000   -0.39403969  0.39403969    0.00000000  0.00000000
  0.07733850  0.07733850    0.00000000  0.00000000   -0.37902401  0.37902401
    2    1
 -0.37902401 -0.37902401    0.00000000  0.00000000    0.07733850 -0.07733850
  0.00000000 -0.00000000   -0.39403969 -0.39403969    0.00000000 -0.00000000
  0.07733850 -0.07733850    0.00000000  0.00000000   -0.37902401 -0.37902401
    2    2
  0.77340689  0.00000000   -0.00000000  0.00000000   -0.00000000 -0.00000000
  0.00000000  0.00000000    1.03429046  0.00000000    0.00000000  0.00000000
 -0.00000000 -0.00000000   -0.00000000  0.00000000    0.77340689  0.00000000

     Dynamical  Matrix in cartesian axes

     q = (   -0.500000000   0.000000000   0.000000000 ) 

    1    1
  1.03429169  0.00000000   -0.00000000  0.00000000    0.00000000  0.00000000
 -0.00000000  0.00000000    0.77340644  0.00000000   -0.00000000  0.00000000
  0.00000000  0.00000000    0.00000000  0.00000000    0.77340644  0.00000000
    1    2
 -0.39403969  0.39403969    0.00000000  0.00000000    0.00000000  0.00000000
  0.00000000 -0.00000000   -0.37902401  0.37902401   -0.07733850 -0.07733850
 -0.00000000  0.00000000   -0.07733850 -0.07733850   -0.37902401  0.37902401
    2    1
 -0.39403969 -0.39403969    0.00000000  0.00000000    0.00000000  0.00000000
  0.00000000  0.00000000   -0.37902401 -0.37902401   -0.07733850  0.07733850
 -0.00000000 -0.00000000   -0.07733850  0.07733850   -0.37902401 -0.37902401
    2    2
  1.03429046  0.00000000    0.00000000  0.00000000   -0.00000000  0.00000000
 -0.00000000  0.00000000    0.77340689  0.00000000   -0.00000000  0.00000000
  0.00000000  0.00000000    0.00000000  0.00000000    0.77340689  0.00000000

     Dynamical  Matrix in cartesian axes

     q = (    0.000000000   0.000000000  -0.500000000 ) 

    1    1
  0.77340644  0.00000000   -0.00000000  0.00000000    0.00000000  0.00000000
 -0.00000000  0.00000000    0.77340644  0.00000000   -0.00000000  0.00000000
  0.00000000  0.00000000    0.00000000  0.00000000    1.03429169  0.00000000
    1    2
 -0.37902401 -0.37902401    0.07733850 -0.07733850   -0.00000000  0.00000000
  0.07733850 -0.07733850   -0.37902401 -0.37902401   -0.00000000  0.00000000
 -0.00000000  0.00000000   -0.00000000  0.00000000   -0.39403969 -0.39403969
    2    1
 -0.37902401  0.37902401    0.07733850  0.07733850    0.00000000  0.00000000
  0.07733850  0.07733850   -0.37902401  0.37902401   -0.00000000  0.00000000
  0.00000000  0.00000000    0.00000000  0.00000000   -0.39403969  0.39403969
    2    2
  0.77340689  0.00000000    0.00000000  0.00000000    0.00000000  0.00000000
  0.00000000  0.00000000    0.77340689  0.00000000    0.00000000  0.00000000
 -0.00000000  0.00000000   -0.00000000  0.00000000    1.03429046  0.00000000

     Dynamical  Matrix in cartesian axes

     q = (    0.500000000   0.000000000   0.000000000 ) 

    1    1
  1.03429169  0.00000000   -0.00000000  0.00000000    0.00000000  0.00000000
 -0.00000000  0.00000000    0.77340644  0.00000000   -0.00000000  0.00000000
  0.00000000  0.00000000    0.00000000  0.00000000    0.77340644  0.00000000
    1    2
 -0.39403969 -0.39403969    0.00000000  0.00000000   -0.00000000  0.00000000
  0.00000000  0.00000000   -0.37902401 -0.37902401   -0.07733850  0.07733850
  0.00000000  0.00000000   -0.07733850  0.07733850   -0.37902401 -0.37902401
    2    1
 -0.39403969  0.39403969    0.00000000  0.00000000    0.00000000  0.00000000
  0.00000000 -0.00000000   -0.37902401  0.37902401   -0.07733850 -0.07733850
  0.00000000  0.00000000   -0.07733850 -0.07733850   -0.37902401  0.37902401
    2    2
  1.03429046  0.00000000    0.00000000  0.00000000   -0.00000000  0.00000000
 -0.00000000  0.00000000    0.77340689  0.00000000   -0.00000000 -0.00000000
  0.00000000  0.00000000    0.00000000 -0.00000000    0.77340689  0.00000000

     Dynamical  Matrix in cartesian axes

     q = (    0.000000000  -0.500000000   0.000000000 ) 

    1    1
  0.77340644  0.00000000   -0.00000000  0.00000000    0.00000000  0.00000000
 -0.00000000  0.00000000    1.03429169  0.00000000   -0.00000000  0.00000000
  0.00000000  0.00000000    0.00000000  0.00000000    0.77340644  0.00000000
    1    2
 -0.37902401 -0.37902401    0.00000000  0.00000000    0.07733850 -0.07733850
 -0.00000000  0.00000000   -0.39403969 -0.39403969   -0.00000000  0.00000000
  0.07733850 -0.07733850   -0.00000000  0.00000000   -0.37902401 -0.37902401
    2    1
 -0.37902401  0.37902401    0.00000000 -0.00000000    0.07733850  0.07733850
  0.00000000  0.00000000   -0.39403969  0.39403969   -0.00000000  0.00000000
  0.07733850  0.07733850   -0.00000000  0.00000000   -0.37902401  0.37902401
    2    2
  0.77340689  0.00000000   -0.00000000  0.00000000   -0.00000000  0.00000000
  0.00000000  0.00000000    1.03429046  0.00000000    0.00000000  0.00000000
 -0.00000000  0.00000000   -0.00000000  0.00000000    0.77340689  0.00000000

     Dynamical  Matrix in cartesian axes

     q = (    0.000000000   0.000000000   0.500000000 ) 

    1    1
  0.77340644  0.00000000   -0.00000000  0.00000000    0.00000000  0.00000000
 -0.00000000  0.00000000    0.77340644  0.00000000   -0.00000000  0.00000000
  0.00000000  0.00000000    0.00000000  0.00000000    1.03429169  0.00000000
    1    2
 -0.37902401  0.37902401    0.07733850  0.07733850    0.00000000  0.00000000
  0.07733850  0.07733850   -0.37902401  0.37902401    0.00000000  0.00000000
 -0.00000000 -0.00000000    0.00000000 -0.00000000   -0.39403969  0.39403969
    2    1
 -0.37902401 -0.37902401    0.07733850 -0.07733850   -0.00000000 -0.00000000
  0.07733850 -0.07733850   -0.37902401 -0.37902401    0.00000000  0.00000000
  0.00000000  0.00000000    0.00000000  0.00000000   -0.39403969 -0.39403969
    2    2
  0.77340689  0.00000000    0.00000000 -0.00000000    0.00000000  0.00000000
  0.00000000 -0.00000000    0.77340689  0.00000000    0.00000000  0.00000000
 -0.00000000  0.00000000   -0.00000000  0.00000000    1.03429046  0.00000000

     Diagonalizing the dynamical matrix

     q = (    0.000000000   0.500000000   0.000000000 ) 

 **************************************************************************
     freq (    1) =      14.958980 [THz] =     498.977853 [cm-1]
 (  0.099963  0.099963  0.000000  0.000000 -0.489906  0.489906 ) 
 ( -0.000000  0.000000  0.000000  0.000000 -0.707107  0.000000 ) 
     freq (    2) =      14.958980 [THz] =     498.977853 [cm-1]
 (  0.690033  0.062205  0.000000  0.000000  0.012693 -0.140799 ) 
 (  0.453089  0.542872  0.000000  0.000000  0.000000  0.000000 ) 
     freq (    3) =      21.716780 [THz] =     724.393807 [cm-1]
 ( -0.000000  0.000000  0.310972 -0.635056  0.000000 -0.000000 ) 
 ( -0.000000  0.000000  0.668943 -0.229162  0.000000  0.000000 ) 
     freq (    4) =      36.131422 [THz] =    1205.214524 [cm-1]
 (  0.692775 -0.008768 -0.000000 -0.000000 -0.001789 -0.141358 ) 
 ( -0.506288 -0.493632  0.000000  0.000000  0.000000  0.000000 ) 
     freq (    5) =      36.131422 [THz] =    1205.214524 [cm-1]
 (  0.099963  0.099963  0.000000  0.000000 -0.489905  0.489905 ) 
 ( -0.000000  0.000000  0.000000  0.000000  0.707107  0.000000 ) 
     freq (    6) =      39.667075 [THz] =    1323.151208 [cm-1]
 ( -0.000000  0.000000 -0.310972  0.635057  0.000000  0.000000 ) 
 (  0.000000 -0.000000  0.668943 -0.229162  0.000000  0.000000 ) 
 **************************************************************************
