Dynamical matrix file
                                                                           
  1    2  2  6.7034255  0.0000000  0.0000000  0.0000000  0.0000000  0.0000000
           1  'C   '    10947.3567922507     
    1    1      0.0000000000      0.0000000000      0.0000000000
    2    1     -0.2500000000      0.2500000000      0.2500000000

     Dynamical  Matrix in cartesian axes

     q = (    0.750000000  -0.250000000   0.750000000 ) 

    1    1
  0.84001383  0.00000000   -0.06063244 -0.06260968    0.06592237  0.00000000
 -0.06063244  0.06260968    1.08535924  0.00000000   -0.06063244  0.06260968
  0.06592237  0.00000000   -0.06063244 -0.06260968    0.84001383  0.00000000
    1    2
 -0.20196193  0.18594672   -0.04373342  0.02067286    0.13673677  0.02673240
 -0.04373366  0.02067300   -0.22299243  0.18656555   -0.04373366  0.02067300
  0.13673677  0.02673240   -0.04373342  0.02067286   -0.20196193  0.18594672
    2    1
 -0.20196193 -0.18594672   -0.04373366 -0.02067300    0.13673677 -0.02673240
 -0.04373342 -0.02067286   -0.22299243 -0.18656555   -0.04373342 -0.02067286
  0.13673677 -0.02673240   -0.04373366 -0.02067300   -0.20196193 -0.18594672
    2    2
  0.84001436  0.00000000   -0.06063250  0.06260951    0.06592203  0.00000000
 -0.06063250 -0.06260951    1.08535905  0.00000000   -0.06063250 -0.06260951
  0.06592203  0.00000000   -0.06063250  0.06260951    0.84001436  0.00000000

     Dynamical  Matrix in cartesian axes

     q = (   -0.750000000   0.250000000  -0.750000000 ) 

    1    1
  0.84001383  0.00000000   -0.06063244  0.06260968    0.06592237  0.00000000
 -0.06063244 -0.06260968    1.08535924  0.00000000   -0.06063244 -0.06260968
  0.06592237  0.00000000   -0.06063244  0.06260968    0.84001383  0.00000000
    1    2
 -0.20196193 -0.18594672   -0.04373342 -0.02067286    0.13673677 -0.02673240
 -0.04373366 -0.02067300   -0.22299243 -0.18656555   -0.04373366 -0.02067300
  0.13673677 -0.02673240   -0.04373342 -0.02067286   -0.20196193 -0.18594672
    2    1
 -0.20196193  0.18594672   -0.04373366  0.02067300    0.13673677  0.02673240
 -0.04373342  0.02067286   -0.22299243  0.18656555   -0.04373342  0.02067286
  0.13673677  0.02673240   -0.04373366  0.02067300   -0.20196193  0.18594672
    2    2
  0.84001436  0.00000000   -0.06063250 -0.06260951    0.06592203  0.00000000
 -0.06063250  0.06260951    1.08535905  0.00000000   -0.06063250  0.06260951
  0.06592203  0.00000000   -0.06063250 -0.06260951    0.84001436  0.00000000

     Dynamical  Matrix in cartesian axes

     q = (   -0.750000000  -0.250000000  -0.750000000 ) 

    1    1
  0.84001383  0.00000000    0.06063244  0.06260968    0.06592237  0.00000000
  0.06063244 -0.06260968    1.08535924  0.00000000    0.06063244 -0.06260968
  0.06592237  0.00000000    0.06063244  0.06260968    0.84001383  0.00000000
    1    2
 -0.20196193  0.18594672    0.04373342 -0.02067286    0.13673677  0.02673240
  0.04373366 -0.02067300   -0.22299243  0.18656555    0.04373366 -0.02067300
  0.13673677  0.02673240    0.04373342 -0.02067286   -0.20196193  0.18594672
    2    1
 -0.20196193 -0.18594672    0.04373366  0.02067300    0.13673677 -0.02673240
  0.04373342  0.02067286   -0.22299243 -0.18656555    0.04373342  0.02067286
  0.13673677 -0.02673240    0.04373366  0.02067300   -0.20196193 -0.18594672
    2    2
  0.84001436  0.00000000    0.06063250 -0.06260951    0.06592203  0.00000000
  0.06063250  0.06260951    1.08535905  0.00000000    0.06063250  0.06260951
  0.06592203  0.00000000    0.06063250 -0.06260951    0.84001436  0.00000000

     Dynamical  Matrix in cartesian axes

     q = (    0.750000000   0.250000000   0.750000000 ) 

    1    1
  0.84001383  0.00000000    0.06063244 -0.06260968    0.06592237  0.00000000
  0.06063244  0.06260968    1.08535924  0.00000000    0.06063244  0.06260968
  0.06592237  0.00000000    0.06063244 -0.06260968    0.84001383  0.00000000
    1    2
 -0.20196193 -0.18594672    0.04373342  0.02067286    0.13673677 -0.02673240
  0.04373366  0.02067300   -0.22299243 -0.18656555    0.04373366  0.02067300
  0.13673677 -0.02673240    0.04373342  0.02067286   -0.20196193 -0.18594672
    2    1
 -0.20196193  0.18594672    0.04373366 -0.02067300    0.13673677  0.02673240
  0.04373342 -0.02067286   -0.22299243  0.18656555    0.04373342 -0.02067286
  0.13673677  0.02673240    0.04373366 -0.02067300   -0.20196193  0.18594672
    2    2
  0.84001436  0.00000000    0.06063250  0.06260951    0.06592203  0.00000000
  0.06063250 -0.06260951    1.08535905  0.00000000    0.06063250 -0.06260951
  0.06592203  0.00000000    0.06063250  0.06260951    0.84001436  0.00000000

     Dynamical  Matrix in cartesian axes

     q = (    0.250000000  -0.750000000   0.750000000 ) 

    1    1
  1.08535924  0.00000000   -0.06063244  0.06260968    0.06063244 -0.06260968
 -0.06063244 -0.06260968    0.84001383  0.00000000   -0.06592237  0.00000000
  0.06063244  0.06260968   -0.06592237  0.00000000    0.84001383  0.00000000
    1    2
 -0.22299243  0.18656555   -0.04373366  0.02067300    0.04373366 -0.02067300
 -0.04373342  0.02067286   -0.20196193  0.18594672   -0.13673677 -0.02673240
  0.04373342 -0.02067286   -0.13673677 -0.02673240   -0.20196193  0.18594672
    2    1
 -0.22299243 -0.18656555   -0.04373342 -0.02067286    0.04373342  0.02067286
 -0.04373366 -0.02067300   -0.20196193 -0.18594672   -0.13673677  0.02673240
  0.04373366  0.02067300   -0.13673677  0.02673240   -0.20196193 -0.18594672
    2    2
  1.08535905  0.00000000   -0.06063250 -0.06260951    0.06063250  0.06260951
 -0.06063250  0.06260951    0.84001436  0.00000000   -0.06592203  0.00000000
  0.06063250 -0.06260951   -0.06592203  0.00000000    0.84001436  0.00000000

     Dynamical  Matrix in cartesian axes

     q = (   -0.250000000   0.750000000  -0.750000000 ) 

    1    1
  1.08535924  0.00000000   -0.06063244 -0.06260968    0.06063244  0.06260968
 -0.06063244  0.06260968    0.84001383  0.00000000   -0.06592237  0.00000000
  0.06063244 -0.06260968   -0.06592237  0.00000000    0.84001383  0.00000000
    1    2
 -0.22299243 -0.18656555   -0.04373366 -0.02067300    0.04373366  0.02067300
 -0.04373342 -0.02067286   -0.20196193 -0.18594672   -0.13673677  0.02673240
  0.04373342  0.02067286   -0.13673677  0.02673240   -0.20196193 -0.18594672
    2    1
 -0.22299243  0.18656555   -0.04373342  0.02067286    0.04373342 -0.02067286
 -0.04373366  0.02067300   -0.20196193  0.18594672   -0.13673677 -0.02673240
  0.04373366 -0.02067300   -0.13673677 -0.02673240   -0.20196193  0.18594672
    2    2
  1.08535905  0.00000000   -0.06063250  0.06260951    0.06063250 -0.06260951
 -0.06063250 -0.06260951    0.84001436  0.00000000   -0.06592203  0.00000000
  0.06063250  0.06260951   -0.06592203  0.00000000    0.84001436  0.00000000

     Dynamical  Matrix in cartesian axes

     q = (    0.750000000  -0.750000000   0.250000000 ) 

    1    1
  0.84001383  0.00000000   -0.06592237  0.00000000    0.06063244  0.06260968
 -0.06592237  0.00000000    0.84001383  0.00000000   -0.06063244 -0.06260968
  0.06063244 -0.06260968   -0.06063244  0.06260968    1.08535924  0.00000000
    1    2
 -0.18594672 -0.20196193    0.02673240 -0.13673677    0.02067286  0.04373342
  0.02673240 -0.13673677   -0.18594672 -0.20196193   -0.02067286 -0.04373342
  0.02067300  0.04373366   -0.02067300 -0.04373366   -0.18656555 -0.22299243
    2    1
 -0.18594672  0.20196193    0.02673240  0.13673677    0.02067300 -0.04373366
  0.02673240  0.13673677   -0.18594672  0.20196193   -0.02067300  0.04373366
  0.02067286 -0.04373342   -0.02067286  0.04373342   -0.18656555  0.22299243
    2    2
  0.84001436  0.00000000   -0.06592203  0.00000000    0.06063250 -0.06260951
 -0.06592203  0.00000000    0.84001436  0.00000000   -0.06063250  0.06260951
  0.06063250  0.06260951   -0.06063250 -0.06260951    1.08535905  0.00000000

     Dynamical  Matrix in cartesian axes

     q = (   -0.750000000   0.750000000  -0.250000000 ) 

    1    1
  0.84001383  0.00000000   -0.06592237  0.00000000    0.06063244 -0.06260968
 -0.06592237  0.00000000    0.84001383  0.00000000   -0.06063244  0.06260968
  0.06063244  0.06260968   -0.06063244 -0.06260968    1.08535924  0.00000000
    1    2
 -0.18594672  0.20196193    0.02673240  0.13673677    0.02067286 -0.04373342
  0.02673240  0.13673677   -0.18594672  0.20196193   -0.02067286  0.04373342
  0.02067300 -0.04373366   -0.02067300  0.04373366   -0.18656555  0.22299243
    2    1
 -0.18594672 -0.20196193    0.02673240 -0.13673677    0.02067300  0.04373366
  0.02673240 -0.13673677   -0.18594672 -0.20196193   -0.02067300 -0.04373366
  0.02067286  0.04373342   -0.02067286 -0.04373342   -0.18656555 -0.22299243
    2    2
  0.84001436  0.00000000   -0.06592203  0.00000000    0.06063250  0.06260951
 -0.06592203  0.00000000    0.84001436  0.00000000   -0.06063250 -0.06260951
  0.06063250 -0.06260951   -0.06063250  0.06260951    1.08535905  0.00000000

     Dynamical  Matrix in cartesian axes

     q = (   -0.250000000  -0.750000000  -0.750000000 ) 

    1    1
  1.08535924  0.00000000    0.06063244 -0.06260968    0.06063244 -0.06260968
  0.06063244  0.06260968    0.84001383  0.00000000    0.06592237  0.00000000
  0.06063244  0.06260968    0.06592237  0.00000000    0.84001383  0.00000000
    1    2
 -0.18656555 -0.22299243    0.02067300  0.04373366    0.02067300  0.04373366
  0.02067286  0.04373342   -0.18594672 -0.20196193   -0.02673240  0.13673677
  0.02067286  0.04373342   -0.02673240  0.13673677   -0.18594672 -0.20196193
    2    1
 -0.18656555  0.22299243    0.02067286 -0.04373342    0.02067286 -0.04373342
  0.02067300 -0.04373366   -0.18594672  0.20196193   -0.02673240 -0.13673677
  0.02067300 -0.04373366   -0.02673240 -0.13673677   -0.18594672  0.20196193
    2    2
  1.08535905  0.00000000    0.06063250  0.06260951    0.06063250  0.06260951
  0.06063250 -0.06260951    0.84001436  0.00000000    0.06592203  0.00000000
  0.06063250 -0.06260951    0.06592203  0.00000000    0.84001436  0.00000000

     Dynamical  Matrix in cartesian axes

     q = (    0.250000000   0.750000000   0.750000000 ) 

    1    1
  1.08535924  0.00000000    0.06063244  0.06260968    0.06063244  0.06260968
  0.06063244 -0.06260968    0.84001383  0.00000000    0.06592237  0.00000000
  0.06063244 -0.06260968    0.06592237  0.00000000    0.84001383  0.00000000
    1    2
 -0.18656555  0.22299243    0.02067300 -0.04373366    0.02067300 -0.04373366
  0.02067286 -0.04373342   -0.18594672  0.20196193   -0.02673240 -0.13673677
  0.02067286 -0.04373342   -0.02673240 -0.13673677   -0.18594672  0.20196193
    2    1
 -0.18656555 -0.22299243    0.02067286  0.04373342    0.02067286  0.04373342
  0.02067300  0.04373366   -0.18594672 -0.20196193   -0.02673240  0.13673677
  0.02067300  0.04373366   -0.02673240  0.13673677   -0.18594672 -0.20196193
    2    2
  1.08535905  0.00000000    0.06063250 -0.06260951    0.06063250 -0.06260951
  0.06063250  0.06260951    0.84001436  0.00000000    0.06592203  0.00000000
  0.06063250  0.06260951    0.06592203  0.00000000    0.84001436  0.00000000

     Dynamical  Matrix in cartesian axes

     q = (   -0.750000000   0.250000000   0.750000000 ) 

    1    1
  0.84001383  0.00000000   -0.06063244 -0.06260968   -0.06592237  0.00000000
 -0.06063244  0.06260968    1.08535924  0.00000000    0.06063244 -0.06260968
 -0.06592237  0.00000000    0.06063244  0.06260968    0.84001383  0.00000000
    1    2
  0.20196193 -0.18594672    0.04373342 -0.02067286    0.13673677  0.02673240
  0.04373366 -0.02067300    0.22299243 -0.18656555   -0.04373366  0.02067300
  0.13673677  0.02673240   -0.04373342  0.02067286    0.20196193 -0.18594672
    2    1
  0.20196193  0.18594672    0.04373366  0.02067300    0.13673677 -0.02673240
  0.04373342  0.02067286    0.22299243  0.18656555   -0.04373342 -0.02067286
  0.13673677 -0.02673240   -0.04373366 -0.02067300    0.20196193  0.18594672
    2    2
  0.84001436  0.00000000   -0.06063250  0.06260951   -0.06592203  0.00000000
 -0.06063250 -0.06260951    1.08535905  0.00000000    0.06063250  0.06260951
 -0.06592203  0.00000000    0.06063250 -0.06260951    0.84001436  0.00000000

     Dynamical  Matrix in cartesian axes

     q = (    0.750000000  -0.250000000  -0.750000000 ) 

    1    1
  0.84001383  0.00000000   -0.06063244  0.06260968   -0.06592237  0.00000000
 -0.06063244 -0.06260968    1.08535924  0.00000000    0.06063244  0.06260968
 -0.06592237  0.00000000    0.06063244 -0.06260968    0.84001383  0.00000000
    1    2
  0.20196193  0.18594672    0.04373342  0.02067286    0.13673677 -0.02673240
  0.04373366  0.02067300    0.22299243  0.18656555   -0.04373366 -0.02067300
  0.13673677 -0.02673240   -0.04373342 -0.02067286    0.20196193  0.18594672
    2    1
  0.20196193 -0.18594672    0.04373366 -0.02067300    0.13673677  0.02673240
  0.04373342 -0.02067286    0.22299243 -0.18656555   -0.04373342  0.02067286
  0.13673677  0.02673240   -0.04373366  0.02067300    0.20196193 -0.18594672
    2    2
  0.84001436  0.00000000   -0.06063250 -0.06260951   -0.06592203  0.00000000
 -0.06063250  0.06260951    1.08535905  0.00000000    0.06063250 -0.06260951
 -0.06592203  0.00000000    0.06063250  0.06260951    0.84001436  0.00000000

     Dynamical  Matrix in cartesian axes

     q = (    0.750000000   0.750000000  -0.250000000 ) 

    1    1
  0.84001383  0.00000000    0.06592237  0.00000000   -0.06063244 -0.06260968
  0.06592237  0.00000000    0.84001383  0.00000000   -0.06063244 -0.06260968
 -0.06063244  0.06260968   -0.06063244  0.06260968    1.08535924  0.00000000
    1    2
 -0.20196193  0.18594672    0.13673677  0.02673240   -0.04373342  0.02067286
  0.13673677  0.02673240   -0.20196193  0.18594672   -0.04373342  0.02067286
 -0.04373366  0.02067300   -0.04373366  0.02067300   -0.22299243  0.18656555
    2    1
 -0.20196193 -0.18594672    0.13673677 -0.02673240   -0.04373366 -0.02067300
  0.13673677 -0.02673240   -0.20196193 -0.18594672   -0.04373366 -0.02067300
 -0.04373342 -0.02067286   -0.04373342 -0.02067286   -0.22299243 -0.18656555
    2    2
  0.84001436  0.00000000    0.06592203  0.00000000   -0.06063250  0.06260951
  0.06592203  0.00000000    0.84001436  0.00000000   -0.06063250  0.06260951
 -0.06063250 -0.06260951   -0.06063250 -0.06260951    1.08535905  0.00000000

     Dynamical  Matrix in cartesian axes

     q = (   -0.750000000  -0.750000000   0.250000000 ) 

    1    1
  0.84001383  0.00000000    0.06592237  0.00000000   -0.06063244  0.06260968
  0.06592237  0.00000000    0.84001383  0.00000000   -0.06063244  0.06260968
 -0.06063244 -0.06260968   -0.06063244 -0.06260968    1.08535924  0.00000000
    1    2
 -0.20196193 -0.18594672    0.13673677 -0.02673240   -0.04373342 -0.02067286
  0.13673677 -0.02673240   -0.20196193 -0.18594672   -0.04373342 -0.02067286
 -0.04373366 -0.02067300   -0.04373366 -0.02067300   -0.22299243 -0.18656555
    2    1
 -0.20196193  0.18594672    0.13673677  0.02673240   -0.04373366  0.02067300
  0.13673677  0.02673240   -0.20196193  0.18594672   -0.04373366  0.02067300
 -0.04373342  0.02067286   -0.04373342  0.02067286   -0.22299243  0.18656555
    2    2
  0.84001436  0.00000000    0.06592203  0.00000000   -0.06063250 -0.06260951
  0.06592203  0.00000000    0.84001436  0.00000000   -0.06063250 -0.06260951
 -0.06063250  0.06260951   -0.06063250  0.06260951    1.08535905  0.00000000

     Dynamical  Matrix in cartesian axes

     q = (   -0.750000000  -0.750000000  -0.250000000 ) 

    1    1
  0.84001383  0.00000000    0.06592237  0.00000000    0.06063244  0.06260968
  0.06592237  0.00000000    0.84001383  0.00000000    0.06063244  0.06260968
  0.06063244 -0.06260968    0.06063244 -0.06260968    1.08535924  0.00000000
    1    2
 -0.20196193  0.18594672    0.13673677  0.02673240    0.04373342 -0.02067286
  0.13673677  0.02673240   -0.20196193  0.18594672    0.04373342 -0.02067286
  0.04373366 -0.02067300    0.04373366 -0.02067300   -0.22299243  0.18656555
    2    1
 -0.20196193 -0.18594672    0.13673677 -0.02673240    0.04373366  0.02067300
  0.13673677 -0.02673240   -0.20196193 -0.18594672    0.04373366  0.02067300
  0.04373342  0.02067286    0.04373342  0.02067286   -0.22299243 -0.18656555
    2    2
  0.84001436  0.00000000    0.06592203  0.00000000    0.06063250 -0.06260951
  0.06592203  0.00000000    0.84001436  0.00000000    0.06063250 -0.06260951
  0.06063250  0.06260951    0.06063250  0.06260951    1.08535905  0.00000000

     Dynamical  Matrix in cartesian axes

     q = (    0.750000000   0.750000000   0.250000000 ) 

    1    1
  0.84001383  0.00000000    0.06592237  0.00000000    0.06063244 -0.06260968
  0.06592237  0.00000000    0.84001383  0.00000000    0.06063244 -0.06260968
  0.06063244  0.06260968    0.06063244  0.06260968    1.08535924  0.00000000
    1    2
 -0.20196193 -0.18594672    0.13673677 -0.02673240    0.04373342  0.02067286
  0.13673677 -0.02673240   -0.20196193 -0.18594672    0.04373342  0.02067286
  0.04373366  0.02067300    0.04373366  0.02067300   -0.22299243 -0.18656555
    2    1
 -0.20196193  0.18594672    0.13673677  0.02673240    0.04373366 -0.02067300
  0.13673677  0.02673240   -0.20196193  0.18594672    0.04373366 -0.02067300
  0.04373342 -0.02067286    0.04373342 -0.02067286   -0.22299243  0.18656555
    2    2
  0.84001436  0.00000000    0.06592203  0.00000000    0.06063250  0.06260951
  0.06592203  0.00000000    0.84001436  0.00000000    0.06063250  0.06260951
  0.06063250 -0.06260951    0.06063250 -0.06260951    1.08535905  0.00000000

     Dynamical  Matrix in cartesian axes

     q = (   -0.750000000   0.750000000   0.250000000 ) 

    1    1
  0.84001383  0.00000000   -0.06592237  0.00000000   -0.06063244 -0.06260968
 -0.06592237  0.00000000    0.84001383  0.00000000    0.06063244  0.06260968
 -0.06063244  0.06260968    0.06063244 -0.06260968    1.08535924  0.00000000
    1    2
  0.20196193 -0.18594672    0.13673677  0.02673240    0.04373342 -0.02067286
  0.13673677  0.02673240    0.20196193 -0.18594672   -0.04373342  0.02067286
  0.04373366 -0.02067300   -0.04373366  0.02067300    0.22299243 -0.18656555
    2    1
  0.20196193  0.18594672    0.13673677 -0.02673240    0.04373366  0.02067300
  0.13673677 -0.02673240    0.20196193  0.18594672   -0.04373366 -0.02067300
  0.04373342  0.02067286   -0.04373342 -0.02067286    0.22299243  0.18656555
    2    2
  0.84001436  0.00000000   -0.06592203  0.00000000   -0.06063250  0.06260951
 -0.06592203  0.00000000    0.84001436  0.00000000    0.06063250 -0.06260951
 -0.06063250 -0.06260951    0.06063250  0.06260951    1.08535905  0.00000000

     Dynamical  Matrix in cartesian axes

     q = (    0.750000000  -0.750000000  -0.250000000 ) 

    1    1
  0.84001383  0.00000000   -0.06592237  0.00000000   -0.06063244  0.06260968
 -0.06592237  0.00000000    0.84001383  0.00000000    0.06063244 -0.06260968
 -0.06063244 -0.06260968    0.06063244  0.06260968    1.08535924  0.00000000
    1    2
  0.20196193  0.18594672    0.13673677 -0.02673240    0.04373342  0.02067286
  0.13673677 -0.02673240    0.20196193  0.18594672   -0.04373342 -0.02067286
  0.04373366  0.02067300   -0.04373366 -0.02067300    0.22299243  0.18656555
    2    1
  0.20196193 -0.18594672    0.13673677  0.02673240    0.04373366 -0.02067300
  0.13673677  0.02673240    0.20196193 -0.18594672   -0.04373366  0.02067300
  0.04373342 -0.02067286   -0.04373342  0.02067286    0.22299243 -0.18656555
    2    2
  0.84001436  0.00000000   -0.06592203  0.00000000   -0.06063250 -0.06260951
 -0.06592203  0.00000000    0.84001436  0.00000000    0.06063250  0.06260951
 -0.06063250  0.06260951    0.06063250 -0.06260951    1.08535905  0.00000000

     Dynamical  Matrix in cartesian axes

     q = (    0.750000000   0.250000000  -0.750000000 ) 

    1    1
  0.84001383  0.00000000    0.06063244  0.06260968   -0.06592237  0.00000000
  0.06063244 -0.06260968    1.08535924  0.00000000   -0.06063244  0.06260968
 -0.06592237  0.00000000   -0.06063244 -0.06260968    0.84001383  0.00000000
    1    2
 -0.18594672 -0.20196193    0.02067286  0.04373342    0.02673240 -0.13673677
  0.02067300  0.04373366   -0.18656555 -0.22299243   -0.02067300 -0.04373366
  0.02673240 -0.13673677   -0.02067286 -0.04373342   -0.18594672 -0.20196193
    2    1
 -0.18594672  0.20196193    0.02067300 -0.04373366    0.02673240  0.13673677
  0.02067286 -0.04373342   -0.18656555  0.22299243   -0.02067286  0.04373342
  0.02673240  0.13673677   -0.02067300  0.04373366   -0.18594672  0.20196193
    2    2
  0.84001436  0.00000000    0.06063250 -0.06260951   -0.06592203  0.00000000
  0.06063250  0.06260951    1.08535905  0.00000000   -0.06063250 -0.06260951
 -0.06592203  0.00000000   -0.06063250  0.06260951    0.84001436  0.00000000

     Dynamical  Matrix in cartesian axes

     q = (   -0.750000000  -0.250000000   0.750000000 ) 

    1    1
  0.84001383  0.00000000    0.06063244 -0.06260968   -0.06592237  0.00000000
  0.06063244  0.06260968    1.08535924  0.00000000   -0.06063244 -0.06260968
 -0.06592237  0.00000000   -0.06063244  0.06260968    0.84001383  0.00000000
    1    2
 -0.18594672  0.20196193    0.02067286 -0.04373342    0.02673240  0.13673677
  0.02067300 -0.04373366   -0.18656555  0.22299243   -0.02067300  0.04373366
  0.02673240  0.13673677   -0.02067286  0.04373342   -0.18594672  0.20196193
    2    1
 -0.18594672 -0.20196193    0.02067300  0.04373366    0.02673240 -0.13673677
  0.02067286  0.04373342   -0.18656555 -0.22299243   -0.02067286 -0.04373342
  0.02673240 -0.13673677   -0.02067300 -0.04373366   -0.18594672 -0.20196193
    2    2
  0.84001436  0.00000000    0.06063250  0.06260951   -0.06592203  0.00000000
  0.06063250 -0.06260951    1.08535905  0.00000000   -0.06063250  0.06260951
 -0.06592203  0.00000000   -0.06063250 -0.06260951    0.84001436  0.00000000

     Dynamical  Matrix in cartesian axes

     q = (   -0.250000000   0.750000000   0.750000000 ) 

    1    1
  1.08535924  0.00000000   -0.06063244  0.06260968   -0.06063244  0.06260968
 -0.06063244 -0.06260968    0.84001383  0.00000000    0.06592237  0.00000000
 -0.06063244 -0.06260968    0.06592237  0.00000000    0.84001383  0.00000000
    1    2
  0.22299243 -0.18656555    0.04373366 -0.02067300    0.04373366 -0.02067300
  0.04373342 -0.02067286    0.20196193 -0.18594672   -0.13673677 -0.02673240
  0.04373342 -0.02067286   -0.13673677 -0.02673240    0.20196193 -0.18594672
    2    1
  0.22299243  0.18656555    0.04373342  0.02067286    0.04373342  0.02067286
  0.04373366  0.02067300    0.20196193  0.18594672   -0.13673677  0.02673240
  0.04373366  0.02067300   -0.13673677  0.02673240    0.20196193  0.18594672
    2    2
  1.08535905  0.00000000   -0.06063250 -0.06260951   -0.06063250 -0.06260951
 -0.06063250  0.06260951    0.84001436  0.00000000    0.06592203  0.00000000
 -0.06063250  0.06260951    0.06592203  0.00000000    0.84001436  0.00000000

     Dynamical  Matrix in cartesian axes

     q = (    0.250000000  -0.750000000  -0.750000000 ) 

    1    1
  1.08535924  0.00000000   -0.06063244 -0.06260968   -0.06063244 -0.06260968
 -0.06063244  0.06260968    0.84001383  0.00000000    0.06592237  0.00000000
 -0.06063244  0.06260968    0.06592237  0.00000000    0.84001383  0.00000000
    1    2
  0.22299243  0.18656555    0.04373366  0.02067300    0.04373366  0.02067300
  0.04373342  0.02067286    0.20196193  0.18594672   -0.13673677  0.02673240
  0.04373342  0.02067286   -0.13673677  0.02673240    0.20196193  0.18594672
    2    1
  0.22299243 -0.18656555    0.04373342 -0.02067286    0.04373342 -0.02067286
  0.04373366 -0.02067300    0.20196193 -0.18594672   -0.13673677 -0.02673240
  0.04373366 -0.02067300   -0.13673677 -0.02673240    0.20196193 -0.18594672
    2    2
  1.08535905  0.00000000   -0.06063250  0.06260951   -0.06063250  0.06260951
 -0.06063250 -0.06260951    0.84001436  0.00000000    0.06592203  0.00000000
 -0.06063250 -0.06260951    0.06592203  0.00000000    0.84001436  0.00000000

     Dynamical  Matrix in cartesian axes

     q = (    0.250000000   0.750000000  -0.750000000 ) 

    1    1
  1.08535924  0.00000000    0.06063244 -0.06260968   -0.06063244  0.06260968
  0.06063244  0.06260968    0.84001383  0.00000000   -0.06592237  0.00000000
 -0.06063244 -0.06260968   -0.06592237  0.00000000    0.84001383  0.00000000
    1    2
 -0.22299243  0.18656555    0.04373366 -0.02067300   -0.04373366  0.02067300
  0.04373342 -0.02067286   -0.20196193  0.18594672   -0.13673677 -0.02673240
 -0.04373342  0.02067286   -0.13673677 -0.02673240   -0.20196193  0.18594672
    2    1
 -0.22299243 -0.18656555    0.04373342  0.02067286   -0.04373342 -0.02067286
  0.04373366  0.02067300   -0.20196193 -0.18594672   -0.13673677  0.02673240
 -0.04373366 -0.02067300   -0.13673677  0.02673240   -0.20196193 -0.18594672
    2    2
  1.08535905  0.00000000    0.06063250  0.06260951   -0.06063250 -0.06260951
  0.06063250 -0.06260951    0.84001436  0.00000000   -0.06592203  0.00000000
 -0.06063250  0.06260951   -0.06592203  0.00000000    0.84001436  0.00000000

     Dynamical  Matrix in cartesian axes

     q = (   -0.250000000  -0.750000000   0.750000000 ) 

    1    1
  1.08535924  0.00000000    0.06063244  0.06260968   -0.06063244 -0.06260968
  0.06063244 -0.06260968    0.84001383  0.00000000   -0.06592237  0.00000000
 -0.06063244  0.06260968   -0.06592237  0.00000000    0.84001383  0.00000000
    1    2
 -0.22299243 -0.18656555    0.04373366  0.02067300   -0.04373366 -0.02067300
  0.04373342  0.02067286   -0.20196193 -0.18594672   -0.13673677  0.02673240
 -0.04373342 -0.02067286   -0.13673677  0.02673240   -0.20196193 -0.18594672
    2    1
 -0.22299243  0.18656555    0.04373342 -0.02067286   -0.04373342  0.02067286
  0.04373366 -0.02067300   -0.20196193  0.18594672   -0.13673677 -0.02673240
 -0.04373366  0.02067300   -0.13673677 -0.02673240   -0.20196193  0.18594672
    2    2
  1.08535905  0.00000000    0.06063250 -0.06260951   -0.06063250  0.06260951
  0.06063250  0.06260951    0.84001436  0.00000000   -0.06592203  0.00000000
 -0.06063250 -0.06260951   -0.06592203  0.00000000    0.84001436  0.00000000

     Diagonalizing the dynamical matrix

     q = (    0.750000000  -0.250000000   0.750000000 ) 

 **************************************************************************
     freq (    1) =      19.882107 [THz] =     663.195709 [cm-1]
 (  0.452499 -0.212709 -0.000000 -0.000000 -0.452499  0.212709 ) 
 (  0.500000 -0.000000 -0.000000 -0.000000 -0.500000  0.000000 ) 
     freq (    2) =      24.229285 [THz] =     808.201956 [cm-1]
 (  0.256680 -0.317172  0.245841 -0.326491  0.256680 -0.317172 ) 
 (  0.408023 -0.000000  0.408448  0.014288  0.408023  0.000000 ) 
     freq (    3) =      28.456134 [THz] =     949.194447 [cm-1]
 (  0.233861  0.244146  0.082499 -0.514390  0.233861  0.244146 ) 
 ( -0.338080  0.000000  0.314401 -0.415398 -0.338080  0.000000 ) 
     freq (    4) =      33.694324 [THz] =    1123.921672 [cm-1]
 ( -0.452498  0.212709  0.000000  0.000000  0.452498 -0.212709 ) 
 (  0.500000 -0.000000  0.000000  0.000000 -0.500000  0.000000 ) 
     freq (    5) =      34.234868 [THz] =    1141.952273 [cm-1]
 (  0.059365 -0.461094  0.214177  0.147863  0.059365 -0.461094 ) 
 ( -0.464900  0.000000  0.119305  0.231306 -0.464900  0.000000 ) 
     freq (    6) =      36.993735 [THz] =    1233.978175 [cm-1]
 (  0.034756 -0.043345  0.488750  0.504927  0.034756 -0.043345 ) 
 (  0.055557 -0.000000 -0.088175 -0.697174  0.055557  0.000000 ) 
 **************************************************************************
