Dynamical matrix file
                                                                           
  1    2  2  6.7034255  0.0000000  0.0000000  0.0000000  0.0000000  0.0000000
           1  'C   '    10947.3567922507     
    1    1      0.0000000000      0.0000000000      0.0000000000
    2    1     -0.2500000000      0.2500000000      0.2500000000

     Dynamical  Matrix in cartesian axes

     q = (    0.000000000  -1.000000000   0.000000000 ) 

    1    1
  0.77244240  0.00000000    0.00000000  0.00000000   -0.00000000  0.00000000
  0.00000000  0.00000000    1.28448727  0.00000000   -0.00000000  0.00000000
 -0.00000000  0.00000000    0.00000000  0.00000000    0.77244240  0.00000000
    1    2
  0.00000000  0.00000000    0.00000000 -0.00000000    0.22938493 -0.00000000
  0.00000000  0.00000000   -0.00000000 -0.00000000    0.00000000  0.00000000
  0.22938493 -0.00000000   -0.00000000  0.00000000    0.00000000  0.00000000
    2    1
  0.00000000 -0.00000000    0.00000000  0.00000000    0.22938493  0.00000000
 -0.00000000 -0.00000000   -0.00000000 -0.00000000    0.00000000 -0.00000000
  0.22938493  0.00000000    0.00000000 -0.00000000   -0.00000000 -0.00000000
    2    2
  0.77244240  0.00000000   -0.00000000  0.00000000   -0.00000000  0.00000000
 -0.00000000  0.00000000    1.28449005  0.00000000    0.00000000  0.00000000
  0.00000000  0.00000000    0.00000000  0.00000000    0.77244240  0.00000000

     Dynamical  Matrix in cartesian axes

     q = (    0.000000000   0.000000000  -1.000000000 ) 

    1    1
  0.77244240  0.00000000    0.00000000  0.00000000    0.00000000  0.00000000
  0.00000000  0.00000000    0.77244240  0.00000000    0.00000000  0.00000000
  0.00000000  0.00000000    0.00000000  0.00000000    1.28448727  0.00000000
    1    2
  0.00000000  0.00000000    0.22938493 -0.00000000    0.00000000  0.00000000
  0.22938493 -0.00000000    0.00000000  0.00000000    0.00000000  0.00000000
  0.00000000  0.00000000    0.00000000  0.00000000    0.00000000  0.00000000
    2    1
  0.00000000 -0.00000000    0.22938493  0.00000000    0.00000000  0.00000000
  0.22938493  0.00000000    0.00000000 -0.00000000    0.00000000 -0.00000000
  0.00000000  0.00000000    0.00000000  0.00000000    0.00000000 -0.00000000
    2    2
  0.77244240  0.00000000    0.00000000  0.00000000    0.00000000  0.00000000
  0.00000000  0.00000000    0.77244240  0.00000000    0.00000000  0.00000000
 -0.00000000  0.00000000    0.00000000  0.00000000    1.28449005  0.00000000

     Dynamical  Matrix in cartesian axes

     q = (   -1.000000000   0.000000000   0.000000000 ) 

    1    1
  1.28448727  0.00000000    0.00000000  0.00000000    0.00000000  0.00000000
 -0.00000000  0.00000000    0.77244240  0.00000000   -0.00000000  0.00000000
  0.00000000  0.00000000    0.00000000  0.00000000    0.77244240  0.00000000
    1    2
  0.00000000  0.00000000   -0.00000000 -0.00000000    0.00000000  0.00000000
  0.00000000  0.00000000   -0.00000000 -0.00000000   -0.22938493 -0.00000000
 -0.00000000  0.00000000   -0.22938493 -0.00000000   -0.00000000 -0.00000000
    2    1
  0.00000000  0.00000000    0.00000000  0.00000000    0.00000000 -0.00000000
  0.00000000 -0.00000000    0.00000000  0.00000000   -0.22938493  0.00000000
 -0.00000000 -0.00000000   -0.22938493  0.00000000   -0.00000000  0.00000000
    2    2
  1.28449005  0.00000000   -0.00000000  0.00000000    0.00000000  0.00000000
 -0.00000000  0.00000000    0.77244240  0.00000000   -0.00000000  0.00000000
 -0.00000000  0.00000000   -0.00000000  0.00000000    0.77244240  0.00000000

     Diagonalizing the dynamical matrix

     q = (    0.000000000  -1.000000000   0.000000000 ) 

 **************************************************************************
     freq (    1) =      23.170921 [THz] =     772.898723 [cm-1]
 ( -0.449428  0.000000 -0.000000 -0.000000 -0.545907  0.000000 ) 
 (  0.545907 -0.000000  0.000000  0.000000  0.449428  0.000000 ) 
     freq (    2) =      23.170921 [THz] =     772.898723 [cm-1]
 ( -0.545907  0.000000  0.000000 -0.000000  0.449428 -0.000000 ) 
 ( -0.449428  0.000000 -0.000000 -0.000000  0.545907  0.000000 ) 
     freq (    3) =      31.471456 [THz] =    1049.774778 [cm-1]
 (  0.703899 -0.000000 -0.000000  0.000000  0.067278 -0.000000 ) 
 (  0.067278  0.000000 -0.000000  0.000000  0.703899  0.000000 ) 
     freq (    4) =      31.471456 [THz] =    1049.774778 [cm-1]
 (  0.067278 -0.000000  0.000000  0.000000 -0.703899  0.000000 ) 
 ( -0.703899 -0.000000 -0.000000 -0.000000  0.067278  0.000000 ) 
     freq (    5) =      35.635701 [THz] =    1188.679024 [cm-1]
 (  0.000000 -0.000000  1.000000 -0.000000  0.000000 -0.000000 ) 
 (  0.000000 -0.000000  0.000000  0.000000  0.000000  0.000000 ) 
     freq (    6) =      35.635739 [THz] =    1188.680310 [cm-1]
 (  0.000000 -0.000000 -0.000000  0.000000  0.000000  0.000000 ) 
 ( -0.000000  0.000000  1.000000 -0.000000  0.000000  0.000000 ) 
 **************************************************************************
