Dynamical matrix file
                                                                           
  1    2  2  6.7034255  0.0000000  0.0000000  0.0000000  0.0000000  0.0000000
           1  'C   '    10947.3567922507     
    1    1      0.0000000000      0.0000000000      0.0000000000
    2    1     -0.2500000000      0.2500000000      0.2500000000

     Dynamical  Matrix in cartesian axes

     q = (   -0.500000000  -1.000000000   0.000000000 ) 

    1    1
  0.79842815  0.00000000    0.00000000  0.00000000    0.00000000  0.00000000
  0.00000000  0.00000000    1.00643410  0.00000000    0.00000000  0.13067636
  0.00000000  0.00000000    0.00000000 -0.13067636    1.00643410  0.00000000
    1    2
  0.00000000  0.00000000    0.06803486  0.06803486    0.06803486 -0.06803486
  0.06803508  0.06803508    0.00000000 -0.00000000    0.00000000  0.00000000
  0.06803508 -0.06803508    0.00000000  0.00000000    0.00000000 -0.00000000
    2    1
  0.00000000 -0.00000000    0.06803508 -0.06803508    0.06803508  0.06803508
  0.06803486 -0.06803486   -0.00000000 -0.00000000    0.00000000  0.00000000
  0.06803486  0.06803486    0.00000000  0.00000000   -0.00000000 -0.00000000
    2    2
  0.79842839 -0.00000000    0.00000000  0.00000000    0.00000000 -0.00000000
  0.00000000  0.00000000    1.00643661 -0.00000000    0.00000000 -0.13067283
  0.00000000 -0.00000000    0.00000000  0.13067283    1.00643661 -0.00000000

     Dynamical  Matrix in cartesian axes

     q = (    0.500000000   1.000000000   0.000000000 ) 

    1    1
  0.79842815  0.00000000    0.00000000  0.00000000   -0.00000000  0.00000000
  0.00000000  0.00000000    1.00643410  0.00000000    0.00000000 -0.13067636
 -0.00000000  0.00000000    0.00000000  0.13067636    1.00643410  0.00000000
    1    2
  0.00000000 -0.00000000    0.06803486 -0.06803486    0.06803486  0.06803486
  0.06803508 -0.06803508    0.00000000  0.00000000    0.00000000 -0.00000000
  0.06803508  0.06803508    0.00000000 -0.00000000    0.00000000  0.00000000
    2    1
 -0.00000000 -0.00000000    0.06803508  0.06803508    0.06803508 -0.06803508
  0.06803486  0.06803486   -0.00000000  0.00000000    0.00000000  0.00000000
  0.06803486 -0.06803486    0.00000000  0.00000000    0.00000000  0.00000000
    2    2
  0.79842839 -0.00000000    0.00000000  0.00000000    0.00000000 -0.00000000
  0.00000000  0.00000000    1.00643661 -0.00000000    0.00000000  0.13067283
  0.00000000 -0.00000000    0.00000000 -0.13067283    1.00643661 -0.00000000

     Dynamical  Matrix in cartesian axes

     q = (    0.000000000  -1.000000000  -0.500000000 ) 

    1    1
  1.00643410  0.00000000    0.00000000 -0.13067636    0.00000000 -0.00000000
  0.00000000  0.13067636    1.00643410 -0.00000000    0.00000000  0.00000000
  0.00000000 -0.00000000    0.00000000  0.00000000    0.79842815 -0.00000000
    1    2
  0.00000000  0.00000000    0.00000000 -0.00000000    0.06803508  0.06803508
  0.00000000  0.00000000    0.00000000  0.00000000   -0.06803508  0.06803508
  0.06803486  0.06803486   -0.06803486  0.06803486    0.00000000  0.00000000
    2    1
  0.00000000  0.00000000    0.00000000  0.00000000    0.06803486 -0.06803486
  0.00000000  0.00000000    0.00000000  0.00000000   -0.06803486 -0.06803486
  0.06803508 -0.06803508   -0.06803508 -0.06803508    0.00000000  0.00000000
    2    2
  1.00643661  0.00000000    0.00000000  0.13067283    0.00000000 -0.00000000
  0.00000000 -0.13067283    1.00643661 -0.00000000    0.00000000  0.00000000
  0.00000000 -0.00000000    0.00000000  0.00000000    0.79842839 -0.00000000

     Dynamical  Matrix in cartesian axes

     q = (    0.000000000   1.000000000   0.500000000 ) 

    1    1
  1.00643410  0.00000000    0.00000000  0.13067636    0.00000000 -0.00000000
  0.00000000 -0.13067636    1.00643410 -0.00000000    0.00000000 -0.00000000
  0.00000000 -0.00000000    0.00000000  0.00000000    0.79842815 -0.00000000
    1    2
  0.00000000 -0.00000000    0.00000000  0.00000000    0.06803508 -0.06803508
  0.00000000 -0.00000000    0.00000000 -0.00000000   -0.06803508 -0.06803508
  0.06803486 -0.06803486   -0.06803486 -0.06803486    0.00000000 -0.00000000
    2    1
  0.00000000 -0.00000000    0.00000000 -0.00000000    0.06803486  0.06803486
  0.00000000 -0.00000000    0.00000000 -0.00000000   -0.06803486  0.06803486
  0.06803508  0.06803508   -0.06803508  0.06803508   -0.00000000 -0.00000000
    2    2
  1.00643661  0.00000000    0.00000000 -0.13067283    0.00000000 -0.00000000
  0.00000000  0.13067283    1.00643661 -0.00000000    0.00000000  0.00000000
  0.00000000 -0.00000000    0.00000000  0.00000000    0.79842839 -0.00000000

     Dynamical  Matrix in cartesian axes

     q = (    0.000000000  -0.500000000  -1.000000000 ) 

    1    1
  1.00643410  0.00000000    0.00000000  0.00000000    0.00000000 -0.13067636
  0.00000000  0.00000000    0.79842815  0.00000000    0.00000000  0.00000000
  0.00000000  0.13067636    0.00000000 -0.00000000    1.00643410  0.00000000
    1    2
  0.00000000  0.00000000    0.06803508  0.06803508    0.00000000  0.00000000
  0.06803486  0.06803486    0.00000000  0.00000000   -0.06803486  0.06803486
  0.00000000  0.00000000   -0.06803508  0.06803508    0.00000000  0.00000000
    2    1
  0.00000000  0.00000000    0.06803486 -0.06803486    0.00000000  0.00000000
  0.06803508 -0.06803508    0.00000000  0.00000000   -0.06803508 -0.06803508
  0.00000000  0.00000000   -0.06803486 -0.06803486    0.00000000  0.00000000
    2    2
  1.00643661  0.00000000    0.00000000  0.00000000    0.00000000  0.13067283
  0.00000000  0.00000000    0.79842839 -0.00000000    0.00000000  0.00000000
  0.00000000 -0.13067283    0.00000000  0.00000000    1.00643661 -0.00000000

     Dynamical  Matrix in cartesian axes

     q = (    0.000000000   0.500000000   1.000000000 ) 

    1    1
  1.00643410  0.00000000    0.00000000  0.00000000    0.00000000  0.13067636
  0.00000000  0.00000000    0.79842815  0.00000000    0.00000000  0.00000000
  0.00000000 -0.13067636    0.00000000  0.00000000    1.00643410  0.00000000
    1    2
  0.00000000  0.00000000    0.06803508 -0.06803508    0.00000000  0.00000000
  0.06803486 -0.06803486    0.00000000 -0.00000000   -0.06803486 -0.06803486
  0.00000000  0.00000000   -0.06803508 -0.06803508    0.00000000  0.00000000
    2    1
  0.00000000 -0.00000000    0.06803486  0.06803486   -0.00000000 -0.00000000
  0.06803508  0.06803508    0.00000000  0.00000000   -0.06803508  0.06803508
  0.00000000 -0.00000000   -0.06803486  0.06803486   -0.00000000 -0.00000000
    2    2
  1.00643661  0.00000000    0.00000000  0.00000000    0.00000000 -0.13067283
  0.00000000  0.00000000    0.79842839 -0.00000000    0.00000000  0.00000000
  0.00000000  0.13067283    0.00000000  0.00000000    1.00643661 -0.00000000

     Diagonalizing the dynamical matrix

     q = (   -0.500000000  -1.000000000   0.000000000 ) 

 **************************************************************************
     freq (    1) =      27.239894 [THz] =     908.625047 [cm-1]
 (  0.666994 -0.666994 -0.000000 -0.000000 -0.000000  0.000000 ) 
 (  0.000000  0.000000 -0.000000  0.234773 -0.234773  0.000000 ) 
     freq (    2) =      27.239894 [THz] =     908.625072 [cm-1]
 (  0.000000 -0.000000  0.112527  0.206049  0.206049 -0.112527 ) 
 ( -0.905079 -0.265696  0.000000  0.000000 -0.000000  0.000000 ) 
     freq (    3) =      29.424724 [THz] =     981.503130 [cm-1]
 (  0.000000 -0.000000 -0.707107 -0.000000  0.000000 -0.707107 ) 
 ( -0.000000 -0.000000 -0.000000  0.000000  0.000000  0.000000 ) 
     freq (    4) =      29.424825 [THz] =     981.506511 [cm-1]
 ( -0.000000  0.000000 -0.000000 -0.000000 -0.000000 -0.000000 ) 
 (  0.000000  0.000000  0.000000 -0.707107 -0.707107  0.000000 ) 
     freq (    5) =      34.227907 [THz] =    1141.720085 [cm-1]
 (  0.234773 -0.234773 -0.000000 -0.000000 -0.000000  0.000000 ) 
 ( -0.000000  0.000000  0.000000 -0.666994  0.666994  0.000000 ) 
     freq (    6) =      34.227925 [THz] =    1141.720675 [cm-1]
 ( -0.000000  0.000000 -0.609749 -0.270347 -0.270347  0.609749 ) 
 ( -0.309783  0.119465  0.000000  0.000000 -0.000000  0.000000 ) 
 **************************************************************************
