Dynamical matrix file
                                                                           
  1    2  2  6.7034255  0.0000000  0.0000000  0.0000000  0.0000000  0.0000000
           1  'C   '    10947.3567922507     
    1    1     -0.0000000000     -0.0000000000     -0.0000000000
    2    1     -0.2480438078      0.2480438078      0.2480438078

     Dynamical  Matrix in cartesian axes

     q = (    0.000000000   0.000000000   0.000000000 ) 

    1    1
  0.86253469  0.00000000   -0.00000000  0.00000000    0.00000000  0.00000000
 -0.00000000  0.00000000    0.86253469  0.00000000    0.00000000  0.00000000
  0.00000000  0.00000000    0.00000000  0.00000000    0.86253469  0.00000000
    1    2
 -1.21137042  0.00000000   -0.00000000  0.00000000   -0.00000000  0.00000000
 -0.00000000  0.00000000   -1.21137042  0.00000000    0.00000000  0.00000000
  0.00000000  0.00000000    0.00000000  0.00000000   -1.21137042  0.00000000
    2    1
 -1.21137042  0.00000000   -0.00000000  0.00000000    0.00000000  0.00000000
 -0.00000000  0.00000000   -1.21137042  0.00000000    0.00000000  0.00000000
 -0.00000000  0.00000000    0.00000000  0.00000000   -1.21137042  0.00000000
    2    2
  0.86248498  0.00000000    0.00000000  0.00000000   -0.00000000  0.00000000
  0.00000000  0.00000000    0.86248498  0.00000000    0.00000000  0.00000000
  0.00000000  0.00000000    0.00000000  0.00000000    0.86248498  0.00000000

     Dielectric Tensor:

         15.625525624804         -0.000000000000          0.000000000000
          0.000000000000         15.625525624804         -0.000000000000
         -0.000000000000         -0.000000000000         15.625525624804

     Effective Charges E-U: Z_{alpha}{s,beta}

     atom #    1
         -2.415723894835          0.000000000000         -0.000000000000
          0.000000000000         -2.415723894835          0.000000000000
         -0.000000000000          0.000000000000         -2.415723894835
     atom #    2
         -2.415713142749          0.000000000000         -0.000000000000
          0.000000000000         -2.415713142749          0.000000000000
         -0.000000000000          0.000000000000         -2.415713142749

     Diagonalizing the dynamical matrix

     q = (    0.000000000   0.000000000   0.000000000 ) 

 **************************************************************************
     freq (    1) =      -0.000001 [THz] =      -0.000018 [cm-1]
 (  0.319215  0.000000 -0.629899  0.000000 -0.036450  0.000000 ) 
 (  0.319215  0.000000 -0.629899  0.000000 -0.036450  0.000000 ) 
     freq (    2) =       0.000001 [THz] =       0.000018 [cm-1]
 (  0.068147  0.000000  0.075030  0.000000 -0.699805  0.000000 ) 
 (  0.068147  0.000000  0.075030  0.000000 -0.699805  0.000000 ) 
     freq (    3) =       0.000001 [THz] =       0.000021 [cm-1]
 ( -0.627262  0.000000 -0.312406  0.000000 -0.094578  0.000000 ) 
 ( -0.627262  0.000000 -0.312406  0.000000 -0.094578  0.000000 ) 
     freq (    4) =      48.941117 [THz] =    1632.499951 [cm-1]
 ( -0.031001  0.000000  0.139785  0.000000  0.692459  0.000000 ) 
 (  0.031001  0.000000 -0.139785  0.000000 -0.692459  0.000000 ) 
     freq (    5) =      48.941117 [THz] =    1632.499951 [cm-1]
 ( -0.690334  0.000000 -0.153100  0.000000  0.000000  0.000000 ) 
 (  0.690334  0.000000  0.153100  0.000000  0.000000  0.000000 ) 
     freq (    6) =      48.941117 [THz] =    1632.499951 [cm-1]
 (  0.149928  0.000000 -0.676033  0.000000  0.143182  0.000000 ) 
 ( -0.149928  0.000000  0.676033  0.000000 -0.143182  0.000000 ) 
 **************************************************************************
