Dynamical matrix file
                                                                           
  1    2  2  6.7034255  0.0000000  0.0000000  0.0000000  0.0000000  0.0000000
           1  'C   '    10947.3567922507     
    1    1     -0.0000000000     -0.0000000000     -0.0000000000
    2    1     -0.2480438078      0.2480438078      0.2480438078

     Dynamical  Matrix in cartesian axes

     q = (    0.503943239  -0.503943239   0.503943239 ) 

    1    1
  0.67290062  0.00000000   -0.09611867  0.00000000    0.09611867  0.00000000
 -0.09611867  0.00000000    0.67290062  0.00000000   -0.09611867  0.00000000
  0.09611867  0.00000000   -0.09611867  0.00000000    0.67290062  0.00000000
    1    2
 -0.64907323  0.00000000   -0.12160480  0.00000000    0.12160480  0.00000000
 -0.12160480  0.00000000   -0.64907323  0.00000000   -0.12160480  0.00000000
  0.12160480  0.00000000   -0.12160480  0.00000000   -0.64907323  0.00000000
    2    1
 -0.64907323  0.00000000   -0.12160480  0.00000000    0.12160480  0.00000000
 -0.12160480  0.00000000   -0.64907323  0.00000000   -0.12160480  0.00000000
  0.12160480  0.00000000   -0.12160480  0.00000000   -0.64907323  0.00000000
    2    2
  0.67285084  0.00000000   -0.09611715  0.00000000    0.09611715  0.00000000
 -0.09611715  0.00000000    0.67285084  0.00000000   -0.09611715  0.00000000
  0.09611715  0.00000000   -0.09611715  0.00000000    0.67285084  0.00000000

     Dynamical  Matrix in cartesian axes

     q = (   -0.503943239  -0.503943239  -0.503943239 ) 

    1    1
  0.67290062  0.00000000    0.09611867  0.00000000    0.09611867  0.00000000
  0.09611867  0.00000000    0.67290062  0.00000000    0.09611867  0.00000000
  0.09611867  0.00000000    0.09611867  0.00000000    0.67290062  0.00000000
    1    2
 -0.64907323  0.00000000    0.12160480 -0.00000000    0.12160480 -0.00000000
  0.12160480 -0.00000000   -0.64907323  0.00000000    0.12160480 -0.00000000
  0.12160480 -0.00000000    0.12160480 -0.00000000   -0.64907323  0.00000000
    2    1
 -0.64907323 -0.00000000    0.12160480  0.00000000    0.12160480  0.00000000
  0.12160480  0.00000000   -0.64907323 -0.00000000    0.12160480  0.00000000
  0.12160480  0.00000000    0.12160480  0.00000000   -0.64907323 -0.00000000
    2    2
  0.67285084  0.00000000    0.09611715  0.00000000    0.09611715  0.00000000
  0.09611715  0.00000000    0.67285084  0.00000000    0.09611715  0.00000000
  0.09611715  0.00000000    0.09611715  0.00000000    0.67285084  0.00000000

     Dynamical  Matrix in cartesian axes

     q = (   -0.503943239   0.503943239   0.503943239 ) 

    1    1
  0.67290062  0.00000000   -0.09611867  0.00000000   -0.09611867  0.00000000
 -0.09611867  0.00000000    0.67290062  0.00000000    0.09611867  0.00000000
 -0.09611867  0.00000000    0.09611867  0.00000000    0.67290062  0.00000000
    1    2
  0.64907323  0.00000000    0.12160480  0.00000000    0.12160480  0.00000000
  0.12160480  0.00000000    0.64907323  0.00000000   -0.12160480 -0.00000000
  0.12160480  0.00000000   -0.12160480 -0.00000000    0.64907323  0.00000000
    2    1
  0.64907323 -0.00000000    0.12160480 -0.00000000    0.12160480 -0.00000000
  0.12160480 -0.00000000    0.64907323 -0.00000000   -0.12160480  0.00000000
  0.12160480 -0.00000000   -0.12160480  0.00000000    0.64907323 -0.00000000
    2    2
  0.67285084  0.00000000   -0.09611715  0.00000000   -0.09611715  0.00000000
 -0.09611715  0.00000000    0.67285084  0.00000000    0.09611715  0.00000000
 -0.09611715  0.00000000    0.09611715  0.00000000    0.67285084  0.00000000

     Dynamical  Matrix in cartesian axes

     q = (    0.503943239   0.503943239  -0.503943239 ) 

    1    1
  0.67290062  0.00000000    0.09611867  0.00000000   -0.09611867  0.00000000
  0.09611867  0.00000000    0.67290062  0.00000000   -0.09611867  0.00000000
 -0.09611867  0.00000000   -0.09611867  0.00000000    0.67290062  0.00000000
    1    2
 -0.64907323  0.00000000    0.12160480 -0.00000000   -0.12160480  0.00000000
  0.12160480 -0.00000000   -0.64907323  0.00000000   -0.12160480  0.00000000
 -0.12160480  0.00000000   -0.12160480  0.00000000   -0.64907323  0.00000000
    2    1
 -0.64907323 -0.00000000    0.12160480  0.00000000   -0.12160480 -0.00000000
  0.12160480  0.00000000   -0.64907323 -0.00000000   -0.12160480 -0.00000000
 -0.12160480 -0.00000000   -0.12160480 -0.00000000   -0.64907323 -0.00000000
    2    2
  0.67285084  0.00000000    0.09611715  0.00000000   -0.09611715  0.00000000
  0.09611715  0.00000000    0.67285084  0.00000000   -0.09611715  0.00000000
 -0.09611715  0.00000000   -0.09611715  0.00000000    0.67285084  0.00000000

     Diagonalizing the dynamical matrix

     q = (    0.503943239  -0.503943239   0.503943239 ) 

 **************************************************************************
     freq (    1) =     -13.846243 [THz] =    -461.860938 [cm-1]
 (  0.496319  0.000000  0.503586  0.000000  0.007267  0.000000 ) 
 (  0.496335  0.000000  0.503602  0.000000  0.007267  0.000000 ) 
     freq (    2) =     -13.846243 [THz] =    -461.860938 [cm-1]
 (  0.294941  0.000000 -0.282354  0.000000 -0.577295  0.000000 ) 
 (  0.294950  0.000000 -0.282363  0.000000 -0.577314  0.000000 ) 
     freq (    3) =      21.308064 [THz] =     710.760515 [cm-1]
 (  0.408235  0.000000 -0.408235  0.000000  0.408235  0.000000 ) 
 (  0.408262  0.000000 -0.408262  0.000000  0.408262  0.000000 ) 
     freq (    4) =      35.447772 [THz] =    1182.410384 [cm-1]
 ( -0.408262  0.000000  0.408262  0.000000 -0.408262  0.000000 ) 
 (  0.408235  0.000000 -0.408235  0.000000  0.408235  0.000000 ) 
     freq (    5) =      36.498452 [THz] =    1217.457320 [cm-1]
 ( -0.380092  0.000000  0.186326  0.000000  0.566417  0.000000 ) 
 (  0.380080  0.000000 -0.186320  0.000000 -0.566400  0.000000 ) 
     freq (    6) =      36.498452 [THz] =    1217.457320 [cm-1]
 (  0.434597  0.000000  0.546467  0.000000  0.111871  0.000000 ) 
 ( -0.434583  0.000000 -0.546450  0.000000 -0.111867  0.000000 ) 
 **************************************************************************
