Dynamical matrix file
                                                                           
  1    2  2  6.7034255  0.0000000  0.0000000  0.0000000  0.0000000  0.0000000
           1  'C   '    10947.3567922507     
    1    1     -0.0000000000     -0.0000000000     -0.0000000000
    2    1     -0.2480438078      0.2480438078      0.2480438078

     Dynamical  Matrix in cartesian axes

     q = (    0.000000000  -1.007886479   0.000000000 ) 

    1    1
  0.40235505  0.00000000    0.00000000  0.00000000    0.00000000  0.00000000
 -0.00000000  0.00000000    0.98135714  0.00000000   -0.00000000  0.00000000
  0.00000000  0.00000000    0.00000000  0.00000000    0.40235505  0.00000000
    1    2
  0.00000000 -0.00000000    0.00000000 -0.00000000    0.36331178 -0.00000000
  0.00000000 -0.00000000    0.00000000  0.00000000   -0.00000000  0.00000000
  0.36331178 -0.00000000   -0.00000000  0.00000000    0.00000000 -0.00000000
    2    1
  0.00000000  0.00000000    0.00000000  0.00000000    0.36331178  0.00000000
  0.00000000  0.00000000    0.00000000  0.00000000   -0.00000000 -0.00000000
  0.36331178  0.00000000   -0.00000000 -0.00000000    0.00000000  0.00000000
    2    2
  0.40230742  0.00000000    0.00000000  0.00000000   -0.00000000  0.00000000
  0.00000000  0.00000000    0.98129976  0.00000000   -0.00000000  0.00000000
 -0.00000000  0.00000000    0.00000000  0.00000000    0.40230742  0.00000000

     Dynamical  Matrix in cartesian axes

     q = (    0.000000000  -0.000000000  -1.007886479 ) 

    1    1
  0.40235505  0.00000000    0.00000000  0.00000000    0.00000000  0.00000000
 -0.00000000  0.00000000    0.40235505  0.00000000   -0.00000000  0.00000000
  0.00000000  0.00000000    0.00000000  0.00000000    0.98135714  0.00000000
    1    2
  0.00000000 -0.00000000    0.36331178 -0.00000000    0.00000000  0.00000000
  0.36331178 -0.00000000    0.00000000 -0.00000000    0.00000000  0.00000000
  0.00000000  0.00000000    0.00000000  0.00000000    0.00000000  0.00000000
    2    1
  0.00000000  0.00000000    0.36331178  0.00000000    0.00000000  0.00000000
  0.36331178  0.00000000    0.00000000  0.00000000    0.00000000  0.00000000
  0.00000000  0.00000000    0.00000000  0.00000000    0.00000000  0.00000000
    2    2
  0.40230742  0.00000000   -0.00000000  0.00000000   -0.00000000  0.00000000
 -0.00000000  0.00000000    0.40230742  0.00000000    0.00000000  0.00000000
  0.00000000  0.00000000    0.00000000  0.00000000    0.98129976  0.00000000

     Dynamical  Matrix in cartesian axes

     q = (    1.007886479   0.000000000   0.000000000 ) 

    1    1
  0.98135714  0.00000000   -0.00000000  0.00000000    0.00000000  0.00000000
  0.00000000  0.00000000    0.40235505  0.00000000    0.00000000  0.00000000
  0.00000000  0.00000000    0.00000000  0.00000000    0.40235505  0.00000000
    1    2
  0.00000000  0.00000000   -0.00000000  0.00000000    0.00000000 -0.00000000
  0.00000000 -0.00000000    0.00000000 -0.00000000   -0.36331178  0.00000000
  0.00000000 -0.00000000   -0.36331178  0.00000000    0.00000000 -0.00000000
    2    1
  0.00000000  0.00000000    0.00000000  0.00000000    0.00000000  0.00000000
  0.00000000 -0.00000000    0.00000000  0.00000000   -0.36331178 -0.00000000
  0.00000000 -0.00000000   -0.36331178 -0.00000000    0.00000000  0.00000000
    2    2
  0.98129976  0.00000000   -0.00000000  0.00000000    0.00000000  0.00000000
  0.00000000  0.00000000    0.40230742  0.00000000    0.00000000  0.00000000
 -0.00000000  0.00000000    0.00000000  0.00000000    0.40230742  0.00000000

     Diagonalizing the dynamical matrix

     q = (    0.000000000  -1.007886479   0.000000000 ) 

 **************************************************************************
     freq (    1) =       6.210992 [THz] =     207.176408 [cm-1]
 (  0.289186 -0.000000  0.000000  0.000000  0.645243 -0.000000 ) 
 ( -0.645285  0.000000 -0.000000  0.000000 -0.289205  0.000000 ) 
     freq (    2) =       6.210992 [THz] =     207.176408 [cm-1]
 ( -0.645243  0.000000  0.000000  0.000000  0.289186 -0.000000 ) 
 ( -0.289205  0.000000  0.000000 -0.000000  0.645285  0.000000 ) 
     freq (    3) =      27.512722 [THz] =     917.725624 [cm-1]
 (  0.000000 -0.000000 -0.000000  0.000000  0.707130 -0.000000 ) 
 (  0.707084 -0.000000  0.000000 -0.000000  0.000000  0.000000 ) 
     freq (    4) =      27.512722 [THz] =     917.725624 [cm-1]
 (  0.707130 -0.000000 -0.000000 -0.000000  0.000000 -0.000000 ) 
 ( -0.000000  0.000000 -0.000000  0.000000  0.707084  0.000000 ) 
     freq (    5) =      31.147360 [THz] =    1038.964102 [cm-1]
 ( -0.000000  0.000000  0.000000 -0.000000  0.000000 -0.000000 ) 
 (  0.000000 -0.000000 -1.000000  0.000000  0.000000  0.000000 ) 
     freq (    6) =      31.148271 [THz] =    1038.994480 [cm-1]
 ( -0.000000 -0.000000 -1.000000  0.000000 -0.000000  0.000000 ) 
 ( -0.000000 -0.000000 -0.000000 -0.000000  0.000000  0.000000 ) 
 **************************************************************************
