 ikr ibn iq imode EPCE[meV]
   1   1   1   1    0.0000000000E+00
   1   1   1   2    0.0000000000E+00
   1   1   1   3    0.0000000000E+00
   1   1   1   4   -0.9043315384E+01
   1   1   1   5   -0.9043315289E+01
   1   1   1   6   -0.9043315209E+01
   1   1   2   1                 NaN
   1   1   2   2                 NaN
   1   1   2   3   -0.4821761766E+02
   1   1   2   4   -0.1888745249E+02
   1   1   2   5   -0.1364699246E+02
   1   1   2   6   -0.1364699224E+02
   1   1   3   1                 NaN
   1   1   3   2                 NaN
   1   1   3   3   -0.4821761892E+02
   1   1   3   4   -0.1888745260E+02
   1   1   3   5   -0.1364699204E+02
   1   1   3   6   -0.1364699225E+02
   1   1   4   1   -0.3077553672E+02
   1   1   4   2   -0.3077553602E+02
   1   1   4   3   -0.1286628598E+03
   1   1   4   4   -0.1286628624E+03
   1   1   4   5   -0.2889324073E+03
   1   1   4   6   -0.2889238497E+03
   1   1   5   1                 NaN
   1   1   5   2                 NaN
   1   1   5   3   -0.4821761950E+02
   1   1   5   4   -0.1888745249E+02
   1   1   5   5   -0.1364699222E+02
   1   1   5   6   -0.1364699216E+02
   1   1   6   1   -0.3077553618E+02
   1   1   6   2   -0.3077553676E+02
   1   1   6   3   -0.1286628592E+03
   1   1   6   4   -0.1286628593E+03
   1   1   6   5   -0.2889324079E+03
   1   1   6   6   -0.2889238503E+03
   1   1   7   1   -0.3077553668E+02
   1   1   7   2   -0.3077553634E+02
   1   1   7   3   -0.1286628605E+03
   1   1   7   4   -0.1286628596E+03
   1   1   7   5   -0.2889324086E+03
   1   1   7   6   -0.2889238510E+03
   1   1   8   1                 NaN
   1   1   8   2                 NaN
   1   1   8   3   -0.4821761883E+02
   1   1   8   4   -0.1888745264E+02
   1   1   8   5   -0.1364699227E+02
   1   1   8   6   -0.1364699202E+02
   1   2   1   1    0.0000000000E+00
   1   2   1   2    0.0000000000E+00
   1   2   1   3    0.0000000000E+00
   1   2   1   4   -0.1041762500E+03
   1   2   1   5   -0.9921577972E+02
   1   2   1   6   -0.8233230455E+02
   1   2   2   1                 NaN
   1   2   2   2                 NaN
   1   2   2   3   -0.2174721393E+03
   1   2   2   4   -0.7003284504E+02
   1   2   2   5   -0.9522133180E+02
   1   2   2   6   -0.2049073725E+02
   1   2   3   1                 NaN
   1   2   3   2                 NaN
   1   2   3   3   -0.2064147072E+03
   1   2   3   4   -0.6294538511E+02
   1   2   3   5   -0.1182651128E+03
   1   2   3   6    0.2956379560E+01
   1   2   4   1   -0.8030260435E+03
   1   2   4   2   -0.1113557146E+04
   1   2   4   3   -0.1968526034E+03
   1   2   4   4   -0.1968551493E+03
   1   2   4   5   -0.2580847647E+02
   1   2   4   6   -0.2580997019E+02
   1   2   5   1                 NaN
   1   2   5   2                 NaN
   1   2   5   3   -0.1676281336E+03
   1   2   5   4   -0.3808446355E+02
   1   2   5   5   -0.3222371483E+02
   1   2   5   6   -0.8167020763E+02
   1   2   6   1   -0.6136837748E+03
   1   2   6   2   -0.8917569237E+03
   1   2   6   3   -0.1737808274E+03
   1   2   6   4   -0.1737817794E+03
   1   2   6   5   -0.1629420173E+03
   1   2   6   6   -0.1629396976E+03
   1   2   7   1   -0.9894879816E+03
   1   2   7   2   -0.8153774265E+03
   1   2   7   3   -0.2052368433E+03
   1   2   7   4   -0.1759321096E+03
   1   2   7   5   -0.6307111547E+02
   1   2   7   6   -0.6307157521E+02
   1   2   8   1                 NaN
   1   2   8   2                 NaN
   1   2   8   3   -0.3939186829E+03
   1   2   8   4   -0.1831293126E+03
   1   2   8   5   -0.6488436976E+02
   1   2   8   6   -0.5726388549E+02
   1   3   1   1    0.0000000000E+00
   1   3   1   2    0.0000000000E+00
   1   3   1   3    0.0000000000E+00
   1   3   1   4   -0.1115787333E+03
   1   3   1   5   -0.7794414822E+02
   1   3   1   6   -0.9620144847E+02
   1   3   2   1                 NaN
   1   3   2   2                 NaN
   1   3   2   3   -0.3436962174E+03
   1   3   2   4   -0.1509383532E+03
   1   3   2   5   -0.6795293954E+02
   1   3   2   6   -0.5236335916E+02
   1   3   3   1                 NaN
   1   3   3   2                 NaN
   1   3   3   3   -0.2951628264E+03
   1   3   3   4   -0.1198300377E+03
   1   3   3   5   -0.4284000359E+02
   1   3   3   6   -0.7570596592E+02
   1   3   4   1   -0.1257587938E+04
   1   3   4   2   -0.5982507939E+03
   1   3   4   3   -0.1934465015E+03
   1   3   4   4   -0.1934435117E+03
   1   3   4   5   -0.4606934312E+02
   1   3   4   6   -0.4607027037E+02
   1   3   5   1                 NaN
   1   3   5   2                 NaN
   1   3   5   3   -0.1411503496E+03
   1   3   5   4   -0.2111306914E+02
   1   3   5   5   -0.9037072822E+02
   1   3   5   6   -0.2255738319E+02
   1   3   6   1   -0.9204190061E+03
   1   3   6   2   -0.9407443491E+03
   1   3   6   3   -0.1937423454E+03
   1   3   6   4   -0.1937452856E+03
   1   3   6   5   -0.4429334312E+02
   1   3   6   6   -0.4429433016E+02
   1   3   7   1   -0.7963159957E+03
   1   3   7   2   -0.7135712219E+03
   1   3   7   3   -0.1809955280E+03
   1   3   7   4   -0.1670661417E+03
   1   3   7   5   -0.1614589172E+03
   1   3   7   6   -0.1614566336E+03
   1   3   8   1                 NaN
   1   3   8   2                 NaN
   1   3   8   3   -0.2054242696E+03
   1   3   8   4   -0.6231055651E+02
   1   3   8   5   -0.1062824094E+03
   1   3   8   6   -0.8990194744E+01
   1   4   1   1    0.0000000000E+00
   1   4   1   2    0.0000000000E+00
   1   4   1   3    0.0000000000E+00
   1   4   1   4   -0.6996934389E+02
   1   4   1   5   -0.1085644049E+03
   1   4   1   6   -0.1071905801E+03
   1   4   2   1                 NaN
   1   4   2   2                 NaN
   1   4   2   3   -0.1779068874E+03
   1   4   2   4   -0.4467281187E+02
   1   4   2   5   -0.1197433259E+02
   1   4   2   6   -0.1022945188E+03
   1   4   3   1                 NaN
   1   4   3   2                 NaN
   1   4   3   3   -0.2374977161E+03
   1   4   3   4   -0.8286858441E+02
   1   4   3   5   -0.1404350388E+02
   1   4   3   6   -0.1023990348E+03
   1   4   4   1   -0.5528306774E+03
   1   4   4   2   -0.9016367084E+03
   1   4   4   3   -0.1709205585E+03
   1   4   4   4   -0.1709209911E+03
   1   4   4   5   -0.1799437912E+03
   1   4   4   6   -0.1799409991E+03
   1   4   5   1                 NaN
   1   4   5   2                 NaN
   1   4   5   3   -0.4302967629E+03
   1   4   5   4   -0.2064464775E+03
   1   4   5   5   -0.5255416853E+02
   1   4   5   6   -0.7092103757E+02
   1   4   6   1   -0.1079341866E+04
   1   4   6   2   -0.7809433672E+03
   1   4   6   3   -0.1936964827E+03
   1   4   6   4   -0.1936925904E+03
   1   4   6   5   -0.4458623680E+02
   1   4   6   6   -0.4458721302E+02
   1   4   7   1   -0.8276406806E+03
   1   4   7   2   -0.1084496002E+04
   1   4   7   3   -0.1749872836E+03
   1   4   7   4   -0.2182214141E+03
   1   4   7   5   -0.2729157899E+02
   1   4   7   6   -0.2729302841E+02
   1   4   8   1                 NaN
   1   4   8   2                 NaN
   1   4   8   3   -0.1397322954E+03
   1   4   8   4   -0.2020414371E+02
   1   4   8   5   -0.3981827542E+01
   1   4   8   6   -0.1088945489E+03
   1   5   1   1    0.0000000000E+00
   1   5   1   2    0.0000000000E+00
   1   5   1   3    0.0000000000E+00
   1   5   1   4   -0.1468096413E+03
   1   5   1   5   -0.8709370729E+02
   1   5   1   6   -0.5355097351E+02
   1   5   2   1                 NaN
   1   5   2   2                 NaN
   1   5   2   3   -0.1207612973E+03
   1   5   2   4   -0.7104635090E+02
   1   5   2   5   -0.4505386157E+03
   1   5   2   6   -0.2243852388E+03
   1   5   3   1                 NaN
   1   5   3   2                 NaN
   1   5   3   3   -0.1429509799E+03
   1   5   3   4   -0.8281906633E+02
   1   5   3   5   -0.4002493661E+03
   1   5   3   6   -0.2412213244E+03
   1   5   4   1   -0.4734585303E+03
   1   5   4   2   -0.8399924030E+03
   1   5   4   3    0.3022265998E+03
   1   5   4   4    0.3022352162E+03
   1   5   4   5    0.1427171395E+03
   1   5   4   6    0.1427130683E+03
   1   5   5   1                 NaN
   1   5   5   2                 NaN
   1   5   5   3   -0.2366371294E+03
   1   5   5   4   -0.1325241737E+03
   1   5   5   5   -0.1868279354E+03
   1   5   5   6   -0.3134014805E+03
   1   5   6   1   -0.5142691946E+03
   1   5   6   2   -0.6236811974E+03
   1   5   6   3    0.1616571787E+03
   1   5   6   4    0.1616392895E+03
   1   5   6   5    0.5881277972E+03
   1   5   6   6    0.5881075883E+03
   1   5   7   1   -0.5119977786E+03
   1   5   7   2   -0.4633003037E+03
   1   5   7   3    0.1472672853E+03
   1   5   7   4   -0.8455258103E+02
   1   5   7   5    0.1000930800E+04
   1   5   7   6    0.1000895628E+04
   1   5   8   1                 NaN
   1   5   8   2                 NaN
   1   5   8   3   -0.4187317825E+03
   1   5   8   4   -0.2291343341E+03
   1   5   8   5   -0.1087674452E+03
   1   5   8   6   -0.1169360085E+03
   1   6   1   1    0.0000000000E+00
   1   6   1   2    0.0000000000E+00
   1   6   1   3    0.0000000000E+00
   1   6   1   4   -0.9511895509E+02
   1   6   1   5   -0.1441927075E+03
   1   6   1   6   -0.4814265229E+02
   1   6   2   1                 NaN
   1   6   2   2                 NaN
   1   6   2   3   -0.3256187431E+03
   1   6   2   4   -0.1797332895E+03
   1   6   2   5   -0.1345368759E+03
   1   6   2   6   -0.2315438150E+03
   1   6   3   1                 NaN
   1   6   3   2                 NaN
   1   6   3   3   -0.3486597161E+03
   1   6   3   4   -0.1919576606E+03
   1   6   3   5   -0.1625703835E+03
   1   6   3   6   -0.1687737165E+03
   1   6   4   1   -0.8885071084E+03
   1   6   4   2   -0.4865776867E+03
   1   6   4   3    0.3516071487E+03
   1   6   4   4    0.3515969372E+03
   1   6   4   5   -0.1370627956E+02
   1   6   4   6   -0.1370468150E+02
   1   6   5   1                 NaN
   1   6   5   2                 NaN
   1   6   5   3   -0.1227038476E+03
   1   6   5   4   -0.7207697011E+02
   1   6   5   5   -0.4305539712E+03
   1   6   5   6   -0.2414412772E+03
   1   6   6   1   -0.4587077251E+03
   1   6   6   2   -0.4706766260E+03
   1   6   6   3   -0.5414633618E+01
   1   6   6   4   -0.5428013430E+01
   1   6   6   5    0.1117457339E+04
   1   6   6   6    0.1117417951E+04
   1   6   7   1   -0.5575702667E+03
   1   6   7   2   -0.5646599182E+03
   1   6   7   3    0.1319255966E+03
   1   6   7   4    0.1661859934E+03
   1   6   7   5    0.6280247030E+03
   1   6   7   6    0.6280030353E+03
   1   6   8   1                 NaN
   1   6   8   2                 NaN
   1   6   8   3   -0.1220988591E+03
   1   6   8   4   -0.7175599191E+02
   1   6   8   5   -0.3849193945E+03
   1   6   8   6   -0.2879879632E+03
   1   7   1   1    0.0000000000E+00
   1   7   1   2    0.0000000000E+00
   1   7   1   3    0.0000000000E+00
   1   7   1   4   -0.4552572207E+02
   1   7   1   5   -0.5616790868E+02
   1   7   1   6   -0.1857607130E+03
   1   7   2   1                 NaN
   1   7   2   2                 NaN
   1   7   2   3   -0.2429308640E+03
   1   7   2   4   -0.1358633099E+03
   1   7   2   5   -0.1807973101E+03
   1   7   2   6   -0.3099437572E+03
   1   7   3   1                 NaN
   1   7   3   2                 NaN
   1   7   3   3   -0.1977001952E+03
   1   7   3   4   -0.1118662208E+03
   1   7   3   5   -0.2030530632E+03
   1   7   3   6   -0.3558777834E+03
   1   7   4   1   -0.3513842200E+03
   1   7   4   2   -0.3867797599E+03
   1   7   4   3   -0.1585972775E+03
   1   7   4   4   -0.1585956797E+03
   1   7   4   5    0.1602764717E+04
   1   7   4   6    0.1602707766E+04
   1   7   5   1                 NaN
   1   7   5   2                 NaN
   1   7   5   3   -0.3299699312E+03
   1   7   5   4   -0.1820418064E+03
   1   7   5   5   -0.1484908560E+03
   1   7   5   6   -0.2110300912E+03
   1   7   6   1   -0.7403728544E+03
   1   7   6   2   -0.6189919306E+03
   1   7   6   3    0.3389940012E+03
   1   7   6   4    0.3390252526E+03
   1   7   6   5    0.2619061894E+02
   1   7   6   6    0.2619078031E+02
   1   7   7   1   -0.6437817136E+03
   1   7   7   2   -0.6853895056E+03
   1   7   7   3    0.2160436903E+03
   1   7   7   4    0.4136031288E+03
   1   7   7   5    0.1028202462E+03
   1   7   7   6    0.1028176182E+03
   1   7   8   1                 NaN
   1   7   8   2                 NaN
   1   7   8   3   -0.1484802550E+03
   1   7   8   4   -0.8575262450E+02
   1   7   8   5   -0.2721859401E+03
   1   7   8   6   -0.3609488479E+03
   1   8   1   1    0.0000000000E+00
   1   8   1   2    0.0000000000E+00
   1   8   1   3    0.0000000000E+00
   1   8   1   4   -0.1408506473E+02
   1   8   1   5   -0.1408506134E+02
   1   8   1   6   -0.1408505864E+02
   1   8   2   1                 NaN
   1   8   2   2                 NaN
   1   8   2   3   -0.3315781022E+03
   1   8   2   4   -0.7743417728E+02
   1   8   2   5   -0.1813971621E+02
   1   8   2   6   -0.1813971424E+02
   1   8   3   1                 NaN
   1   8   3   2                 NaN
   1   8   3   3   -0.3315781200E+03
   1   8   3   4   -0.7743417944E+02
   1   8   3   5   -0.1813971441E+02
   1   8   3   6   -0.1813971742E+02
   1   8   4   1   -0.2032147775E+03
   1   8   4   2   -0.2032147802E+03
   1   8   4   3   -0.3339780585E+02
   1   8   4   4   -0.3339780485E+02
   1   8   4   5    0.3450243843E+02
   1   8   4   6    0.3450110998E+02
   1   8   5   1                 NaN
   1   8   5   2                 NaN
   1   8   5   3   -0.3315780441E+03
   1   8   5   4   -0.7743417841E+02
   1   8   5   5   -0.1813970771E+02
   1   8   5   6   -0.1813971649E+02
   1   8   6   1   -0.2032147731E+03
   1   8   6   2   -0.2032147791E+03
   1   8   6   3   -0.3339780530E+02
   1   8   6   4   -0.3339780609E+02
   1   8   6   5    0.3450243524E+02
   1   8   6   6    0.3450110835E+02
   1   8   7   1   -0.2032147785E+03
   1   8   7   2   -0.2032147719E+03
   1   8   7   3   -0.3339780482E+02
   1   8   7   4   -0.3339780445E+02
   1   8   7   5    0.3450244197E+02
   1   8   7   6    0.3450110778E+02
   1   8   8   1                 NaN
   1   8   8   2                 NaN
   1   8   8   3   -0.3315781771E+03
   1   8   8   4   -0.7743418070E+02
   1   8   8   5   -0.1813971098E+02
   1   8   8   6   -0.1813970667E+02
   2   1   1   1    0.0000000000E+00
   2   1   1   2    0.0000000000E+00
   2   1   1   3    0.0000000000E+00
   2   1   1   4   -0.1889982317E+02
   2   1   1   5   -0.1887545757E+02
   2   1   1   6   -0.1791344222E+02
   2   1   2   1                 NaN
   2   1   2   2                 NaN
   2   1   2   3   -0.4464392447E+02
   2   1   2   4   -0.9972359529E+01
   2   1   2   5   -0.2284316141E+02
   2   1   2   6   -0.2284316101E+02
   2   1   3   1                 NaN
   2   1   3   2                 NaN
   2   1   3   3   -0.9592680821E+02
   2   1   3   4   -0.4005775807E+02
   2   1   3   5   -0.3335205750E+02
   2   1   3   6   -0.3444265462E+02
   2   1   4   1   -0.1026420394E+03
   2   1   4   2   -0.6024326146E+02
   2   1   4   3   -0.3870542157E+03
   2   1   4   4   -0.3870542004E+03
   2   1   4   5   -0.4303747724E+03
   2   1   4   6   -0.4303633765E+03
   2   1   5   1                 NaN
   2   1   5   2                 NaN
   2   1   5   3   -0.9592680867E+02
   2   1   5   4   -0.4005775816E+02
   2   1   5   5   -0.3400123234E+02
   2   1   5   6   -0.3379347841E+02
   2   1   6   1   -0.9358412899E+02
   2   1   6   2   -0.6930117181E+02
   2   1   6   3   -0.3870542075E+03
   2   1   6   4   -0.3870542174E+03
   2   1   6   5   -0.4303747857E+03
   2   1   6   6   -0.4303634032E+03
   2   1   7   1   -0.8833584072E+02
   2   1   7   2   -0.7454946026E+02
   2   1   7   3   -0.5077563811E+03
   2   1   7   4   -0.2663520462E+03
   2   1   7   5   -0.4303747758E+03
   2   1   7   6   -0.4303633927E+03
   2   1   8   1                 NaN
   2   1   8   2                 NaN
   2   1   8   3   -0.9592680864E+02
   2   1   8   4   -0.4005775824E+02
   2   1   8   5   -0.3522861492E+02
   2   1   8   6   -0.3256609671E+02
   2   2   1   1    0.0000000000E+00
   2   2   1   2    0.0000000000E+00
   2   2   1   3    0.0000000000E+00
   2   2   1   4   -0.3145402846E+02
   2   2   1   5   -0.3209991357E+02
   2   2   1   6   -0.5760155387E+02
   2   2   2   1                 NaN
   2   2   2   2                 NaN
   2   2   2   3   -0.1546760669E+03
   2   2   2   4   -0.9349810333E+02
   2   2   2   5   -0.3452221521E+02
   2   2   2   6   -0.3452221524E+02
   2   2   3   1                 NaN
   2   2   3   2                 NaN
   2   2   3   3   -0.1345459195E+03
   2   2   3   4   -0.1067060690E+03
   2   2   3   5   -0.7913737242E+02
   2   2   3   6   -0.1492431902E+03
   2   2   4   1   -0.3571148610E+03
   2   2   4   2   -0.1805281909E+03
   2   2   4   3    0.1309994298E+03
   2   2   4   4    0.1309994418E+03
   2   2   4   5    0.1758170578E+03
   2   2   4   6    0.1758130164E+03
   2   2   5   1                 NaN
   2   2   5   2                 NaN
   2   2   5   3   -0.1345459179E+03
   2   2   5   4   -0.1067060740E+03
   2   2   5   5   -0.1208676862E+03
   2   2   5   6   -0.1075128673E+03
   2   2   6   1   -0.3193895592E+03
   2   2   6   2   -0.2182534880E+03
   2   2   6   3    0.1309994526E+03
   2   2   6   4    0.1309994369E+03
   2   2   6   5    0.1758170644E+03
   2   2   6   6    0.1758130177E+03
   2   2   7   1   -0.2975309722E+03
   2   2   7   2   -0.2401120798E+03
   2   2   7   3    0.2799772823E+03
   2   2   7   4   -0.1797840099E+02
   2   2   7   5    0.1758170752E+03
   2   2   7   6    0.1758130234E+03
   2   2   8   1                 NaN
   2   2   8   2                 NaN
   2   2   8   3   -0.1345459121E+03
   2   2   8   4   -0.1067060749E+03
   2   2   8   5   -0.1997662916E+03
   2   2   8   6   -0.2861426312E+02
   2   3   1   1    0.0000000000E+00
   2   3   1   2    0.0000000000E+00
   2   3   1   3    0.0000000000E+00
   2   3   1   4   -0.1019040262E+03
   2   3   1   5   -0.1031981883E+03
   2   3   1   6   -0.6058818962E+02
   2   3   2   1                 NaN
   2   3   2   2                 NaN
   2   3   2   3   -0.1432655289E+03
   2   3   2   4   -0.1248626635E+03
   2   3   2   5   -0.3145577830E+03
   2   3   2   6   -0.1952358582E+03
   2   3   3   1                 NaN
   2   3   3   2                 NaN
   2   3   3   3   -0.1210619076E+03
   2   3   3   4   -0.2464899463E+02
   2   3   3   5   -0.1606900061E+03
   2   3   3   6   -0.1089179892E+03
   2   3   4   1   -0.4879775725E+03
   2   3   4   2   -0.1216430168E+04
   2   3   4   3   -0.2028539939E+03
   2   3   4   4   -0.2028546185E+03
   2   3   4   5   -0.1968270889E+03
   2   3   4   6   -0.1968219959E+03
   2   3   5   1                 NaN
   2   3   5   2                 NaN
   2   3   5   3   -0.2963977587E+03
   2   3   5   4   -0.1598523745E+03
   2   3   5   5   -0.7053316809E+02
   2   3   5   6   -0.1172994707E+03
   2   3   6   1   -0.5810218567E+03
   2   3   6   2   -0.5874637313E+03
   2   3   6   3   -0.2331923025E+03
   2   3   6   4   -0.2331982543E+03
   2   3   6   5   -0.1879394256E+03
   2   3   6   6   -0.1879347717E+03
   2   3   7   1   -0.5967782330E+03
   2   3   7   2   -0.6225399328E+03
   2   3   7   3   -0.2609510649E+03
   2   3   7   4   -0.1996837720E+03
   2   3   7   5   -0.1887824211E+03
   2   3   7   6   -0.1887777215E+03
   2   3   8   1                 NaN
   2   3   8   2                 NaN
   2   3   8   3   -0.2797670352E+03
   2   3   8   4   -0.1470282380E+03
   2   3   8   5   -0.9241587375E+02
   2   3   8   6   -0.1031732167E+03
   2   4   1   1    0.0000000000E+00
   2   4   1   2    0.0000000000E+00
   2   4   1   3    0.0000000000E+00
   2   4   1   4   -0.9044849963E+02
   2   4   1   5   -0.8805325455E+02
   2   4   1   6   -0.8718864707E+02
   2   4   2   1                 NaN
   2   4   2   2                 NaN
   2   4   2   3   -0.1432655254E+03
   2   4   2   4   -0.1248626622E+03
   2   4   2   5   -0.1952358482E+03
   2   4   2   6   -0.3145577835E+03
   2   4   3   1                 NaN
   2   4   3   2                 NaN
   2   4   3   3   -0.3437558942E+03
   2   4   3   4   -0.1963707486E+03
   2   4   3   5   -0.7489419094E+02
   2   4   3   6   -0.9085096899E+02
   2   4   4   1   -0.6030749979E+03
   2   4   4   2   -0.4206582747E+03
   2   4   4   3   -0.2413906857E+03
   2   4   4   4   -0.2413900652E+03
   2   4   4   5   -0.1855388696E+03
   2   4   4   6   -0.1855343261E+03
   2   4   5   1                 NaN
   2   4   5   2                 NaN
   2   4   5   3   -0.1684200436E+03
   2   4   5   4   -0.6116736611E+02
   2   4   5   5   -0.1437320915E+03
   2   4   5   6   -0.1037884196E+03
   2   4   6   1   -0.6266836976E+03
   2   4   6   2   -0.9329716994E+03
   2   4   6   3   -0.2110523566E+03
   2   4   6   4   -0.2110464119E+03
   2   4   6   5   -0.1944265385E+03
   2   4   6   6   -0.1944215641E+03
   2   4   7   1   -0.6785177878E+03
   2   4   7   2   -0.8303050279E+03
   2   4   7   3   -0.2298265352E+03
   2   4   7   4   -0.1980279704E+03
   2   4   7   5   -0.1935835342E+03
   2   4   7   6   -0.1935786005E+03
   2   4   8   1                 NaN
   2   4   8   2                 NaN
   2   4   8   3   -0.1850507643E+03
   2   4   8   4   -0.7399150386E+02
   2   4   8   5   -0.8154213865E+02
   2   4   8   6   -0.1582219240E+03
   2   5   1   1    0.0000000000E+00
   2   5   1   2    0.0000000000E+00
   2   5   1   3    0.0000000000E+00
   2   5   1   4   -0.1379905187E+03
   2   5   1   5   -0.1063861010E+03
   2   5   1   6   -0.1441549318E+03
   2   5   2   1                 NaN
   2   5   2   2                 NaN
   2   5   2   3   -0.9838259074E+02
   2   5   2   4   -0.7646536486E+02
   2   5   2   5    0.8309826505E+02
   2   5   2   6   -0.3153531812E+02
   2   5   3   1                 NaN
   2   5   3   2                 NaN
   2   5   3   3   -0.3099296881E+03
   2   5   3   4   -0.1843429033E+03
   2   5   3   5   -0.1127094180E+03
   2   5   3   6   -0.7072969199E+02
   2   5   4   1   -0.8945605614E+03
   2   5   4   2   -0.3928671374E+03
   2   5   4   3   -0.2147723188E+03
   2   5   4   4   -0.2147716467E+03
   2   5   4   5   -0.6400934313E+03
   2   5   4   6   -0.6400733772E+03
   2   5   5   1                 NaN
   2   5   5   2                 NaN
   2   5   5   3   -0.1367447877E+03
   2   5   5   4   -0.9628517640E+02
   2   5   5   5   -0.9020565426E+02
   2   5   5   6   -0.8055558487E+01
   2   5   6   1   -0.7556859488E+03
   2   5   6   2   -0.1077799112E+04
   2   5   6   3   -0.2452330219E+03
   2   5   6   4   -0.2452302912E+03
   2   5   6   5   -0.1697521904E+03
   2   5   6   6   -0.1697465463E+03
   2   5   7   1   -0.8050825122E+03
   2   5   7   2   -0.9180349845E+03
   2   5   7   3   -0.1785164892E+03
   2   5   7   4   -0.2996339675E+03
   2   5   7   5   -0.2648158235E+03
   2   5   7   6   -0.2648073223E+03
   2   5   8   1                 NaN
   2   5   8   2                 NaN
   2   5   8   3   -0.1717483289E+03
   2   5   8   4   -0.1140831098E+03
   2   5   8   5   -0.7098349812E+02
   2   5   8   6   -0.4449359664E+02
   2   6   1   1    0.0000000000E+00
   2   6   1   2    0.0000000000E+00
   2   6   1   3    0.0000000000E+00
   2   6   1   4   -0.1591792410E+03
   2   6   1   5   -0.1880248070E+03
   2   6   1   6   -0.4132751621E+02
   2   6   2   1                 NaN
   2   6   2   2                 NaN
   2   6   2   3   -0.9838259788E+02
   2   6   2   4   -0.7646536486E+02
   2   6   2   5   -0.3153529679E+02
   2   6   2   6    0.8309827000E+02
   2   6   3   1                 NaN
   2   6   3   2                 NaN
   2   6   3   3   -0.1023523478E+03
   2   6   3   4   -0.7879792582E+02
   2   6   3   5   -0.2143773917E+02
   2   6   3   6   -0.5990810258E+02
   2   6   4   1   -0.5841058371E+03
   2   6   4   2   -0.1357820446E+04
   2   6   4   3   -0.2512803117E+03
   2   6   4   4   -0.2512809886E+03
   2   6   4   5   -0.7634827902E+02
   2   6   4   6   -0.7634553342E+02
   2   6   5   1                 NaN
   2   6   5   2                 NaN
   2   6   5   3   -0.2755370611E+03
   2   6   5   4   -0.1668556107E+03
   2   6   5   5   -0.4185255535E+02
   2   6   5   6   -0.1246711700E+03
   2   6   6   1   -0.7810933820E+03
   2   6   6   2   -0.6147746416E+03
   2   6   6   3   -0.2208195777E+03
   2   6   6   4   -0.2208222547E+03
   2   6   6   5   -0.5466888136E+03
   2   6   6   6   -0.5466716287E+03
   2   6   7   1   -0.7653686415E+03
   2   6   7   2   -0.7408667429E+03
   2   6   7   3   -0.2060149459E+03
   2   6   7   4   -0.2479397046E+03
   2   6   7   5   -0.4516248768E+03
   2   6   7   6   -0.4516105660E+03
   2   6   8   1                 NaN
   2   6   8   2                 NaN
   2   6   8   3   -0.2405334698E+03
   2   6   8   4   -0.1490576551E+03
   2   6   8   5   -0.5712522573E+02
   2   6   8   6   -0.9218260702E+02
   2   7   1   1    0.0000000000E+00
   2   7   1   2    0.0000000000E+00
   2   7   1   3    0.0000000000E+00
   2   7   1   4    0.1013400150E+03
   2   7   1   5    0.9979342571E+02
   2   7   1   6    0.3872934763E+02
   2   7   2   1                 NaN
   2   7   2   2                 NaN
   2   7   2   3   -0.5112250791E+02
   2   7   2   4   -0.1145006604E+02
   2   7   2   5    0.4565980021E+02
   2   7   2   6    0.4565980917E+02
   2   7   3   1                 NaN
   2   7   3   2                 NaN
   2   7   3   3   -0.4438566525E+02
   2   7   3   4   -0.3902752777E+02
   2   7   3   5   -0.8369311848E+02
   2   7   3   6   -0.4717314263E+02
   2   7   4   1    0.8912237989E+02
   2   7   4   2   -0.2579980630E+02
   2   7   4   3    0.8940443965E+02
   2   7   4   4    0.8940442816E+02
   2   7   4   5    0.3536249933E+03
   2   7   4   6    0.3536138767E+03
   2   7   5   1                 NaN
   2   7   5   2                 NaN
   2   7   5   3   -0.4438566777E+02
   2   7   5   4   -0.3902752749E+02
   2   7   5   5   -0.6195468632E+02
   2   7   5   6   -0.6891156971E+02
   2   7   6   1    0.6457086530E+02
   2   7   6   2   -0.1248307963E+01
   2   7   6   3    0.8940443261E+02
   2   7   6   4    0.8940444502E+02
   2   7   6   5    0.3536250491E+03
   2   7   6   6    0.3536138392E+03
   2   7   7   1    0.5034538555E+02
   2   7   7   2    0.1297724782E+02
   2   7   7   3    0.6143649304E+02
   2   7   7   4    0.1173723600E+03
   2   7   7   5    0.3536250290E+03
   2   7   7   6    0.3536138074E+03
   2   7   8   1                 NaN
   2   7   8   2                 NaN
   2   7   8   3   -0.4438566591E+02
   2   7   8   4   -0.3902752768E+02
   2   7   8   5   -0.2085433775E+02
   2   7   8   6   -0.1100119593E+03
   2   8   1   1    0.0000000000E+00
   2   8   1   2    0.0000000000E+00
   2   8   1   3    0.0000000000E+00
   2   8   1   4   -0.8217629843E+02
   2   8   1   5   -0.8353168008E+02
   2   8   1   6   -0.1370469746E+03
   2   8   2   1                 NaN
   2   8   2   2                 NaN
   2   8   2   3   -0.8429195089E+02
   2   8   2   4   -0.3334621811E+03
   2   8   2   5   -0.7095456533E+02
   2   8   2   6   -0.7095456603E+02
   2   8   3   1                 NaN
   2   8   3   2                 NaN
   2   8   3   3   -0.1386542849E+03
   2   8   3   4   -0.5757105163E+02
   2   8   3   5   -0.1621814103E+03
   2   8   3   6   -0.2809246425E+03
   2   8   4   1   -0.1094225887E+04
   2   8   4   2   -0.2647534499E+03
   2   8   4   3   -0.1623006005E+03
   2   8   4   4   -0.1623006113E+03
   2   8   4   5   -0.1797758537E+03
   2   8   4   6   -0.1797713169E+03
   2   8   5   1                 NaN
   2   8   5   2                 NaN
   2   8   5   3   -0.1386542830E+03
   2   8   5   4   -0.5757105086E+02
   2   8   5   5   -0.2328628333E+03
   2   8   5   6   -0.2102428124E+03
   2   8   6   1   -0.9170166719E+03
   2   8   6   2   -0.4419533268E+03
   2   8   6   3   -0.1623006041E+03
   2   8   6   4   -0.1623006002E+03
   2   8   6   5   -0.1797758560E+03
   2   8   6   6   -0.1797713333E+03
   2   8   7   1   -0.8143396980E+03
   2   8   7   2   -0.5446275136E+03
   2   8   7   3   -0.1731461690E+03
   2   8   7   4   -0.1514557021E+03
   2   8   7   5   -0.1797758379E+03
   2   8   7   6   -0.1797713467E+03
   2   8   8   1                 NaN
   2   8   8   2                 NaN
   2   8   8   3   -0.1386542890E+03
   2   8   8   4   -0.5757104119E+02
   2   8   8   5   -0.3665016535E+03
   2   8   8   6   -0.7661084871E+02
   3   1   1   1    0.0000000000E+00
   3   1   1   2    0.0000000000E+00
   3   1   1   3    0.0000000000E+00
   3   1   1   4   -0.3183318338E+02
   3   1   1   5   -0.3198316835E+02
   3   1   1   6   -0.4865948482E+02
   3   1   2   1                 NaN
   3   1   2   2                 NaN
   3   1   2   3   -0.1871769020E+02
   3   1   2   4    0.1206767850E+02
   3   1   2   5   -0.3285371977E+02
   3   1   2   6   -0.7066171754E+00
   3   1   3   1                 NaN
   3   1   3   2                 NaN
   3   1   3   3   -0.1871769012E+02
   3   1   3   4    0.1206767928E+02
   3   1   3   5   -0.2502377748E+02
   3   1   3   6   -0.8536549958E+01
   3   1   4   1   -0.1096758936E+03
   3   1   4   2   -0.1096758936E+03
   3   1   4   3   -0.1707316738E+03
   3   1   4   4   -0.1707316742E+03
   3   1   4   5    0.8797243919E+02
   3   1   4   6   -0.8989746569E+02
   3   1   5   1                 NaN
   3   1   5   2                 NaN
   3   1   5   3   -0.1871767029E+02
   3   1   5   4    0.1206767680E+02
   3   1   5   5   -0.3509517497E+02
   3   1   5   6    0.1534844909E+01
   3   1   6   1   -0.1438552692E+03
   3   1   6   2   -0.3294874465E+03
   3   1   6   3   -0.1182389738E+03
   3   1   6   4   -0.1182869248E+03
   3   1   6   5   -0.1506589519E+03
   3   1   6   6   -0.4499225850E+03
   3   1   7   1   -0.1370703057E+03
   3   1   7   2   -0.3362724109E+03
   3   1   7   3   -0.1182437386E+03
   3   1   7   4   -0.1182821598E+03
   3   1   7   5   -0.1506589518E+03
   3   1   7   6   -0.4499225891E+03
   3   1   8   1                 NaN
   3   1   8   2                 NaN
   3   1   8   3   -0.1871768770E+02
   3   1   8   4    0.1206767900E+02
   3   1   8   5   -0.2915995879E+02
   3   1   8   6   -0.4400368028E+01
   3   2   1   1    0.0000000000E+00
   3   2   1   2    0.0000000000E+00
   3   2   1   3    0.0000000000E+00
   3   2   1   4   -0.3183302157E+02
   3   2   1   5   -0.3198292726E+02
   3   2   1   6   -0.4865036633E+02
   3   2   2   1                 NaN
   3   2   2   2                 NaN
   3   2   2   3   -0.1871101668E+02
   3   2   2   4    0.1206425604E+02
   3   2   2   5   -0.3285466293E+02
   3   2   2   6   -0.7081299355E+00
   3   2   3   1                 NaN
   3   2   3   2                 NaN
   3   2   3   3   -0.1871102585E+02
   3   2   3   4    0.1206425179E+02
   3   2   3   5   -0.2502486730E+02
   3   2   3   6   -0.8537928264E+01
   3   2   4   1   -0.1096630501E+03
   3   2   4   2   -0.1096630502E+03
   3   2   4   3   -0.1707346379E+03
   3   2   4   4   -0.1707346374E+03
   3   2   4   5   -0.8990011707E+02
   3   2   4   6    0.8796941943E+02
   3   2   5   1                 NaN
   3   2   5   2                 NaN
   3   2   5   3   -0.1871103269E+02
   3   2   5   4    0.1206426006E+02
   3   2   5   5   -0.3509607573E+02
   3   2   5   6    0.1533272229E+01
   3   2   6   1   -0.3294451803E+03
   3   2   6   2   -0.1438372820E+03
   3   2   6   3   -0.1173457456E+03
   3   2   6   4   -0.1182427705E+03
   3   2   6   5   -0.4499361315E+03
   3   2   6   6   -0.1506547731E+03
   3   2   7   1   -0.3362292570E+03
   3   2   7   2   -0.1370532052E+03
   3   2   7   3   -0.1174348739E+03
   3   2   7   4   -0.1181536403E+03
   3   2   7   5   -0.4499361230E+03
   3   2   7   6   -0.1506547728E+03
   3   2   8   1                 NaN
   3   2   8   2                 NaN
   3   2   8   3   -0.1871102317E+02
   3   2   8   4    0.1206425744E+02
   3   2   8   5   -0.2916097112E+02
   3   2   8   6   -0.4401821817E+01
   3   3   1   1    0.0000000000E+00
   3   3   1   2    0.0000000000E+00
   3   3   1   3    0.0000000000E+00
   3   3   1   4   -0.8043849044E+02
   3   3   1   5   -0.7846000033E+02
   3   3   1   6   -0.5055254377E+02
   3   3   2   1                 NaN
   3   3   2   2                 NaN
   3   3   2   3   -0.1580409991E+03
   3   3   2   4   -0.1091291551E+03
   3   3   2   5   -0.1575211644E+03
   3   3   2   6   -0.9361547110E+02
   3   3   3   1                 NaN
   3   3   3   2                 NaN
   3   3   3   3   -0.1580409973E+03
   3   3   3   4   -0.1091291574E+03
   3   3   3   5   -0.1419565718E+03
   3   3   3   6   -0.1091800637E+03
   3   3   4   1   -0.4298628538E+03
   3   3   4   2   -0.9443522295E+03
   3   3   4   3   -0.1978700065E+03
   3   3   4   4   -0.2253668591E+03
   3   3   4   5   -0.4416296576E+03
   3   3   4   6   -0.4416162729E+03
   3   3   5   1                 NaN
   3   3   5   2                 NaN
   3   3   5   3   -0.2450361724E+03
   3   3   5   4   -0.1267985707E+03
   3   3   5   5   -0.9555775432E+02
   3   3   5   6   -0.1041654619E+03
   3   3   6   1   -0.5336280873E+03
   3   3   6   2   -0.4037806452E+03
   3   3   6   3   -0.2637012573E+03
   3   3   6   4   -0.1932494954E+03
   3   3   6   5   -0.4266598920E+02
   3   3   6   6    0.5513825697E+02
   3   3   7   1   -0.3990480156E+03
   3   3   7   2   -0.5383381531E+03
   3   3   7   3   -0.2002475488E+03
   3   3   7   4   -0.2567083899E+03
   3   3   7   5    0.5514064844E+02
   3   3   7   6   -0.4266520948E+02
   3   3   8   1                 NaN
   3   3   8   2                 NaN
   3   3   8   3   -0.2450361768E+03
   3   3   8   4   -0.1267985737E+03
   3   3   8   5   -0.9695220212E+02
   3   3   8   6   -0.1027710122E+03
   3   4   1   1    0.0000000000E+00
   3   4   1   2    0.0000000000E+00
   3   4   1   3    0.0000000000E+00
   3   4   1   4   -0.7695192188E+02
   3   4   1   5   -0.7845978327E+02
   3   4   1   6   -0.5403933289E+02
   3   4   2   1                 NaN
   3   4   2   2                 NaN
   3   4   2   3   -0.2450361847E+03
   3   4   2   4   -0.1267985754E+03
   3   4   2   5   -0.9608500245E+02
   3   4   2   6   -0.1036382141E+03
   3   4   3   1                 NaN
   3   4   3   2                 NaN
   3   4   3   3   -0.2450361835E+03
   3   4   3   4   -0.1267985770E+03
   3   4   3   5   -0.9792405109E+02
   3   4   3   6   -0.1017991659E+03
   3   4   4   1   -0.9443522577E+03
   3   4   4   2   -0.4298628438E+03
   3   4   4   3   -0.2253668660E+03
   3   4   4   4   -0.1978700150E+03
   3   4   4   5   -0.4416296601E+03
   3   4   4   6   -0.4416162789E+03
   3   4   5   1                 NaN
   3   4   5   2                 NaN
   3   4   5   3   -0.1580409961E+03
   3   4   5   4   -0.1091291614E+03
   3   4   5   5   -0.1619775867E+03
   3   4   5   6   -0.8915904893E+02
   3   4   6   1   -0.4037923383E+03
   3   4   6   2   -0.5335938488E+03
   3   4   6   3   -0.1932462413E+03
   3   4   6   4   -0.2637096998E+03
   3   4   6   5    0.5514063580E+02
   3   4   6   6   -0.4266520857E+02
   3   4   7   1   -0.5383741054E+03
   3   4   7   2   -0.3990346489E+03
   3   4   7   3   -0.2567011093E+03
   3   4   7   4   -0.2002496476E+03
   3   4   7   5   -0.4266598670E+02
   3   4   7   6    0.5513824658E+02
   3   4   8   1                 NaN
   3   4   8   2                 NaN
   3   4   8   3   -0.1580409980E+03
   3   4   8   4   -0.1091291576E+03
   3   4   8   5   -0.1501789678E+03
   3   4   8   6   -0.1009576717E+03
   3   5   1   1    0.0000000000E+00
   3   5   1   2    0.0000000000E+00
   3   5   1   3    0.0000000000E+00
   3   5   1   4   -0.4095040528E+02
   3   5   1   5   -0.4083893397E+02
   3   5   1   6   -0.2844476412E+02
   3   5   2   1                 NaN
   3   5   2   2                 NaN
   3   5   2   3   -0.8814563534E+02
   3   5   2   4   -0.4901768030E+02
   3   5   2   5   -0.9948336678E+02
   3   5   2   6   -0.3680796282E+02
   3   5   3   1                 NaN
   3   5   3   2                 NaN
   3   5   3   3   -0.8814563412E+02
   3   5   3   4   -0.4901768177E+02
   3   5   3   5   -0.8421776596E+02
   3   5   3   6   -0.5207355169E+02
   3   5   4   1   -0.5937893502E+02
   3   5   4   2   -0.5937894968E+02
   3   5   4   3   -0.6024344383E+03
   3   5   4   4   -0.6024344401E+03
   3   5   4   5   -0.2445526160E+03
   3   5   4   6   -0.2041994820E+04
   3   5   5   1                 NaN
   3   5   5   2                 NaN
   3   5   5   3   -0.8814563284E+02
   3   5   5   4   -0.4901768497E+02
   3   5   5   5   -0.1038534125E+03
   3   5   5   6   -0.3243793211E+02
   3   5   6   1   -0.1873752267E+03
   3   5   6   2   -0.2926003180E+03
   3   5   6   3    0.1237215122E+03
   3   5   6   4   -0.6901723758E+02
   3   5   6   5    0.4854642329E+02
   3   5   6   6   -0.1427120845E+02
   3   5   7   1   -0.1835291889E+03
   3   5   7   2   -0.2964463581E+03
   3   5   7   3    0.1045708161E+03
   3   5   7   4   -0.4986654441E+02
   3   5   7   5    0.4854642357E+02
   3   5   7   6   -0.1427121015E+02
   3   5   8   1                 NaN
   3   5   8   2                 NaN
   3   5   8   3   -0.8814563819E+02
   3   5   8   4   -0.4901767995E+02
   3   5   8   5   -0.9228186052E+02
   3   5   8   6   -0.4400947658E+02
   3   6   1   1    0.0000000000E+00
   3   6   1   2    0.0000000000E+00
   3   6   1   3    0.0000000000E+00
   3   6   1   4   -0.4094881560E+02
   3   6   1   5   -0.4083723426E+02
   3   6   1   6   -0.2843089390E+02
   3   6   2   1                 NaN
   3   6   2   2                 NaN
   3   6   2   3   -0.8813755959E+02
   3   6   2   4   -0.4902110647E+02
   3   6   2   5   -0.9948143610E+02
   3   6   2   6   -0.3680830949E+02
   3   6   3   1                 NaN
   3   6   3   2                 NaN
   3   6   3   3   -0.8813756316E+02
   3   6   3   4   -0.4902110443E+02
   3   6   3   5   -0.8421639945E+02
   3   6   3   6   -0.5207334467E+02
   3   6   4   1   -0.5929751150E+02
   3   6   4   2   -0.5929748379E+02
   3   6   4   3   -0.6024520387E+03
   3   6   4   4   -0.6024520421E+03
   3   6   4   5   -0.2042068306E+04
   3   6   4   6   -0.2445453547E+03
   3   6   5   1                 NaN
   3   6   5   2                 NaN
   3   6   5   3   -0.8813756436E+02
   3   6   5   4   -0.4902109948E+02
   3   6   5   5   -0.1038513229E+03
   3   6   5   6   -0.3243843669E+02
   3   6   6   1   -0.2925747292E+03
   3   6   6   2   -0.1873741303E+03
   3   6   6   3   -0.6901681462E+02
   3   6   6   4    0.1237215825E+03
   3   6   6   5   -0.1427171193E+02
   3   6   6   6    0.4854511456E+02
   3   6   7   1   -0.2964198735E+03
   3   6   7   2   -0.1835289904E+03
   3   6   7   3   -0.4986615594E+02
   3   6   7   4    0.1045709276E+03
   3   6   7   5   -0.1427171165E+02
   3   6   7   6    0.4854511461E+02
   3   6   8   1                 NaN
   3   6   8   2                 NaN
   3   6   8   3   -0.8813756371E+02
   3   6   8   4   -0.4902110578E+02
   3   6   8   5   -0.9228018556E+02
   3   6   8   6   -0.4400955830E+02
   3   7   1   1    0.0000000000E+00
   3   7   1   2    0.0000000000E+00
   3   7   1   3    0.0000000000E+00
   3   7   1   4   -0.1617851013E+03
   3   7   1   5   -0.1627250218E+03
   3   7   1   6   -0.8411935991E+02
   3   7   2   1                 NaN
   3   7   2   2                 NaN
   3   7   2   3   -0.3965684836E+03
   3   7   2   4   -0.2885996143E+03
   3   7   2   5   -0.1554550852E+03
   3   7   2   6   -0.9040556880E+02
   3   7   3   1                 NaN
   3   7   3   2                 NaN
   3   7   3   3   -0.3965684829E+03
   3   7   3   4   -0.2885996182E+03
   3   7   3   5   -0.1396076676E+03
   3   7   3   6   -0.1062501577E+03
   3   7   4   1   -0.3149116391E+04
   3   7   4   2   -0.1642761510E+04
   3   7   4   3   -0.5633153385E+03
   3   7   4   4   -0.2387947329E+03
   3   7   4   5   -0.2191468450E+03
   3   7   4   6   -0.2191402792E+03
   3   7   5   1                 NaN
   3   7   5   2                 NaN
   3   7   5   3   -0.3084394467E+03
   3   7   5   4   -0.2078817652E+03
   3   7   5   5   -0.1937442887E+03
   3   7   5   6   -0.9948839270E+02
   3   7   6   1   -0.1035874751E+04
   3   7   6   2   -0.1369134373E+04
   3   7   6   3   -0.2548126860E+03
   3   7   6   4   -0.3697057612E+03
   3   7   6   5   -0.5976144900E+03
   3   7   6   6   -0.3461987402E+03
   3   7   7   1   -0.1381419777E+04
   3   7   7   2   -0.1023655267E+04
   3   7   7   3   -0.3582691964E+03
   3   7   7   4   -0.2662344085E+03
   3   7   7   5   -0.3462089791E+03
   3   7   7   6   -0.5975966016E+03
   3   7   8   1                 NaN
   3   7   8   2                 NaN
   3   7   8   3   -0.3084394618E+03
   3   7   8   4   -0.2078817687E+03
   3   7   8   5   -0.1784706327E+03
   3   7   8   6   -0.1147579113E+03
   3   8   1   1    0.0000000000E+00
   3   8   1   2    0.0000000000E+00
   3   8   1   3    0.0000000000E+00
   3   8   1   4   -0.1651084164E+03
   3   8   1   5   -0.1627246340E+03
   3   8   1   6   -0.8079648428E+02
   3   8   2   1                 NaN
   3   8   2   2                 NaN
   3   8   2   3   -0.3084394622E+03
   3   8   2   4   -0.2078817661E+03
   3   8   2   5   -0.1879739383E+03
   3   8   2   6   -0.1052569429E+03
   3   8   3   1                 NaN
   3   8   3   2                 NaN
   3   8   3   3   -0.3084394465E+03
   3   8   3   4   -0.2078817654E+03
   3   8   3   5   -0.1678269270E+03
   3   8   3   6   -0.1253998098E+03
   3   8   4   1   -0.1642761515E+04
   3   8   4   2   -0.3149116389E+04
   3   8   4   3   -0.2387947317E+03
   3   8   4   4   -0.5633153361E+03
   3   8   4   5   -0.2191468439E+03
   3   8   4   6   -0.2191402792E+03
   3   8   5   1                 NaN
   3   8   5   2                 NaN
   3   8   5   3   -0.3965684838E+03
   3   8   5   4   -0.2885996063E+03
   3   8   5   5   -0.1599893312E+03
   3   8   5   6   -0.8587271016E+02
   3   8   6   1   -0.1369232609E+04
   3   8   6   2   -0.1035839440E+04
   3   8   6   3   -0.3696821078E+03
   3   8   6   4   -0.2548222509E+03
   3   8   6   5   -0.3462089745E+03
   3   8   6   6   -0.5975966025E+03
   3   8   7   1   -0.1023695458E+04
   3   8   7   2   -0.1381316660E+04
   3   8   7   3   -0.2662281447E+03
   3   8   7   4   -0.3582895482E+03
   3   8   7   5   -0.5976144905E+03
   3   8   7   6   -0.3461987466E+03
   3   8   8   1                 NaN
   3   8   8   2                 NaN
   3   8   8   3   -0.3965684679E+03
   3   8   8   4   -0.2885996217E+03
   3   8   8   5   -0.1479777435E+03
   3   8   8   6   -0.9788123895E+02
