Dynamical matrix file
                                                                           
  1    2  2  6.7034255  0.0000000  0.0000000  0.0000000  0.0000000  0.0000000
           1  'C   '    10947.3567922507     
    1    1     -0.0000000000     -0.0000000000     -0.0000000000
    2    1     -0.2480438078      0.2480438078      0.2480438078

     Dynamical  Matrix in cartesian axes

     q = (    0.000000000   0.000000000   0.000000000 ) 

    1    1
  0.86262907  0.00000000    0.00000000  0.00000000    0.00000000  0.00000000
 -0.00000000  0.00000000    0.86262907  0.00000000   -0.00000000  0.00000000
 -0.00000000  0.00000000   -0.00000000  0.00000000    0.86262907  0.00000000
    1    2
 -1.21139520  0.00000000    0.00000000  0.00000000    0.00000000  0.00000000
  0.00000000  0.00000000   -1.21139520  0.00000000    0.00000000  0.00000000
  0.00000000  0.00000000    0.00000000  0.00000000   -1.21139520  0.00000000
    2    1
 -1.21139520  0.00000000   -0.00000000  0.00000000    0.00000000  0.00000000
 -0.00000000  0.00000000   -1.21139520  0.00000000    0.00000000  0.00000000
  0.00000000  0.00000000   -0.00000000  0.00000000   -1.21139520  0.00000000
    2    2
  0.86257955  0.00000000    0.00000000  0.00000000    0.00000000  0.00000000
  0.00000000  0.00000000    0.86257955  0.00000000   -0.00000000  0.00000000
  0.00000000  0.00000000   -0.00000000  0.00000000    0.86257955  0.00000000

     Dielectric Tensor:

         15.625497709072         -0.000000000000          0.000000000000
          0.000000000000         15.625497709072          0.000000000000
          0.000000000000          0.000000000000         15.625497709072

     Effective Charges E-U: Z_{alpha}{s,beta}

     atom #    1
         -2.415719451016         -0.000000000000          0.000000000000
         -0.000000000000         -2.415719451016         -0.000000000000
          0.000000000000         -0.000000000000         -2.415719451016
     atom #    2
         -2.415708666112          0.000000000000         -0.000000000000
         -0.000000000000         -2.415708666112         -0.000000000000
          0.000000000000         -0.000000000000         -2.415708666112

     Diagonalizing the dynamical matrix

     q = (    0.000000000   0.000000000   0.000000000 ) 

 **************************************************************************
     freq (    1) =      -0.000001 [THz] =      -0.000026 [cm-1]
 ( -0.393344  0.000000 -0.513209  0.000000  0.286176  0.000000 ) 
 ( -0.393344  0.000000 -0.513209  0.000000  0.286176  0.000000 ) 
     freq (    2) =      -0.000000 [THz] =      -0.000007 [cm-1]
 (  0.234360  0.000000 -0.452818  0.000000 -0.489930  0.000000 ) 
 (  0.234360  0.000000 -0.452818  0.000000 -0.489930  0.000000 ) 
     freq (    3) =       0.000000 [THz] =       0.000008 [cm-1]
 ( -0.538847  0.000000  0.177686  0.000000 -0.421986  0.000000 ) 
 ( -0.538847  0.000000  0.177686  0.000000 -0.421986  0.000000 ) 
     freq (    4) =      48.941618 [THz] =    1632.516645 [cm-1]
 ( -0.645213  0.000000 -0.000000  0.000000 -0.289309  0.000000 ) 
 (  0.645213  0.000000  0.000000  0.000000  0.289309  0.000000 ) 
     freq (    5) =      48.941618 [THz] =    1632.516645 [cm-1]
 (  0.289309  0.000000  0.000000  0.000000 -0.645213  0.000000 ) 
 ( -0.289309  0.000000 -0.000000  0.000000  0.645213  0.000000 ) 
     freq (    6) =      48.941618 [THz] =    1632.516645 [cm-1]
 ( -0.000000  0.000000  0.707107  0.000000 -0.000000  0.000000 ) 
 (  0.000000  0.000000 -0.707107  0.000000  0.000000  0.000000 ) 
 **************************************************************************
