Dynamical matrix file
                                                                           
  1    2  2  6.7034255  0.0000000  0.0000000  0.0000000  0.0000000  0.0000000
           1  'C   '    10947.3567922507     
    1    1     -0.0000000000     -0.0000000000     -0.0000000000
    2    1     -0.2480438078      0.2480438078      0.2480438078

     Dynamical  Matrix in cartesian axes

     q = (    0.503943239  -0.503943239   0.503943239 ) 

    1    1
  0.67297644  0.00000000   -0.09611950  0.00000000    0.09611950  0.00000000
 -0.09611950  0.00000000    0.67297644  0.00000000   -0.09611950  0.00000000
  0.09611950  0.00000000   -0.09611950  0.00000000    0.67297644  0.00000000
    1    2
 -0.64907855  0.00000000   -0.12161420  0.00000000    0.12161420  0.00000000
 -0.12161420  0.00000000   -0.64907855  0.00000000   -0.12161420  0.00000000
  0.12161420  0.00000000   -0.12161420  0.00000000   -0.64907855  0.00000000
    2    1
 -0.64907855  0.00000000   -0.12161420  0.00000000    0.12161420  0.00000000
 -0.12161420  0.00000000   -0.64907855  0.00000000   -0.12161420  0.00000000
  0.12161420  0.00000000   -0.12161420  0.00000000   -0.64907855  0.00000000
    2    2
  0.67292614  0.00000000   -0.09611816  0.00000000    0.09611816  0.00000000
 -0.09611816  0.00000000    0.67292614  0.00000000   -0.09611816  0.00000000
  0.09611816  0.00000000   -0.09611816  0.00000000    0.67292614  0.00000000

     Dynamical  Matrix in cartesian axes

     q = (   -0.503943239  -0.503943239  -0.503943239 ) 

    1    1
  0.67297644  0.00000000    0.09611950  0.00000000    0.09611950  0.00000000
  0.09611950  0.00000000    0.67297644  0.00000000    0.09611950  0.00000000
  0.09611950  0.00000000    0.09611950  0.00000000    0.67297644  0.00000000
    1    2
 -0.64907855  0.00000000    0.12161420 -0.00000000    0.12161420 -0.00000000
  0.12161420 -0.00000000   -0.64907855  0.00000000    0.12161420 -0.00000000
  0.12161420 -0.00000000    0.12161420 -0.00000000   -0.64907855  0.00000000
    2    1
 -0.64907855 -0.00000000    0.12161420  0.00000000    0.12161420  0.00000000
  0.12161420  0.00000000   -0.64907855 -0.00000000    0.12161420  0.00000000
  0.12161420  0.00000000    0.12161420  0.00000000   -0.64907855 -0.00000000
    2    2
  0.67292614  0.00000000    0.09611816  0.00000000    0.09611816  0.00000000
  0.09611816  0.00000000    0.67292614  0.00000000    0.09611816  0.00000000
  0.09611816  0.00000000    0.09611816  0.00000000    0.67292614  0.00000000

     Dynamical  Matrix in cartesian axes

     q = (   -0.503943239   0.503943239   0.503943239 ) 

    1    1
  0.67297644  0.00000000   -0.09611950  0.00000000   -0.09611950  0.00000000
 -0.09611950  0.00000000    0.67297644  0.00000000    0.09611950  0.00000000
 -0.09611950  0.00000000    0.09611950  0.00000000    0.67297644  0.00000000
    1    2
  0.64907855  0.00000000    0.12161420  0.00000000    0.12161420  0.00000000
  0.12161420  0.00000000    0.64907855  0.00000000   -0.12161420 -0.00000000
  0.12161420  0.00000000   -0.12161420 -0.00000000    0.64907855  0.00000000
    2    1
  0.64907855 -0.00000000    0.12161420 -0.00000000    0.12161420 -0.00000000
  0.12161420 -0.00000000    0.64907855 -0.00000000   -0.12161420  0.00000000
  0.12161420 -0.00000000   -0.12161420  0.00000000    0.64907855 -0.00000000
    2    2
  0.67292614  0.00000000   -0.09611816  0.00000000   -0.09611816  0.00000000
 -0.09611816  0.00000000    0.67292614  0.00000000    0.09611816  0.00000000
 -0.09611816  0.00000000    0.09611816  0.00000000    0.67292614  0.00000000

     Dynamical  Matrix in cartesian axes

     q = (    0.503943239   0.503943239  -0.503943239 ) 

    1    1
  0.67297644  0.00000000    0.09611950  0.00000000   -0.09611950  0.00000000
  0.09611950  0.00000000    0.67297644  0.00000000   -0.09611950  0.00000000
 -0.09611950  0.00000000   -0.09611950  0.00000000    0.67297644  0.00000000
    1    2
 -0.64907855  0.00000000    0.12161420 -0.00000000   -0.12161420  0.00000000
  0.12161420 -0.00000000   -0.64907855  0.00000000   -0.12161420  0.00000000
 -0.12161420  0.00000000   -0.12161420  0.00000000   -0.64907855  0.00000000
    2    1
 -0.64907855 -0.00000000    0.12161420  0.00000000   -0.12161420 -0.00000000
  0.12161420  0.00000000   -0.64907855 -0.00000000   -0.12161420 -0.00000000
 -0.12161420 -0.00000000   -0.12161420 -0.00000000   -0.64907855 -0.00000000
    2    2
  0.67292614  0.00000000    0.09611816  0.00000000   -0.09611816  0.00000000
  0.09611816  0.00000000    0.67292614  0.00000000   -0.09611816  0.00000000
 -0.09611816  0.00000000   -0.09611816  0.00000000    0.67292614  0.00000000

     Diagonalizing the dynamical matrix

     q = (    0.503943239  -0.503943239   0.503943239 ) 

 **************************************************************************
     freq (    1) =     -13.844103 [THz] =    -461.789581 [cm-1]
 ( -0.437820  0.000000  0.107015  0.000000  0.544835  0.000000 ) 
 ( -0.437834  0.000000  0.107019  0.000000  0.544853  0.000000 ) 
     freq (    2) =     -13.844103 [THz] =    -461.789581 [cm-1]
 ( -0.376346  0.000000 -0.567336  0.000000 -0.190990  0.000000 ) 
 ( -0.376358  0.000000 -0.567354  0.000000 -0.190996  0.000000 ) 
     freq (    3) =      21.310173 [THz] =     710.830844 [cm-1]
 ( -0.408235  0.000000  0.408235  0.000000 -0.408235  0.000000 ) 
 ( -0.408262  0.000000  0.408262  0.000000 -0.408262  0.000000 ) 
     freq (    4) =      35.448663 [THz] =    1182.440105 [cm-1]
 (  0.408262  0.000000 -0.408262  0.000000  0.408262  0.000000 ) 
 ( -0.408235  0.000000  0.408235  0.000000 -0.408235  0.000000 ) 
     freq (    5) =      36.499663 [THz] =    1217.497691 [cm-1]
 ( -0.234493  0.000000  0.339665  0.000000  0.574158  0.000000 ) 
 (  0.234486  0.000000 -0.339654  0.000000 -0.574139  0.000000 ) 
     freq (    6) =      36.499663 [THz] =    1217.497691 [cm-1]
 (  0.527595  0.000000  0.466875  0.000000 -0.060721  0.000000 ) 
 ( -0.527579  0.000000 -0.466860  0.000000  0.060719  0.000000 ) 
 **************************************************************************
