Dynamical matrix file
                                                                           
  1    2  2  6.7034255  0.0000000  0.0000000  0.0000000  0.0000000  0.0000000
           1  'C   '    10947.3567922507     
    1    1     -0.0000000000     -0.0000000000     -0.0000000000
    2    1     -0.2480438078      0.2480438078      0.2480438078

     Dynamical  Matrix in cartesian axes

     q = (    0.000000000  -1.007886479   0.000000000 ) 

    1    1
  0.40242700  0.00000000    0.00000000  0.00000000    0.00000000  0.00000000
  0.00000000  0.00000000    0.98142929  0.00000000    0.00000000  0.00000000
  0.00000000  0.00000000    0.00000000  0.00000000    0.40242700  0.00000000
    1    2
  0.00000000 -0.00000000    0.00000000  0.00000000    0.36333597 -0.00000000
  0.00000000 -0.00000000   -0.00000000 -0.00000000    0.00000000 -0.00000000
  0.36333597 -0.00000000   -0.00000000 -0.00000000    0.00000000 -0.00000000
    2    1
  0.00000000  0.00000000    0.00000000 -0.00000000    0.36333597  0.00000000
 -0.00000000  0.00000000   -0.00000000  0.00000000    0.00000000 -0.00000000
  0.36333597  0.00000000   -0.00000000  0.00000000    0.00000000  0.00000000
    2    2
  0.40237977  0.00000000    0.00000000  0.00000000    0.00000000  0.00000000
  0.00000000  0.00000000    0.98137224  0.00000000    0.00000000  0.00000000
  0.00000000  0.00000000    0.00000000  0.00000000    0.40237977  0.00000000

     Dynamical  Matrix in cartesian axes

     q = (    0.000000000  -0.000000000  -1.007886479 ) 

    1    1
  0.40242700  0.00000000    0.00000000  0.00000000   -0.00000000  0.00000000
  0.00000000  0.00000000    0.40242700  0.00000000   -0.00000000  0.00000000
 -0.00000000  0.00000000   -0.00000000  0.00000000    0.98142929  0.00000000
    1    2
  0.00000000 -0.00000000    0.36333597 -0.00000000    0.00000000  0.00000000
  0.36333597 -0.00000000   -0.00000000 -0.00000000    0.00000000  0.00000000
  0.00000000  0.00000000    0.00000000  0.00000000    0.00000000 -0.00000000
    2    1
 -0.00000000  0.00000000    0.36333597  0.00000000    0.00000000  0.00000000
  0.36333597  0.00000000    0.00000000  0.00000000    0.00000000  0.00000000
 -0.00000000  0.00000000    0.00000000  0.00000000    0.00000000  0.00000000
    2    2
  0.40237977  0.00000000    0.00000000  0.00000000    0.00000000  0.00000000
  0.00000000  0.00000000    0.40237977  0.00000000    0.00000000  0.00000000
  0.00000000  0.00000000    0.00000000  0.00000000    0.98137224  0.00000000

     Dynamical  Matrix in cartesian axes

     q = (    1.007886479   0.000000000   0.000000000 ) 

    1    1
  0.98142929  0.00000000    0.00000000  0.00000000   -0.00000000  0.00000000
  0.00000000  0.00000000    0.40242700  0.00000000   -0.00000000  0.00000000
  0.00000000  0.00000000   -0.00000000  0.00000000    0.40242700  0.00000000
    1    2
  0.00000000 -0.00000000    0.00000000  0.00000000   -0.00000000  0.00000000
 -0.00000000 -0.00000000   -0.00000000 -0.00000000   -0.36333597  0.00000000
  0.00000000  0.00000000   -0.36333597  0.00000000    0.00000000 -0.00000000
    2    1
  0.00000000  0.00000000   -0.00000000  0.00000000    0.00000000  0.00000000
  0.00000000  0.00000000   -0.00000000  0.00000000   -0.36333597 -0.00000000
 -0.00000000 -0.00000000   -0.36333597 -0.00000000   -0.00000000  0.00000000
    2    2
  0.98137224  0.00000000    0.00000000  0.00000000   -0.00000000  0.00000000
  0.00000000  0.00000000    0.40237977  0.00000000    0.00000000  0.00000000
 -0.00000000  0.00000000    0.00000000  0.00000000    0.40237977  0.00000000

     Diagonalizing the dynamical matrix

     q = (    0.000000000  -1.007886479   0.000000000 ) 

 **************************************************************************
     freq (    1) =       6.214808 [THz] =     207.303668 [cm-1]
 (  0.689648 -0.000000 -0.000000  0.000000 -0.156054  0.000000 ) 
 (  0.156064 -0.000000  0.000000 -0.000000 -0.689693  0.000000 ) 
     freq (    2) =       6.214808 [THz] =     207.303668 [cm-1]
 (  0.156054 -0.000000 -0.000000  0.000000  0.689648 -0.000000 ) 
 ( -0.689693  0.000000 -0.000000 -0.000000 -0.156064  0.000000 ) 
     freq (    3) =      27.514453 [THz] =     917.783363 [cm-1]
 ( -0.702256  0.000000  0.000000 -0.000000  0.082878 -0.000000 ) 
 (  0.082873  0.000000 -0.000000  0.000000 -0.702211  0.000000 ) 
     freq (    4) =      27.514453 [THz] =     917.783363 [cm-1]
 ( -0.082878  0.000000 -0.000000  0.000000 -0.702256  0.000000 ) 
 ( -0.702211 -0.000000 -0.000000 -0.000000 -0.082873  0.000000 ) 
     freq (    5) =      31.148510 [THz] =    1039.002471 [cm-1]
 (  0.000000 -0.000000 -0.000000 -0.000000  0.000000 -0.000000 ) 
 (  0.000000 -0.000000 -1.000000  0.000000  0.000000  0.000000 ) 
     freq (    6) =      31.149416 [THz] =    1039.032669 [cm-1]
 ( -0.000000  0.000000 -1.000000  0.000000  0.000000 -0.000000 ) 
 (  0.000000 -0.000000  0.000000 -0.000000 -0.000000  0.000000 ) 
 **************************************************************************
