 ikr ibn iq imode EPCE[meV]
   1   1   1   1    0.0000000000E+00
   1   1   1   2    0.0000000000E+00
   1   1   1   3    0.0000000000E+00
   1   1   1   4    0.5311873385E+01
   1   1   1   5    0.5311873312E+01
   1   1   1   6    0.5311873157E+01
   1   1   2   1   -0.1877851290E+02
   1   1   2   2   -0.1877851272E+02
   1   1   2   3    0.1219941650E+02
   1   1   2   4    0.7333751190E+01
   1   1   2   5    0.7122577405E+01
   1   1   2   6    0.7122577437E+01
   1   1   3   1   -0.1877851270E+02
   1   1   3   2   -0.1877851270E+02
   1   1   3   3    0.1219941663E+02
   1   1   3   4    0.7333751271E+01
   1   1   3   5    0.7122577443E+01
   1   1   3   6    0.7122577320E+01
   1   1   4   1    0.4183100896E+02
   1   1   4   2    0.4183100959E+02
   1   1   4   3    0.9448549562E+01
   1   1   4   4    0.9448549700E+01
   1   1   4   5    0.8346174276E+01
   1   1   4   6    0.8345981074E+01
   1   1   5   1   -0.1877851294E+02
   1   1   5   2   -0.1877851263E+02
   1   1   5   3    0.1219941652E+02
   1   1   5   4    0.7333751206E+01
   1   1   5   5    0.7122577401E+01
   1   1   5   6    0.7122577426E+01
   1   1   6   1    0.4183100856E+02
   1   1   6   2    0.4183100821E+02
   1   1   6   3    0.9448549465E+01
   1   1   6   4    0.9448549396E+01
   1   1   6   5    0.8346174683E+01
   1   1   6   6    0.8345981376E+01
   1   1   7   1    0.4183100863E+02
   1   1   7   2    0.4183100868E+02
   1   1   7   3    0.9448549497E+01
   1   1   7   4    0.9448549484E+01
   1   1   7   5    0.8346174465E+01
   1   1   7   6    0.8345981381E+01
   1   1   8   1   -0.1877851251E+02
   1   1   8   2   -0.1877851311E+02
   1   1   8   3    0.1219941650E+02
   1   1   8   4    0.7333751189E+01
   1   1   8   5    0.7122577359E+01
   1   1   8   6    0.7122577483E+01
   1   2   1   1    0.0000000000E+00
   1   2   1   2    0.0000000000E+00
   1   2   1   3    0.0000000000E+00
   1   2   1   4    0.1065723094E+03
   1   2   1   5    0.1147243486E+03
   1   2   1   6    0.8363472198E+02
   1   2   2   1   -0.4891620234E+03
   1   2   2   2   -0.2675605108E+03
   1   2   2   3    0.2087120621E+03
   1   2   2   4    0.1254684872E+03
   1   2   2   5    0.1881446729E+03
   1   2   2   6    0.9887565136E+02
   1   2   3   1   -0.5272902111E+03
   1   2   3   2   -0.2440039452E+03
   1   2   3   3    0.1992456422E+03
   1   2   3   4    0.1197776931E+03
   1   2   3   5    0.1340939930E+03
   1   2   3   6    0.1584532602E+03
   1   2   4   1    0.9365819803E+03
   1   2   4   2    0.8061294794E+03
   1   2   4   3    0.2047859579E+03
   1   2   4   4    0.1888477603E+03
   1   2   4   5    0.1314098284E+03
   1   2   4   6    0.1314058923E+03
   1   2   5   1   -0.3343627503E+03
   1   2   5   2   -0.4880361429E+03
   1   2   5   3    0.1660455704E+03
   1   2   5   4    0.9981927406E+02
   1   2   5   5    0.1483398259E+03
   1   2   5   6    0.1635911480E+03
   1   2   6   1    0.7652246274E+03
   1   2   6   2    0.6429307712E+03
   1   2   6   3    0.1613067230E+03
   1   2   6   4    0.1567593815E+03
   1   2   6   5    0.1981608457E+03
   1   2   6   6    0.1981554059E+03
   1   2   7   1    0.7083088084E+03
   1   2   7   2    0.9434943337E+03
   1   2   7   3    0.1491313022E+03
   1   2   7   4    0.2239685640E+03
   1   2   7   5    0.1495479630E+03
   1   2   7   6    0.1495436172E+03
   1   2   8   1   -0.1960658965E+03
   1   2   8   2   -0.3281643101E+03
   1   2   8   3    0.3597501545E+03
   1   2   8   4    0.2162659274E+03
   1   2   8   5    0.8943960067E+02
   1   2   8   6    0.1093977764E+03
   1   3   1   1    0.0000000000E+00
   1   3   1   2    0.0000000000E+00
   1   3   1   3    0.0000000000E+00
   1   3   1   4    0.1259408027E+03
   1   3   1   5    0.8907909762E+02
   1   3   1   6    0.8991152591E+02
   1   3   2   1   -0.2665919089E+03
   1   3   2   2   -0.3238133977E+03
   1   3   2   3    0.3167597628E+03
   1   3   2   4    0.1904219999E+03
   1   3   2   5    0.1316176502E+03
   1   3   2   6    0.9231954589E+02
   1   3   3   1   -0.3460499739E+03
   1   3   3   2   -0.3083040854E+03
   1   3   3   3    0.2752156065E+03
   1   3   3   4    0.1654474852E+03
   1   3   3   5    0.9575946894E+02
   1   3   3   6    0.1524331060E+03
   1   3   4   1    0.7081442474E+03
   1   3   4   2    0.9851377370E+03
   1   3   4   3    0.1743159460E+03
   1   3   4   4    0.2081529244E+03
   1   3   4   5    0.1412721284E+03
   1   3   4   6    0.1412679688E+03
   1   3   5   1   -0.4846664773E+03
   1   3   5   2   -0.3726215870E+03
   1   3   5   3    0.1433800087E+03
   1   3   5   4    0.8619373795E+02
   1   3   5   5    0.1590180696E+03
   1   3   5   6    0.1661461578E+03
   1   3   6   1    0.8532711074E+03
   1   3   6   2    0.8443436962E+03
   1   3   6   3    0.1918921697E+03
   1   3   6   4    0.1915553731E+03
   1   3   6   5    0.1404076392E+03
   1   3   6   6    0.1404034992E+03
   1   3   7   1    0.6500024314E+03
   1   3   7   2    0.7617715081E+03
   1   3   7   3    0.1416565621E+03
   1   3   7   4    0.1772268778E+03
   1   3   7   5    0.1974389448E+03
   1   3   7   6    0.1974335172E+03
   1   3   8   1   -0.2825590391E+03
   1   3   8   2   -0.4900397562E+03
   1   3   8   3    0.1983981926E+03
   1   3   8   4    0.1192682437E+03
   1   3   8   5    0.1701694848E+03
   1   3   8   6    0.1228726102E+03
   1   4   1   1    0.0000000000E+00
   1   4   1   2    0.0000000000E+00
   1   4   1   3    0.0000000000E+00
   1   4   1   4    0.7241852291E+02
   1   4   1   5    0.1011277300E+03
   1   4   1   6    0.1313850258E+03
   1   4   2   1   -0.3222366412E+03
   1   4   2   2   -0.4866189127E+03
   1   4   2   3    0.1748437362E+03
   1   4   2   4    0.1051083434E+03
   1   4   2   5    0.8911275261E+02
   1   4   2   6    0.2176813138E+03
   1   4   3   1   -0.2046500036E+03
   1   4   3   2   -0.5256854043E+03
   1   4   3   3    0.2258541639E+03
   1   4   3   4    0.1357735628E+03
   1   4   3   5    0.1790225770E+03
   1   4   3   6    0.9798926840E+02
   1   4   4   1    0.7566079706E+03
   1   4   4   2    0.6100689891E+03
   1   4   4   3    0.1632978646E+03
   1   4   4   4    0.1453993268E+03
   1   4   4   5    0.2064365146E+03
   1   4   4   6    0.2064308858E+03
   1   4   5   1   -0.2589630349E+03
   1   4   5   2   -0.2173328340E+03
   1   4   5   3    0.3908903513E+03
   1   4   5   4    0.2349860404E+03
   1   4   5   5    0.1015176060E+03
   1   4   5   6    0.7913856394E+02
   1   4   6   1    0.7828379540E+03
   1   4   6   2    0.9140611326E+03
   1   4   6   3    0.1892008349E+03
   1   4   6   4    0.1940850459E+03
   1   4   6   5    0.1405502071E+03
   1   4   6   6    0.1405460661E+03
   1   4   7   1    0.1043024970E+04
   1   4   7   2    0.6960673889E+03
   1   4   7   3    0.2516123905E+03
   1   4   7   4    0.1412038658E+03
   1   4   7   5    0.1321317578E+03
   1   4   7   6    0.1321278028E+03
   1   4   8   1   -0.5993687698E+03
   1   4   8   2   -0.2597892349E+03
   1   4   8   3    0.1421648677E+03
   1   4   8   4    0.8546324878E+02
   1   4   8   5    0.1492674242E+03
   1   4   8   6    0.1766060605E+03
   1   5   1   1    0.0000000000E+00
   1   5   1   2    0.0000000000E+00
   1   5   1   3    0.0000000000E+00
   1   5   1   4    0.5325238298E+02
   1   5   1   5    0.1608764868E+03
   1   5   1   6    0.5979558940E+02
   1   5   2   1   -0.6250611339E+03
   1   5   2   2   -0.1746323884E+03
   1   5   2   3    0.1095845839E+03
   1   5   2   4    0.6587741894E+02
   1   5   2   5    0.2246558685E+03
   1   5   2   6    0.7866309412E+02
   1   5   3   1   -0.4208133006E+03
   1   5   3   2   -0.3475069283E+03
   1   5   3   3    0.1299661699E+03
   1   5   3   4    0.7812992960E+02
   1   5   3   5    0.1907867831E+03
   1   5   3   6    0.1006324773E+03
   1   5   4   1    0.1042264936E+04
   1   5   4   2    0.6440001822E+03
   1   5   4   3    0.2147605952E+03
   1   5   4   4    0.1661233452E+03
   1   5   4   5    0.9395350535E+02
   1   5   4   6    0.9394956355E+02
   1   5   5   1   -0.2826214240E+03
   1   5   5   2   -0.3532408522E+03
   1   5   5   3    0.2160171665E+03
   1   5   5   4    0.1298599938E+03
   1   5   5   5    0.1478221508E+03
   1   5   5   6    0.9335660158E+02
   1   5   6   1    0.7782058522E+03
   1   5   6   2    0.6537053400E+03
   1   5   6   3    0.1640339649E+03
   1   5   6   4    0.1593979625E+03
   1   5   6   5    0.1447027142E+03
   1   5   6   6    0.1446971981E+03
   1   5   7   1    0.5130784619E+03
   1   5   7   2    0.6830561474E+03
   1   5   7   3    0.1080443800E+03
   1   5   7   4    0.1621316785E+03
   1   5   7   5    0.1917453361E+03
   1   5   7   6    0.1917383566E+03
   1   5   8   1   -0.2126317585E+03
   1   5   8   2   -0.1658298971E+03
   1   5   8   3    0.3832368727E+03
   1   5   8   4    0.2303851065E+03
   1   5   8   5    0.7832926084E+02
   1   5   8   6    0.6521897799E+02
   1   6   1   1    0.0000000000E+00
   1   6   1   2    0.0000000000E+00
   1   6   1   3    0.0000000000E+00
   1   6   1   4    0.1726335090E+03
   1   6   1   5    0.5284075977E+02
   1   6   1   6    0.4845666340E+02
   1   6   2   1   -0.1633126547E+03
   1   6   2   2   -0.3467768497E+03
   1   6   2   3    0.2977400172E+03
   1   6   2   4    0.1789881675E+03
   1   6   2   5    0.7370165206E+02
   1   6   2   6    0.1197722413E+03
   1   6   3   1   -0.2880883226E+03
   1   6   3   2   -0.1894378017E+03
   1   6   3   3    0.3188947404E+03
   1   6   3   4    0.1917054541E+03
   1   6   3   5    0.6166719111E+02
   1   6   3   6    0.1194556073E+03
   1   6   4   1    0.6694390585E+03
   1   6   4   2    0.1106171091E+04
   1   6   4   3    0.1738650748E+03
   1   6   4   4    0.2271996114E+03
   1   6   4   5    0.7613737526E+02
   1   6   4   6    0.7613398540E+02
   1   6   5   1   -0.4931966431E+03
   1   6   5   2   -0.3037668583E+03
   1   6   5   3    0.1113730016E+03
   1   6   5   4    0.6695253680E+02
   1   6   5   5    0.1261707522E+03
   1   6   5   6    0.1761127298E+03
   1   6   6   1    0.5716385749E+03
   1   6   6   2    0.5579883678E+03
   1   6   6   3    0.1278336178E+03
   1   6   6   4    0.1273200685E+03
   1   6   6   5    0.2050252478E+03
   1   6   6   6    0.2050178620E+03
   1   6   7   1    0.7171338501E+03
   1   6   7   2    0.6920419271E+03
   1   6   7   3    0.1631506732E+03
   1   6   7   4    0.1551459084E+03
   1   6   7   5    0.1492491001E+03
   1   6   7   6    0.1492434441E+03
   1   6   8   1   -0.1693323404E+03
   1   6   8   2   -0.6284872348E+03
   1   6   8   3    0.1108168553E+03
   1   6   8   4    0.6661820616E+02
   1   6   8   5    0.1307364708E+03
   1   6   8   6    0.1718717149E+03
   1   7   1   1    0.0000000000E+00
   1   7   1   2    0.0000000000E+00
   1   7   1   3    0.0000000000E+00
   1   7   1   4    0.4804485891E+02
   1   7   1   5    0.6020664896E+02
   1   7   1   6    0.1656875294E+03
   1   7   2   1   -0.1799990876E+03
   1   7   2   2   -0.4470090391E+03
   1   7   2   3    0.2218027245E+03
   1   7   2   4    0.1333380161E+03
   1   7   2   5    0.6894229124E+02
   1   7   2   6    0.1688781353E+03
   1   7   3   1   -0.2594984247E+03
   1   7   3   2   -0.4314556719E+03
   1   7   3   3    0.1802603761E+03
   1   7   3   4    0.1083645883E+03
   1   7   3   5    0.1148481212E+03
   1   7   3   6    0.1472266285E+03
   1   7   4   1    0.4454638509E+03
   1   7   4   2    0.4070169097E+03
   1   7   4   3    0.9862414690E+02
   1   7   4   4    0.9392934166E+02
   1   7   4   5    0.2603347481E+03
   1   7   4   6    0.2603256479E+03
   1   7   5   1   -0.1925738673E+03
   1   7   5   2   -0.3113999150E+03
   1   7   5   3    0.3017316962E+03
   1   7   5   4    0.1813877889E+03
   1   7   5   5    0.9331265724E+02
   1   7   5   6    0.9784157942E+02
   1   7   6   1    0.8073691305E+03
   1   7   6   2    0.9455328310E+03
   1   7   6   3    0.1953927253E+03
   1   7   6   4    0.2005427650E+03
   1   7   6   5    0.8068089338E+02
   1   7   6   6    0.8067736364E+02
   1   7   7   1    0.9270261027E+03
   1   7   7   2    0.7821317010E+03
   1   7   7   3    0.2160700451E+03
   1   7   7   4    0.1699847645E+03
   1   7   7   5    0.8940881742E+02
   1   7   7   6    0.8940501424E+02
   1   7   8   1   -0.5864580797E+03
   1   7   8   2   -0.1740810288E+03
   1   7   8   3    0.1350546371E+03
   1   7   8   4    0.8118889168E+02
   1   7   8   5    0.1582466740E+03
   1   7   8   6    0.1302212540E+03
   1   8   1   1    0.0000000000E+00
   1   8   1   2    0.0000000000E+00
   1   8   1   3    0.0000000000E+00
   1   8   1   4    0.5463969008E+01
   1   8   1   5    0.5463971875E+01
   1   8   1   6    0.5463970548E+01
   1   8   2   1   -0.1931620852E+02
   1   8   2   2   -0.1931620352E+02
   1   8   2   3    0.1254872800E+02
   1   8   2   4    0.7543741823E+01
   1   8   2   5    0.7326522302E+01
   1   8   2   6    0.7326520136E+01
   1   8   3   1   -0.1931620334E+02
   1   8   3   2   -0.1931621158E+02
   1   8   3   3    0.1254872613E+02
   1   8   3   4    0.7543740701E+01
   1   8   3   5    0.7326522758E+01
   1   8   3   6    0.7326520769E+01
   1   8   4   1    0.4302877652E+02
   1   8   4   2    0.4302877183E+02
   1   8   4   3    0.9719094257E+01
   1   8   4   4    0.9719093511E+01
   1   8   4   5    0.8585470095E+01
   1   8   4   6    0.8584639689E+01
   1   8   5   1   -0.1931620651E+02
   1   8   5   2   -0.1931620372E+02
   1   8   5   3    0.1254872918E+02
   1   8   5   4    0.7543742531E+01
   1   8   5   5    0.7326521695E+01
   1   8   5   6    0.7326520055E+01
   1   8   6   1    0.4302878024E+02
   1   8   6   2    0.4302878167E+02
   1   8   6   3    0.9719095453E+01
   1   8   6   4    0.9719095378E+01
   1   8   6   5    0.8585466938E+01
   1   8   6   6    0.8584637435E+01
   1   8   7   1    0.4302876890E+02
   1   8   7   2    0.4302876756E+02
   1   8   7   3    0.9719092632E+01
   1   8   7   4    0.9719092452E+01
   1   8   7   5    0.8585472332E+01
   1   8   7   6    0.8584642195E+01
   1   8   8   1   -0.1931620943E+02
   1   8   8   2   -0.1931620277E+02
   1   8   8   3    0.1254872789E+02
   1   8   8   4    0.7543741760E+01
   1   8   8   5    0.7326522983E+01
   1   8   8   6    0.7326519515E+01
   2   1   1   1    0.0000000000E+00
   2   1   1   2    0.0000000000E+00
   2   1   1   3    0.0000000000E+00
   2   1   1   4    0.1566657298E+02
   2   1   1   5    0.9100826775E+01
   2   1   1   6    0.1238369975E+02
   2   1   2   1   -0.2823553347E+02
   2   1   2   2   -0.2823553363E+02
   2   1   2   3    0.4863609702E+02
   2   1   2   4    0.2923787661E+02
   2   1   2   5    0.1070956871E+02
   2   1   2   6    0.1070956877E+02
   2   1   3   1   -0.5331513291E+02
   2   1   3   2   -0.4460465820E+02
   2   1   3   3    0.2170903122E+02
   2   1   3   4    0.1305051217E+02
   2   1   3   5    0.1213592157E+02
   2   1   3   6    0.2500446863E+02
   2   1   4   1    0.8261530703E+02
   2   1   4   2    0.1124279971E+03
   2   1   4   3    0.2020703984E+02
   2   1   4   4    0.2384822850E+02
   2   1   4   5    0.1945769243E+02
   2   1   4   6    0.1945713741E+02
   2   1   5   1   -0.3859771504E+02
   2   1   5   2   -0.5932207621E+02
   2   1   5   3    0.2170903113E+02
   2   1   5   4    0.1305051212E+02
   2   1   5   5    0.1113017953E+02
   2   1   5   6    0.2601021072E+02
   2   1   6   1    0.8858441296E+02
   2   1   6   2    0.1064588909E+03
   2   1   6   3    0.2169543120E+02
   2   1   6   4    0.2235983707E+02
   2   1   6   5    0.1945769233E+02
   2   1   6   6    0.1945713763E+02
   2   1   7   1    0.8193783457E+02
   2   1   7   2    0.1131054678E+03
   2   1   7   3    0.1706812900E+02
   2   1   7   4    0.2698713895E+02
   2   1   7   5    0.1945769298E+02
   2   1   7   6    0.1945713754E+02
   2   1   8   1   -0.4610128168E+02
   2   1   8   2   -0.5181851015E+02
   2   1   8   3    0.2170903075E+02
   2   1   8   4    0.1305051189E+02
   2   1   8   5    0.2530915417E+02
   2   1   8   6    0.1183123631E+02
   2   2   1   1    0.0000000000E+00
   2   2   1   2    0.0000000000E+00
   2   2   1   3    0.0000000000E+00
   2   2   1   4    0.4559925626E+02
   2   2   1   5    0.2560486518E+02
   2   2   1   6    0.3560206021E+02
   2   2   2   1   -0.7852698956E+02
   2   2   2   2   -0.7852698954E+02
   2   2   2   3    0.1432647147E+03
   2   2   2   4    0.8612442834E+02
   2   2   2   5    0.2978481675E+02
   2   2   2   6    0.2978481672E+02
   2   2   3   1   -0.1549008393E+03
   2   2   3   2   -0.1283751916E+03
   2   2   3   3    0.6126485645E+02
   2   2   3   4    0.3682972983E+02
   2   2   3   5    0.3412842823E+02
   2   2   3   6    0.7331647340E+02
   2   2   4   1    0.2349726024E+03
   2   2   4   2    0.3257599432E+03
   2   2   4   3    0.5778335283E+02
   2   2   4   4    0.6887171423E+02
   2   2   4   5    0.5593924689E+02
   2   2   4   6    0.5593750586E+02
   2   2   5   1   -0.1100825032E+03
   2   2   5   2   -0.1731935301E+03
   2   2   5   3    0.6126485491E+02
   2   2   5   4    0.3682972890E+02
   2   2   5   5    0.3106568494E+02
   2   2   5   6    0.7637921760E+02
   2   2   6   1    0.2531500790E+03
   2   2   6   2    0.3075824590E+03
   2   2   6   3    0.6231589054E+02
   2   2   6   4    0.6433917478E+02
   2   2   6   5    0.5593924821E+02
   2   2   6   6    0.5593750760E+02
   2   2   7   1    0.2329095307E+03
   2   2   7   2    0.3278230146E+03
   2   2   7   3    0.4822456144E+02
   2   2   7   4    0.7843050553E+02
   2   2   7   5    0.5593924507E+02
   2   2   7   6    0.5593750782E+02
   2   2   8   1   -0.1329327965E+03
   2   2   8   2   -0.1503432345E+03
   2   2   8   3    0.6126485641E+02
   2   2   8   4    0.3682972980E+02
   2   2   8   5    0.7424431779E+02
   2   2   8   6    0.3320058387E+02
   2   3   1   1    0.0000000000E+00
   2   3   1   2    0.0000000000E+00
   2   3   1   3    0.0000000000E+00
   2   3   1   4    0.7071004637E+02
   2   3   1   5    0.1527966264E+03
   2   3   1   6    0.4926235002E+02
   2   3   2   1   -0.5791437494E+03
   2   3   2   2   -0.2187517399E+03
   2   3   2   3    0.1080990600E+03
   2   3   2   4    0.6498438752E+02
   2   3   2   5    0.1684642579E+03
   2   3   2   6    0.1341727216E+03
   2   3   3   1   -0.3294664125E+03
   2   3   3   2   -0.4305267083E+03
   2   3   3   3    0.1327222442E+03
   2   3   3   4    0.7978675998E+02
   2   3   3   5    0.2131797838E+03
   2   3   3   6    0.7508105443E+02
   2   3   4   1    0.1075816277E+04
   2   3   4   2    0.6842990512E+03
   2   3   4   3    0.2226920182E+03
   2   3   4   4    0.1748727864E+03
   2   3   4   5    0.7740298607E+02
   2   3   4   6    0.7740018323E+02
   2   3   5   1   -0.2277296712E+03
   2   3   5   2   -0.2664419799E+03
   2   3   5   3    0.3054125351E+03
   2   3   5   4    0.1836005470E+03
   2   3   5   5    0.1015881018E+03
   2   3   5   6    0.8584824526E+02
   2   3   6   1    0.6244709900E+03
   2   3   6   2    0.6190270909E+03
   2   3   6   3    0.1405423907E+03
   2   3   6   4    0.1403318586E+03
   2   3   6   5    0.1804791329E+03
   2   3   6   6    0.1804738715E+03
   2   3   7   1    0.6699654005E+03
   2   3   7   2    0.6225339837E+03
   2   3   7   3    0.1535262774E+03
   2   3   7   4    0.1384161066E+03
   2   3   7   5    0.1707023311E+03
   2   3   7   6    0.1706972986E+03
   2   3   8   1   -0.3148480607E+03
   2   3   8   2   -0.2045368439E+03
   2   3   8   3    0.2890328045E+03
   2   3   8   4    0.1737537753E+03
   2   3   8   5    0.9031553947E+02
   2   3   8   6    0.1066840436E+03
   2   4   1   1    0.0000000000E+00
   2   4   1   2    0.0000000000E+00
   2   4   1   3    0.0000000000E+00
   2   4   1   4    0.7839135418E+02
   2   4   1   5    0.6179411219E+02
   2   4   1   6    0.1325834772E+03
   2   4   2   1   -0.2187523839E+03
   2   4   2   2   -0.5791431335E+03
   2   4   2   3    0.1080988597E+03
   2   4   2   4    0.6498426715E+02
   2   4   2   5    0.1341728350E+03
   2   4   2   6    0.1684641552E+03
   2   4   3   1   -0.2182761182E+03
   2   4   3   2   -0.2040974265E+03
   2   4   3   3    0.3520558236E+03
   2   4   3   4    0.2116404350E+03
   2   4   3   5    0.7523044352E+02
   2   4   3   6    0.8497331189E+02
   2   4   4   1    0.5049034675E+03
   2   4   4   2    0.5990572562E+03
   2   4   4   3    0.1189278799E+03
   2   4   4   4    0.1304284675E+03
   2   4   4   5    0.2083196864E+03
   2   4   4   6    0.2083137559E+03
   2   4   5   1   -0.4668094032E+03
   2   4   5   2   -0.2213849703E+03
   2   4   5   3    0.1793659492E+03
   2   4   5   4    0.1078268983E+03
   2   4   5   5    0.1968534599E+03
   2   4   5   6    0.6417454347E+02
   2   4   6   1    0.8967093748E+03
   2   4   6   2    0.7238668148E+03
   2   4   6   3    0.1862314946E+03
   2   4   6   4    0.1798150058E+03
   2   4   6   5    0.1052438917E+03
   2   4   6   6    0.1052404264E+03
   2   4   7   1    0.9175101087E+03
   2   4   7   2    0.6540645234E+03
   2   4   7   3    0.2194019249E+03
   2   4   7   4    0.1355763833E+03
   2   4   7   5    0.1150207472E+03
   2   4   7   6    0.1150170470E+03
   2   4   8   1   -0.3048477635E+03
   2   4   8   2   -0.3581332197E+03
   2   4   8   3    0.1957457687E+03
   2   4   8   4    0.1176737235E+03
   2   4   8   5    0.6669984579E+02
   2   4   8   6    0.1847648697E+03
   2   5   1   1    0.0000000000E+00
   2   5   1   2    0.0000000000E+00
   2   5   1   3    0.0000000000E+00
   2   5   1   4    0.8015382831E+02
   2   5   1   5    0.5027389153E+02
   2   5   1   6    0.1243347591E+03
   2   5   2   1   -0.1703771712E+03
   2   5   2   2   -0.5585085171E+03
   2   5   2   3    0.1115767150E+03
   2   5   2   4    0.6707500033E+02
   2   5   2   5    0.1277492696E+03
   2   5   2   6    0.1487127058E+03
   2   5   3   1   -0.1988512630E+03
   2   5   3   2   -0.1508857005E+03
   2   5   3   3    0.3578897898E+03
   2   5   3   4    0.2151475583E+03
   2   5   3   5    0.5149276365E+02
   2   5   3   6    0.8116037158E+02
   2   5   4   1    0.4256499274E+03
   2   5   4   2    0.6014685300E+03
   2   5   4   3    0.1052618035E+03
   2   5   4   4    0.1267378514E+03
   2   5   4   5    0.1953583843E+03
   2   5   4   6    0.1953540918E+03
   2   5   5   1   -0.4891828076E+03
   2   5   5   2   -0.2074088842E+03
   2   5   5   3    0.1325564337E+03
   2   5   5   4    0.7968708200E+02
   2   5   5   5    0.2001622611E+03
   2   5   5   6    0.6405079490E+02
   2   5   6   1    0.8693992760E+03
   2   5   6   2    0.6756363883E+03
   2   5   6   3    0.1780891938E+03
   2   5   6   4    0.1708946440E+03
   2   5   6   5    0.9202353959E+02
   2   5   6   6    0.9202036836E+02
   2   5   7   1    0.8363817922E+03
   2   5   7   2    0.6039737676E+03
   2   5   7   3    0.1996437762E+03
   2   5   7   4    0.1256955170E+03
   2   5   7   5    0.1129093148E+03
   2   5   7   6    0.1129059169E+03
   2   5   8   1   -0.2483308993E+03
   2   5   8   2   -0.3781488280E+03
   2   5   8   3    0.1781045060E+03
   2   5   8   4    0.1070685744E+03
   2   5   8   5    0.6163422549E+02
   2   5   8   6    0.1759857823E+03
   2   6   1   1    0.0000000000E+00
   2   6   1   2    0.0000000000E+00
   2   6   1   3    0.0000000000E+00
   2   6   1   4    0.6255373322E+02
   2   6   1   5    0.1467020040E+03
   2   6   1   6    0.4550828712E+02
   2   6   2   1   -0.5585209555E+03
   2   6   2   2   -0.1703694922E+03
   2   6   2   3    0.1115771723E+03
   2   6   2   4    0.6707527526E+02
   2   6   2   5    0.1487183283E+03
   2   6   2   6    0.1277454524E+03
   2   6   3   1   -0.3227735016E+03
   2   6   3   2   -0.4427091413E+03
   2   6   3   3    0.8780513909E+02
   2   6   3   4    0.5278457726E+02
   2   6   3   5    0.2131815661E+03
   2   6   3   6    0.7716141501E+02
   2   6   4   1    0.1035060272E+04
   2   6   4   2    0.6128289209E+03
   2   6   4   3    0.2118938044E+03
   2   6   4   4    0.1603220014E+03
   2   6   4   5    0.7150463589E+02
   2   6   4   6    0.7150167769E+02
   2   6   5   1   -0.1540564761E+03
   2   6   5   2   -0.2645678907E+03
   2   6   5   3    0.3131408001E+03
   2   6   5   4    0.1882464391E+03
   2   6   5   5    0.7282497036E+02
   2   6   5   6    0.8595674430E+02
   2   6   6   1    0.5419779055E+03
   2   6   6   2    0.5880047798E+03
   2   6   6   3    0.1267654678E+03
   2   6   6   4    0.1284685718E+03
   2   6   6   5    0.1748373370E+03
   2   6   6   6    0.1748332752E+03
   2   6   7   1    0.6299114164E+03
   2   6   7   2    0.6047507276E+03
   2   6   7   3    0.1434503391E+03
   2   6   7   4    0.1354280992E+03
   2   6   7   5    0.1539516944E+03
   2   6   7   6    0.1539478518E+03
   2   6   8   1   -0.3328929310E+03
   2   6   8   2   -0.1558182516E+03
   2   6   8   3    0.2676090655E+03
   2   6   8   4    0.1608747683E+03
   2   6   8   5    0.9416374111E+02
   2   6   8   6    0.9120148295E+02
   2   7   1   1    0.0000000000E+00
   2   7   1   2    0.0000000000E+00
   2   7   1   3    0.0000000000E+00
   2   7   1   4    0.1249965363E+02
   2   7   1   5    0.3617514900E+01
   2   7   1   6    0.8058584190E+01
   2   7   2   1   -0.7461742530E+01
   2   7   2   2   -0.7461742615E+01
   2   7   2   3    0.4582779315E+02
   2   7   2   4    0.2754964819E+02
   2   7   2   5    0.2830194038E+01
   2   7   2   6    0.2830194282E+01
   2   7   3   1   -0.4138941449E+02
   2   7   3   2   -0.2960588842E+02
   2   7   3   3    0.9400869057E+01
   2   7   3   4    0.5651387698E+01
   2   7   3   5    0.4759763861E+01
   2   7   3   6    0.2216832915E+02
   2   7   4   1    0.4329606641E+02
   2   7   4   2    0.8362665675E+02
   2   7   4   3    0.1187139123E+02
   2   7   4   4    0.1679718873E+02
   2   7   4   5    0.1266310363E+02
   2   7   4   6    0.1266038122E+02
   2   7   5   1   -0.2147969710E+02
   2   7   5   2   -0.4951560504E+02
   2   7   5   3    0.9400869559E+01
   2   7   5   4    0.5651388000E+01
   2   7   5   5    0.3399196131E+01
   2   7   5   6    0.2352889659E+02
   2   7   6   1    0.5137105000E+02
   2   7   6   2    0.7555167364E+02
   2   7   6   3    0.1388488175E+02
   2   7   6   4    0.1478369832E+02
   2   7   6   5    0.1266310993E+02
   2   7   6   6    0.1266037472E+02
   2   7   7   1    0.4237956515E+02
   2   7   7   2    0.8454315633E+02
   2   7   7   3    0.7625070518E+01
   2   7   7   4    0.2104350906E+02
   2   7   7   5    0.1266311181E+02
   2   7   7   6    0.1266037370E+02
   2   7   8   1   -0.3163052015E+02
   2   7   8   2   -0.3936478349E+02
   2   7   8   3    0.9400868583E+01
   2   7   8   4    0.5651387414E+01
   2   7   8   5    0.2258050773E+02
   2   7   8   6    0.4347585557E+01
   2   8   1   1    0.0000000000E+00
   2   8   1   2    0.0000000000E+00
   2   8   1   3    0.0000000000E+00
   2   8   1   4    0.1282235037E+03
   2   8   1   5    0.5954576949E+02
   2   8   1   6    0.9388463561E+02
   2   8   2   1   -0.1693178984E+03
   2   8   2   2   -0.1693179000E+03
   2   8   2   3    0.4268613459E+03
   2   8   2   4    0.2566102159E+03
   2   8   2   5    0.6422126423E+02
   2   8   2   6    0.6422126556E+02
   2   8   3   1   -0.4316506177E+03
   2   8   3   2   -0.3405390032E+03
   2   8   3   3    0.1452041275E+03
   2   8   3   4    0.8729031773E+02
   2   8   3   5    0.7914091999E+02
   2   8   3   6    0.2137459776E+03
   2   8   4   1    0.5834212038E+03
   2   8   4   2    0.8952620580E+03
   2   8   4   3    0.1479548442E+03
   2   8   4   4    0.1860416914E+03
   2   8   4   5    0.1475149822E+03
   2   8   4   6    0.1475103086E+03
   2   8   5   1   -0.2777063557E+03
   2   8   5   2   -0.4944832683E+03
   2   8   5   3    0.1452041255E+03
   2   8   5   4    0.8729031654E+02
   2   8   5   5    0.6862085457E+02
   2   8   5   6    0.2242660442E+03
   2   8   6   1    0.6458580733E+03
   2   8   6   2    0.8328251726E+03
   2   8   6   3    0.1635234232E+03
   2   8   6   4    0.1704731089E+03
   2   8   6   5    0.1475149810E+03
   2   8   6   6    0.1475103161E+03
   2   8   7   1    0.5763348489E+03
   2   8   7   2    0.9023484133E+03
   2   8   7   3    0.1151218259E+03
   2   8   7   4    0.2188747099E+03
   2   8   7   5    0.1475149823E+03
   2   8   7   6    0.1475103083E+03
   2   8   8   1   -0.3561936931E+03
   2   8   8   2   -0.4159959301E+03
   2   8   8   3    0.1452041260E+03
   2   8   8   4    0.8729031684E+02
   2   8   8   5    0.2169329857E+03
   2   8   8   6    0.7595391279E+02
   3   1   1   1    0.0000000000E+00
   3   1   1   2    0.0000000000E+00
   3   1   1   3    0.0000000000E+00
   3   1   1   4    0.1571519250E+02
   3   1   1   5    0.1571519245E+02
   3   1   1   6    0.4829941071E+02
   3   1   2   1   -0.5819558487E+02
   3   1   2   2   -0.1297152390E+03
   3   1   2   3    0.6103923492E+02
   3   1   2   4    0.3669099849E+02
   3   1   2   5    0.3115280560E+02
   3   1   2   6    0.4011771753E+02
   3   1   3   1   -0.1020248629E+03
   3   1   3   2   -0.8588596089E+02
   3   1   3   3    0.6103923500E+02
   3   1   3   4    0.3669099855E+02
   3   1   3   5    0.2371449656E+02
   3   1   3   6    0.4755602652E+02
   3   1   4   1    0.1237604090E+03
   3   1   4   2    0.1237604041E+03
   3   1   4   3    0.2795282845E+02
   3   1   4   4    0.2795282726E+02
   3   1   4   5    0.1369514662E+03
   3   1   4   6    0.1482751454E+02
   3   1   5   1   -0.7475620407E+02
   3   1   5   2   -0.1131546193E+03
   3   1   5   3    0.6103923521E+02
   3   1   5   4    0.3669099867E+02
   3   1   5   5    0.3845697622E+02
   3   1   5   6    0.3281354673E+02
   3   1   6   1    0.3757849803E+03
   3   1   6   2    0.1283532360E+03
   3   1   6   3    0.8582524610E+02
   3   1   6   4    0.2803616511E+02
   3   1   6   5    0.3465766956E+02
   3   1   6   6    0.1472641125E+02
   3   1   7   1    0.3664207227E+03
   3   1   7   2    0.1377174942E+03
   3   1   7   3    0.7929243954E+02
   3   1   7   4    0.3456897180E+02
   3   1   7   5    0.3465767054E+02
   3   1   7   6    0.1472641006E+02
   3   1   8   1   -0.1295397921E+03
   3   1   8   2   -0.5837103214E+02
   3   1   8   3    0.6103923466E+02
   3   1   8   4    0.3669099834E+02
   3   1   8   5    0.3588551699E+02
   3   1   8   6    0.3538500629E+02
   3   2   1   1    0.0000000000E+00
   3   2   1   2    0.0000000000E+00
   3   2   1   3    0.0000000000E+00
   3   2   1   4    0.1571506712E+02
   3   2   1   5    0.1571506732E+02
   3   2   1   6    0.4829921935E+02
   3   2   2   1   -0.5819354591E+02
   3   2   2   2   -0.1297085205E+03
   3   2   2   3    0.6103374376E+02
   3   2   2   4    0.3669389270E+02
   3   2   2   5    0.3115379671E+02
   3   2   2   6    0.4011925823E+02
   3   2   3   1   -0.1020199566E+03
   3   2   3   2   -0.8588210980E+02
   3   2   3   3    0.6103374377E+02
   3   2   3   4    0.3669389271E+02
   3   2   3   5    0.2371503098E+02
   3   2   3   6    0.4755802395E+02
   3   2   4   1    0.1237529310E+03
   3   2   4   2    0.1237529250E+03
   3   2   4   3    0.2795407218E+02
   3   2   4   4    0.2795407079E+02
   3   2   4   5    0.1482754068E+02
   3   2   4   6    0.1369472894E+03
   3   2   5   1   -0.7475308121E+02
   3   2   5   2   -0.1131489849E+03
   3   2   5   3    0.6103374394E+02
   3   2   5   4    0.3669389281E+02
   3   2   5   5    0.3845841540E+02
   3   2   5   6    0.3281463944E+02
   3   2   6   1    0.1283445834E+03
   3   2   6   2    0.3757448678E+03
   3   2   6   3    0.2803725682E+02
   3   2   6   4    0.8583404313E+02
   3   2   6   5    0.1472669358E+02
   3   2   6   6    0.3465641411E+02
   3   2   7   1    0.1377076557E+03
   3   2   7   2    0.3663817947E+03
   3   2   7   3    0.3457093550E+02
   3   2   7   4    0.7930036428E+02
   3   2   7   5    0.1472669493E+02
   3   2   7   6    0.3465641307E+02
   3   2   8   1   -0.1295330851E+03
   3   2   8   2   -0.5836898071E+02
   3   2   8   3    0.6103374414E+02
   3   2   8   4    0.3669389293E+02
   3   2   8   5    0.3588679815E+02
   3   2   8   6    0.3538625657E+02
   3   3   1   1    0.0000000000E+00
   3   3   1   2    0.0000000000E+00
   3   3   1   3    0.0000000000E+00
   3   3   1   4    0.7233453487E+02
   3   3   1   5    0.1148616191E+03
   3   3   1   6    0.3568740527E+02
   3   3   2   1   -0.4222622864E+03
   3   3   2   2   -0.1701461931E+03
   3   3   2   3    0.1270246747E+03
   3   3   2   4    0.7636163243E+02
   3   3   2   5    0.1281502100E+03
   3   3   2   6    0.9654677756E+02
   3   3   3   1   -0.2677573521E+03
   3   3   3   2   -0.3246511276E+03
   3   3   3   3    0.1270246745E+03
   3   3   3   4    0.7636163236E+02
   3   3   3   5    0.1543729829E+03
   3   3   3   6    0.7032400474E+02
   3   3   4   1    0.9680525600E+03
   3   3   4   2    0.5061173876E+03
   3   3   4   3    0.2109950213E+03
   3   3   4   4    0.1219820727E+03
   3   3   4   5    0.5607354425E+02
   3   3   4   6    0.5607139885E+02
   3   3   5   1   -0.2296504851E+03
   3   3   5   2   -0.2285237675E+03
   3   3   5   3    0.2142296236E+03
   3   3   5   4    0.1287854019E+03
   3   3   5   5    0.8680822907E+02
   3   3   5   6    0.8697452035E+02
   3   3   6   1    0.4371130759E+03
   3   3   6   2    0.5810196044E+03
   3   3   6   3    0.9818222203E+02
   3   3   6   4    0.1317834044E+03
   3   3   6   5    0.1173508294E+03
   3   3   6   6    0.1767732424E+03
   3   3   7   1    0.5755382713E+03
   3   3   7   2    0.4425757186E+03
   3   3   7   3    0.1279925185E+03
   3   3   7   4    0.1019776311E+03
   3   3   7   5    0.1767784312E+03
   3   3   7   6    0.1173471014E+03
   3   3   8   1   -0.2280452392E+03
   3   3   8   2   -0.2301290155E+03
   3   3   8   3    0.2142296223E+03
   3   3   8   4    0.1287854011E+03
   3   3   8   5    0.8688354668E+02
   3   3   8   6    0.8689920355E+02
   3   4   1   1    0.0000000000E+00
   3   4   1   2    0.0000000000E+00
   3   4   1   3    0.0000000000E+00
   3   4   1   4    0.1148616254E+03
   3   4   1   5    0.7233453441E+02
   3   4   1   6    0.3568740588E+02
   3   4   2   1   -0.2301341629E+03
   3   4   2   2   -0.2280400963E+03
   3   4   2   3    0.2142296340E+03
   3   4   2   4    0.1287854081E+03
   3   4   2   5    0.8702315439E+02
   3   4   2   6    0.8675959754E+02
   3   4   3   1   -0.2288518789E+03
   3   4   3   2   -0.2293223786E+03
   3   4   3   3    0.2142296351E+03
   3   4   3   4    0.1287854088E+03
   3   4   3   5    0.8724085743E+02
   3   4   3   6    0.8654189386E+02
   3   4   4   1    0.5061173804E+03
   3   4   4   2    0.9680526127E+03
   3   4   4   3    0.1219820724E+03
   3   4   4   4    0.2109950319E+03
   3   4   4   5    0.5607354527E+02
   3   4   4   6    0.5607139975E+02
   3   4   5   1   -0.3638827578E+03
   3   4   5   2   -0.2285257475E+03
   3   4   5   3    0.1270246726E+03
   3   4   5   4    0.7636163120E+02
   3   4   5   5    0.1024014764E+03
   3   4   5   6    0.1222955210E+03
   3   4   6   1    0.5809824489E+03
   3   4   6   2    0.4371315678E+03
   3   4   6   3    0.1317925472E+03
   3   4   6   4    0.9817760847E+02
   3   4   6   5    0.1767784392E+03
   3   4   6   6    0.1173471029E+03
   3   4   7   1    0.4425593467E+03
   3   4   7   2    0.5755733621E+03
   3   4   7   3    0.1019806933E+03
   3   4   7   4    0.1279849396E+03
   3   4   7   5    0.1173508303E+03
   3   4   7   6    0.1767732503E+03
   3   4   8   1   -0.1707646513E+03
   3   4   8   2   -0.4216438535E+03
   3   4   8   3    0.1270246729E+03
   3   4   8   4    0.7636163138E+02
   3   4   8   5    0.1114667600E+03
   3   4   8   6    0.1132302373E+03
   3   5   1   1    0.0000000000E+00
   3   5   1   2    0.0000000000E+00
   3   5   1   3    0.0000000000E+00
   3   5   1   4    0.3659205963E+01
   3   5   1   5    0.3659206809E+01
   3   5   1   6    0.2946231241E+02
   3   5   2   1   -0.1502555714E+02
   3   5   2   2   -0.7166108406E+02
   3   5   2   3    0.2815854487E+02
   3   5   2   4    0.1692612879E+02
   3   5   2   5    0.1288951136E+02
   3   5   2   6    0.1998875115E+02
   3   5   3   1   -0.4973341776E+02
   3   5   3   2   -0.3695322275E+02
   3   5   3   3    0.2815854532E+02
   3   5   3   4    0.1692612906E+02
   3   5   3   5    0.6999176545E+01
   3   5   3   6    0.2587908569E+02
   3   5   4   1    0.2881661549E+02
   3   5   4   2    0.2881660754E+02
   3   5   4   3    0.6508771342E+01
   3   5   4   4    0.6508769921E+01
   3   5   4   5    0.8453977245E+02
   3   5   4   6    0.8044403791E+01
   3   5   5   1   -0.2813970314E+02
   3   5   5   2   -0.5854693376E+02
   3   5   5   3    0.2815854767E+02
   3   5   5   4    0.1692613047E+02
   3   5   5   5    0.1867362315E+02
   3   5   5   6    0.1420463771E+02
   3   5   6   1    0.2203781180E+03
   3   5   6   2    0.4046669890E+02
   3   5   6   3    0.5046559475E+02
   3   5   6   4    0.8446754444E+01
   3   5   6   5    0.6844317789E+01
   3   5   6   6    0.4654490585E+01
   3   5   7   1    0.2135692238E+03
   3   5   7   2    0.4727559404E+02
   3   5   7   3    0.4571554626E+02
   3   5   7   4    0.1319680316E+02
   3   5   7   5    0.6844318413E+01
   3   5   7   6    0.4654489565E+01
   3   5   8   1   -0.7152215113E+02
   3   5   8   2   -0.1516448782E+02
   3   5   8   3    0.2815854633E+02
   3   5   8   4    0.1692612967E+02
   3   5   8   5    0.1663730585E+02
   3   5   8   6    0.1624095579E+02
   3   6   1   1    0.0000000000E+00
   3   6   1   2    0.0000000000E+00
   3   6   1   3    0.0000000000E+00
   3   6   1   4    0.3659335189E+01
   3   6   1   5    0.3659336033E+01
   3   6   1   6    0.2946227265E+02
   3   6   2   1   -0.1502572132E+02
   3   6   2   2   -0.7165758143E+02
   3   6   2   3    0.2815614052E+02
   3   6   2   4    0.1692777650E+02
   3   6   2   5    0.1289015657E+02
   3   6   2   6    0.1998976214E+02
   3   6   3   1   -0.4973133491E+02
   3   6   3   2   -0.3695196777E+02
   3   6   3   3    0.2815614057E+02
   3   6   3   4    0.1692777653E+02
   3   6   3   5    0.6999516845E+01
   3   6   3   6    0.2588040184E+02
   3   6   4   1    0.2881691847E+02
   3   6   4   2    0.2881691344E+02
   3   6   4   3    0.6509162122E+01
   3   6   4   4    0.6509161049E+01
   3   6   4   5    0.8044453021E+01
   3   6   4   6    0.8453737504E+02
   3   6   5   1   -0.2813902088E+02
   3   6   5   2   -0.5854428061E+02
   3   6   5   3    0.2815614134E+02
   3   6   5   4    0.1692777699E+02
   3   6   5   5    0.1867456749E+02
   3   6   5   6    0.1420535075E+02
   3   6   6   1    0.4046624311E+02
   3   6   6   2    0.2203536515E+03
   3   6   6   3    0.8446572929E+01
   3   6   6   4    0.5047172555E+02
   3   6   6   5    0.4655015392E+01
   3   6   6   6    0.6844133888E+01
   3   6   7   1    0.4727423112E+02
   3   6   7   2    0.2135456568E+03
   3   6   7   3    0.1319733551E+02
   3   6   7   4    0.4572096145E+02
   3   6   7   5    0.4655017566E+01
   3   6   7   6    0.6844134393E+01
   3   6   8   1   -0.7151865732E+02
   3   6   8   2   -0.1516464488E+02
   3   6   8   3    0.2815614089E+02
   3   6   8   4    0.1692777672E+02
   3   6   8   5    0.1663814498E+02
   3   6   8   6    0.1624177351E+02
   3   7   1   1    0.0000000000E+00
   3   7   1   2    0.0000000000E+00
   3   7   1   3    0.0000000000E+00
   3   7   1   4    0.2421041759E+03
   3   7   1   5    0.1922343827E+03
   3   7   1   6    0.9546223210E+02
   3   7   2   1   -0.6452294912E+03
   3   7   2   2   -0.5246982483E+03
   3   7   2   3    0.4567164907E+03
   3   7   2   4    0.2745578123E+03
   3   7   2   5    0.2294296887E+03
   3   7   2   6    0.2143168947E+03
   3   7   3   1   -0.5713683835E+03
   3   7   3   2   -0.5985593552E+03
   3   7   3   3    0.4567164912E+03
   3   7   3   4    0.2745578126E+03
   3   7   3   5    0.2419659171E+03
   3   7   3   6    0.2017806659E+03
   3   7   4   1    0.1133708625E+04
   3   7   4   2    0.2286708070E+04
   3   7   4   3    0.2597117434E+03
   3   7   4   4    0.5128724575E+03
   3   7   4   5    0.1499942520E+03
   3   7   4   6    0.1499885152E+03
   3   7   5   1   -0.7747278247E+03
   3   7   5   2   -0.5526105619E+03
   3   7   5   3    0.3544550350E+03
   3   7   5   4    0.2130827350E+03
   3   7   5   5    0.2354033732E+03
   3   7   5   6    0.2680481257E+03
   3   7   6   1    0.1478883700E+04
   3   7   6   2    0.9830561204E+03
   3   7   6   3    0.3359752568E+03
   3   7   6   4    0.2201287282E+03
   3   7   6   5    0.4436358948E+03
   3   7   6   6    0.2388050872E+03
   3   7   7   1    0.1001798404E+04
   3   7   7   2    0.1460208866E+04
   3   7   7   3    0.2332279459E+03
   3   7   7   4    0.3228611343E+03
   3   7   7   5    0.2388136284E+03
   3   7   7   6    0.4436211089E+03
   3   7   8   1   -0.4578212851E+03
   3   7   8   2   -0.8695171041E+03
   3   7   8   3    0.3544550334E+03
   3   7   8   4    0.2130827340E+03
   3   7   8   5    0.2502795626E+03
   3   7   8   6    0.2531719373E+03
   3   8   1   1    0.0000000000E+00
   3   8   1   2    0.0000000000E+00
   3   8   1   3    0.0000000000E+00
   3   8   1   4    0.1922338153E+03
   3   8   1   5    0.2421047452E+03
   3   8   1   6    0.9546223269E+02
   3   8   2   1   -0.8705345360E+03
   3   8   2   2   -0.4568056498E+03
   3   8   2   3    0.3544538718E+03
   3   8   2   4    0.2130820357E+03
   3   8   2   5    0.2776562821E+03
   3   8   2   6    0.2257958992E+03
   3   8   3   1   -0.6169858319E+03
   3   8   3   2   -0.7103543516E+03
   3   8   3   3    0.3544538732E+03
   3   8   3   4    0.2130820366E+03
   3   8   3   5    0.3206886126E+03
   3   8   3   6    0.1827635679E+03
   3   8   4   1    0.2286710664E+04
   3   8   4   2    0.1133706045E+04
   3   8   4   3    0.5128727763E+03
   3   8   4   4    0.2597114279E+03
   3   8   4   5    0.1499942527E+03
   3   8   4   6    0.1499885164E+03
   3   8   5   1   -0.6173228723E+03
   3   8   5   2   -0.5526030788E+03
   3   8   5   3    0.4567176581E+03
   3   8   5   4    0.2745585141E+03
   3   8   5   5    0.2171157197E+03
   3   8   5   6    0.2266301853E+03
   3   8   6   1    0.9830287773E+03
   3   8   6   2    0.1478978515E+04
   3   8   6   3    0.2201351258E+03
   3   8   6   4    0.3359539595E+03
   3   8   6   5    0.2388136250E+03
   3   8   6   6    0.4436211109E+03
   3   8   7   1    0.1460118701E+04
   3   8   7   2    0.1001821121E+04
   3   8   7   3    0.3228793067E+03
   3   8   7   4    0.2332246785E+03
   3   8   7   5    0.4436359001E+03
   3   8   7   6    0.2388050889E+03
   3   8   8   1   -0.5249947536E+03
   3   8   8   2   -0.6449312029E+03
   3   8   8   3    0.4567176546E+03
   3   8   8   4    0.2745585120E+03
   3   8   8   5    0.2214496094E+03
   3   8   8   6    0.2222962977E+03
