Dynamical matrix file
                                                                           
  1    2  2  6.7034255  0.0000000  0.0000000  0.0000000  0.0000000  0.0000000
           1  'C   '    10947.3567922507     
    1    1     -0.0000000000     -0.0000000000     -0.0000000000
    2    1     -0.2480438078      0.2480438078      0.2480438078

     Dynamical  Matrix in cartesian axes

     q = (    0.000000000   0.000000000   0.000000000 ) 

    1    1
  0.86284298  0.00000000    0.00000000  0.00000000    0.00000000  0.00000000
  0.00000000  0.00000000    0.86284298  0.00000000    0.00000000  0.00000000
  0.00000000  0.00000000    0.00000000  0.00000000    0.86284298  0.00000000
    1    2
 -1.21130940  0.00000000    0.00000000  0.00000000    0.00000000  0.00000000
  0.00000000  0.00000000   -1.21130940  0.00000000   -0.00000000  0.00000000
 -0.00000000  0.00000000   -0.00000000  0.00000000   -1.21130940  0.00000000
    2    1
 -1.21130940  0.00000000    0.00000000  0.00000000    0.00000000  0.00000000
  0.00000000  0.00000000   -1.21130940  0.00000000    0.00000000  0.00000000
  0.00000000  0.00000000    0.00000000  0.00000000   -1.21130940  0.00000000
    2    2
  0.86279455  0.00000000   -0.00000000  0.00000000   -0.00000000  0.00000000
 -0.00000000  0.00000000    0.86279455  0.00000000   -0.00000000  0.00000000
 -0.00000000  0.00000000    0.00000000  0.00000000    0.86279455  0.00000000

     Dielectric Tensor:

         15.625429443992          0.000000000000          0.000000000000
         -0.000000000000         15.625429443992         -0.000000000000
          0.000000000000         -0.000000000000         15.625429443992

     Effective Charges E-U: Z_{alpha}{s,beta}

     atom #    1
         -2.415618324040          0.000000000000          0.000000000000
          0.000000000000         -2.415618324040         -0.000000000000
          0.000000000000          0.000000000000         -2.415618324040
     atom #    2
         -2.415607180670         -0.000000000000          0.000000000000
          0.000000000000         -2.415607180670          0.000000000000
          0.000000000000          0.000000000000         -2.415607180670

     Diagonalizing the dynamical matrix

     q = (    0.000000000   0.000000000   0.000000000 ) 

 **************************************************************************
     freq (    1) =      -0.000001 [THz] =      -0.000020 [cm-1]
 ( -0.504511  0.000000 -0.495448  0.000000  0.000000  0.000000 ) 
 ( -0.504511  0.000000 -0.495448  0.000000  0.000000  0.000000 ) 
     freq (    2) =      -0.000000 [THz] =      -0.000010 [cm-1]
 ( -0.495448  0.000000  0.504511  0.000000 -0.000000  0.000000 ) 
 ( -0.495448  0.000000  0.504511  0.000000  0.000000  0.000000 ) 
     freq (    3) =       0.000000 [THz] =       0.000013 [cm-1]
 (  0.000000  0.000000 -0.000000  0.000000 -0.707107  0.000000 ) 
 ( -0.000000  0.000000  0.000000  0.000000 -0.707107  0.000000 ) 
     freq (    4) =      48.939884 [THz] =    1632.458829 [cm-1]
 (  0.187362  0.000000  0.681832  0.000000  0.000000  0.000000 ) 
 ( -0.187362  0.000000 -0.681832  0.000000  0.000000  0.000000 ) 
     freq (    5) =      48.939884 [THz] =    1632.458829 [cm-1]
 (  0.000000  0.000000 -0.000000  0.000000 -0.707107  0.000000 ) 
 ( -0.000000  0.000000  0.000000  0.000000  0.707107  0.000000 ) 
     freq (    6) =      48.939884 [THz] =    1632.458829 [cm-1]
 ( -0.681832  0.000000  0.187362  0.000000 -0.000000  0.000000 ) 
 (  0.681832  0.000000 -0.187362  0.000000  0.000000  0.000000 ) 
 **************************************************************************
