Dynamical matrix file
                                                                           
  1    2  2  6.7034255  0.0000000  0.0000000  0.0000000  0.0000000  0.0000000
           1  'C   '    10947.3567922507     
    1    1     -0.0000000000     -0.0000000000     -0.0000000000
    2    1     -0.2480438078      0.2480438078      0.2480438078

     Dynamical  Matrix in cartesian axes

     q = (    0.503943239  -0.503943239   0.503943239 ) 

    1    1
  0.67322184  0.00000000   -0.09613584  0.00000000    0.09613584  0.00000000
 -0.09613584  0.00000000    0.67322184  0.00000000   -0.09613584  0.00000000
  0.09613584  0.00000000   -0.09613584  0.00000000    0.67322184  0.00000000
    1    2
 -0.64905794  0.00000000   -0.12158470  0.00000000    0.12158470  0.00000000
 -0.12158470  0.00000000   -0.64905794  0.00000000   -0.12158470  0.00000000
  0.12158470  0.00000000   -0.12158470  0.00000000   -0.64905794  0.00000000
    2    1
 -0.64905794  0.00000000   -0.12158470  0.00000000    0.12158470  0.00000000
 -0.12158470  0.00000000   -0.64905794  0.00000000   -0.12158470  0.00000000
  0.12158470  0.00000000   -0.12158470  0.00000000   -0.64905794  0.00000000
    2    2
  0.67317349  0.00000000   -0.09613467  0.00000000    0.09613467  0.00000000
 -0.09613467  0.00000000    0.67317349  0.00000000   -0.09613467  0.00000000
  0.09613467  0.00000000   -0.09613467  0.00000000    0.67317349  0.00000000

     Dynamical  Matrix in cartesian axes

     q = (   -0.503943239  -0.503943239  -0.503943239 ) 

    1    1
  0.67322184  0.00000000    0.09613584  0.00000000    0.09613584  0.00000000
  0.09613584  0.00000000    0.67322184  0.00000000    0.09613584  0.00000000
  0.09613584  0.00000000    0.09613584  0.00000000    0.67322184  0.00000000
    1    2
 -0.64905794  0.00000000    0.12158470 -0.00000000    0.12158470 -0.00000000
  0.12158470 -0.00000000   -0.64905794  0.00000000    0.12158470 -0.00000000
  0.12158470 -0.00000000    0.12158470 -0.00000000   -0.64905794  0.00000000
    2    1
 -0.64905794 -0.00000000    0.12158470  0.00000000    0.12158470  0.00000000
  0.12158470  0.00000000   -0.64905794 -0.00000000    0.12158470  0.00000000
  0.12158470  0.00000000    0.12158470  0.00000000   -0.64905794 -0.00000000
    2    2
  0.67317349  0.00000000    0.09613467  0.00000000    0.09613467  0.00000000
  0.09613467  0.00000000    0.67317349  0.00000000    0.09613467  0.00000000
  0.09613467  0.00000000    0.09613467  0.00000000    0.67317349  0.00000000

     Dynamical  Matrix in cartesian axes

     q = (   -0.503943239   0.503943239   0.503943239 ) 

    1    1
  0.67322184  0.00000000   -0.09613584  0.00000000   -0.09613584  0.00000000
 -0.09613584  0.00000000    0.67322184  0.00000000    0.09613584  0.00000000
 -0.09613584  0.00000000    0.09613584  0.00000000    0.67322184  0.00000000
    1    2
  0.64905794  0.00000000    0.12158470  0.00000000    0.12158470  0.00000000
  0.12158470  0.00000000    0.64905794  0.00000000   -0.12158470 -0.00000000
  0.12158470  0.00000000   -0.12158470 -0.00000000    0.64905794  0.00000000
    2    1
  0.64905794 -0.00000000    0.12158470 -0.00000000    0.12158470 -0.00000000
  0.12158470 -0.00000000    0.64905794 -0.00000000   -0.12158470  0.00000000
  0.12158470 -0.00000000   -0.12158470  0.00000000    0.64905794 -0.00000000
    2    2
  0.67317349  0.00000000   -0.09613467  0.00000000   -0.09613467  0.00000000
 -0.09613467  0.00000000    0.67317349  0.00000000    0.09613467  0.00000000
 -0.09613467  0.00000000    0.09613467  0.00000000    0.67317349  0.00000000

     Dynamical  Matrix in cartesian axes

     q = (    0.503943239   0.503943239  -0.503943239 ) 

    1    1
  0.67322184  0.00000000    0.09613584  0.00000000   -0.09613584  0.00000000
  0.09613584  0.00000000    0.67322184  0.00000000   -0.09613584  0.00000000
 -0.09613584  0.00000000   -0.09613584  0.00000000    0.67322184  0.00000000
    1    2
 -0.64905794  0.00000000    0.12158470 -0.00000000   -0.12158470  0.00000000
  0.12158470 -0.00000000   -0.64905794  0.00000000   -0.12158470  0.00000000
 -0.12158470  0.00000000   -0.12158470  0.00000000   -0.64905794  0.00000000
    2    1
 -0.64905794 -0.00000000    0.12158470  0.00000000   -0.12158470 -0.00000000
  0.12158470  0.00000000   -0.64905794 -0.00000000   -0.12158470 -0.00000000
 -0.12158470 -0.00000000   -0.12158470 -0.00000000   -0.64905794 -0.00000000
    2    2
  0.67317349  0.00000000    0.09613467  0.00000000   -0.09613467  0.00000000
  0.09613467  0.00000000    0.67317349  0.00000000   -0.09613467  0.00000000
 -0.09613467  0.00000000   -0.09613467  0.00000000    0.67317349  0.00000000

     Diagonalizing the dynamical matrix

     q = (    0.503943239  -0.503943239   0.503943239 ) 

 **************************************************************************
     freq (    1) =     -13.834099 [THz] =    -461.455886 [cm-1]
 (  0.200547  0.000000 -0.368585  0.000000 -0.569132  0.000000 ) 
 (  0.200553  0.000000 -0.368596  0.000000 -0.569149  0.000000 ) 
     freq (    2) =     -13.834099 [THz] =    -461.455886 [cm-1]
 ( -0.541391  0.000000 -0.444374  0.000000  0.097017  0.000000 ) 
 ( -0.541408  0.000000 -0.444387  0.000000  0.097020  0.000000 ) 
     freq (    3) =      21.315758 [THz] =     711.017158 [cm-1]
 (  0.408236  0.000000 -0.408236  0.000000  0.408236  0.000000 ) 
 (  0.408261  0.000000 -0.408261  0.000000  0.408261  0.000000 ) 
     freq (    4) =      35.453091 [THz] =    1182.587836 [cm-1]
 ( -0.408261  0.000000  0.408261  0.000000 -0.408261  0.000000 ) 
 (  0.408236  0.000000 -0.408236  0.000000  0.408236  0.000000 ) 
     freq (    5) =      36.502098 [THz] =    1217.578927 [cm-1]
 (  0.425600  0.000000  0.550670  0.000000  0.125070  0.000000 ) 
 ( -0.425587  0.000000 -0.550653  0.000000 -0.125066  0.000000 ) 
     freq (    6) =      36.502098 [THz] =    1217.578927 [cm-1]
 (  0.390139  0.000000 -0.173511  0.000000 -0.563650  0.000000 ) 
 ( -0.390127  0.000000  0.173506  0.000000  0.563632  0.000000 ) 
 **************************************************************************
