Dynamical matrix file
                                                                           
  1    2  2  6.7034255  0.0000000  0.0000000  0.0000000  0.0000000  0.0000000
           1  'C   '    10947.3567922507     
    1    1     -0.0000000000     -0.0000000000     -0.0000000000
    2    1     -0.2480438078      0.2480438078      0.2480438078

     Dynamical  Matrix in cartesian axes

     q = (    0.000000000  -1.007886479   0.000000000 ) 

    1    1
  0.40270692  0.00000000    0.00000000  0.00000000    0.00000000  0.00000000
 -0.00000000  0.00000000    0.98169186  0.00000000   -0.00000000  0.00000000
  0.00000000  0.00000000    0.00000000  0.00000000    0.40270692  0.00000000
    1    2
 -0.00000000  0.00000000   -0.00000000  0.00000000    0.36321262 -0.00000000
  0.00000000  0.00000000    0.00000000  0.00000000    0.00000000  0.00000000
  0.36321262 -0.00000000    0.00000000  0.00000000   -0.00000000 -0.00000000
    2    1
  0.00000000 -0.00000000   -0.00000000 -0.00000000    0.36321262  0.00000000
  0.00000000 -0.00000000   -0.00000000 -0.00000000    0.00000000  0.00000000
  0.36321262  0.00000000    0.00000000  0.00000000   -0.00000000 -0.00000000
    2    2
  0.40266028  0.00000000   -0.00000000  0.00000000    0.00000000  0.00000000
 -0.00000000  0.00000000    0.98163391  0.00000000    0.00000000  0.00000000
  0.00000000  0.00000000    0.00000000  0.00000000    0.40266028  0.00000000

     Dynamical  Matrix in cartesian axes

     q = (    0.000000000  -0.000000000  -1.007886479 ) 

    1    1
  0.40270692  0.00000000   -0.00000000  0.00000000    0.00000000  0.00000000
 -0.00000000  0.00000000    0.40270692  0.00000000   -0.00000000  0.00000000
  0.00000000  0.00000000    0.00000000  0.00000000    0.98169186  0.00000000
    1    2
 -0.00000000  0.00000000    0.36321262 -0.00000000    0.00000000  0.00000000
  0.36321262 -0.00000000   -0.00000000 -0.00000000    0.00000000  0.00000000
  0.00000000  0.00000000    0.00000000  0.00000000    0.00000000  0.00000000
    2    1
  0.00000000 -0.00000000    0.36321262  0.00000000    0.00000000 -0.00000000
  0.36321262  0.00000000   -0.00000000 -0.00000000    0.00000000  0.00000000
  0.00000000 -0.00000000    0.00000000  0.00000000    0.00000000  0.00000000
    2    2
  0.40266028  0.00000000    0.00000000  0.00000000   -0.00000000  0.00000000
  0.00000000  0.00000000    0.40266028  0.00000000   -0.00000000  0.00000000
 -0.00000000  0.00000000    0.00000000  0.00000000    0.98163391  0.00000000

     Dynamical  Matrix in cartesian axes

     q = (    1.007886479   0.000000000   0.000000000 ) 

    1    1
  0.98169186  0.00000000   -0.00000000  0.00000000   -0.00000000  0.00000000
 -0.00000000  0.00000000    0.40270692  0.00000000    0.00000000  0.00000000
  0.00000000  0.00000000    0.00000000  0.00000000    0.40270692  0.00000000
    1    2
 -0.00000000  0.00000000   -0.00000000  0.00000000   -0.00000000 -0.00000000
 -0.00000000 -0.00000000   -0.00000000  0.00000000   -0.36321262  0.00000000
  0.00000000  0.00000000   -0.36321262  0.00000000    0.00000000  0.00000000
    2    1
 -0.00000000  0.00000000   -0.00000000 -0.00000000   -0.00000000 -0.00000000
  0.00000000 -0.00000000    0.00000000 -0.00000000   -0.36321262 -0.00000000
 -0.00000000 -0.00000000   -0.36321262 -0.00000000   -0.00000000 -0.00000000
    2    2
  0.98163391  0.00000000    0.00000000  0.00000000   -0.00000000  0.00000000
 -0.00000000  0.00000000    0.40266028  0.00000000   -0.00000000  0.00000000
 -0.00000000  0.00000000   -0.00000000  0.00000000    0.40266028  0.00000000

     Diagonalizing the dynamical matrix

     q = (    0.000000000  -1.007886479   0.000000000 ) 

 **************************************************************************
     freq (    1) =       6.246826 [THz] =     208.371675 [cm-1]
 (  0.185710 -0.000000 -0.000000 -0.000000 -0.682261  0.000000 ) 
 (  0.682304  0.000000  0.000000  0.000000 -0.185722  0.000000 ) 
     freq (    2) =       6.246826 [THz] =     208.371675 [cm-1]
 ( -0.682261  0.000000 -0.000000  0.000000 -0.185710  0.000000 ) 
 (  0.185722  0.000000 -0.000000  0.000000  0.682304  0.000000 ) 
     freq (    3) =      27.517271 [THz] =     917.877364 [cm-1]
 (  0.707129 -0.000000  0.000000 -0.000000 -0.000000  0.000000 ) 
 (  0.000000 -0.000000  0.000000 -0.000000  0.707084  0.000000 ) 
     freq (    4) =      27.517271 [THz] =     917.877364 [cm-1]
 (  0.000000 -0.000000 -0.000000 -0.000000 -0.707129  0.000000 ) 
 ( -0.707084  0.000000  0.000000 -0.000000  0.000000  0.000000 ) 
     freq (    5) =      31.152663 [THz] =    1039.140979 [cm-1]
 (  0.000000 -0.000000 -0.000000 -0.000000 -0.000000  0.000000 ) 
 ( -0.000000  0.000000 -1.000000  0.000000  0.000000  0.000000 ) 
     freq (    6) =      31.153582 [THz] =    1039.171651 [cm-1]
 ( -0.000000  0.000000  1.000000 -0.000000 -0.000000  0.000000 ) 
 ( -0.000000  0.000000 -0.000000  0.000000  0.000000  0.000000 ) 
 **************************************************************************
