 ikr ibn iq imode EPCE[meV]
   1   1   1   1    0.0000000000E+00
   1   1   1   2    0.0000000000E+00
   1   1   1   3    0.0000000000E+00
   1   1   1   4   -0.9043826070E+01
   1   1   1   5   -0.9043825657E+01
   1   1   1   6   -0.9043825327E+01
   1   1   2   1                 NaN
   1   1   2   2                 NaN
   1   1   2   3   -0.4820210701E+02
   1   1   2   4   -0.1888579119E+02
   1   1   2   5   -0.1364608917E+02
   1   1   2   6   -0.1364609063E+02
   1   1   3   1                 NaN
   1   1   3   2                 NaN
   1   1   3   3   -0.4820210826E+02
   1   1   3   4   -0.1888579130E+02
   1   1   3   5   -0.1364608816E+02
   1   1   3   6   -0.1364609124E+02
   1   1   4   1   -0.2877855070E+02
   1   1   4   2   -0.2877853909E+02
   1   1   4   3   -0.2259436592E+02
   1   1   4   4   -0.2259436385E+02
   1   1   4   5   -0.2222824888E+02
   1   1   4   6   -0.2222755929E+02
   1   1   5   1                 NaN
   1   1   5   2                 NaN
   1   1   5   3   -0.4820210883E+02
   1   1   5   4   -0.1888579119E+02
   1   1   5   5   -0.1364608826E+02
   1   1   5   6   -0.1364609124E+02
   1   1   6   1   -0.2877854843E+02
   1   1   6   2   -0.2877854168E+02
   1   1   6   3   -0.2259436511E+02
   1   1   6   4   -0.2259436373E+02
   1   1   6   5   -0.2222824898E+02
   1   1   6   6   -0.2222755932E+02
   1   1   7   1   -0.2877855237E+02
   1   1   7   2   -0.2877853798E+02
   1   1   7   3   -0.2259436404E+02
   1   1   7   4   -0.2259436532E+02
   1   1   7   5   -0.2222824903E+02
   1   1   7   6   -0.2222755947E+02
   1   1   8   1                 NaN
   1   1   8   2                 NaN
   1   1   8   3   -0.4820210822E+02
   1   1   8   4   -0.1888579131E+02
   1   1   8   5   -0.1364609116E+02
   1   1   8   6   -0.1364608826E+02
   1   2   1   1    0.0000000000E+00
   1   2   1   2    0.0000000000E+00
   1   2   1   3    0.0000000000E+00
   1   2   1   4   -0.7688394858E+02
   1   2   1   5   -0.1153212379E+03
   1   2   1   6   -0.9351845276E+02
   1   2   2   1                 NaN
   1   2   2   2                 NaN
   1   2   2   3   -0.3435486909E+03
   1   2   2   4   -0.1508984677E+03
   1   2   2   5   -0.5382999647E+02
   1   2   2   6   -0.6646983809E+02
   1   2   3   1                 NaN
   1   2   3   2                 NaN
   1   2   3   3   -0.2950604535E+03
   1   2   3   4   -0.1198124457E+03
   1   2   3   5   -0.4796388922E+02
   1   2   3   6   -0.7056566619E+02
   1   2   4   1   -0.6771418352E+03
   1   2   4   2   -0.1123826752E+04
   1   2   4   3   -0.1792203167E+03
   1   2   4   4   -0.1792243084E+03
   1   2   4   5   -0.1238628776E+03
   1   2   4   6   -0.1238583369E+03
   1   2   5   1                 NaN
   1   2   5   2                 NaN
   1   2   5   3   -0.1410956746E+03
   1   2   5   4   -0.2110466531E+02
   1   2   5   5   -0.3969875998E+02
   1   2   5   6   -0.7321017510E+02
   1   2   6   1   -0.9175064839E+03
   1   2   6   2   -0.8887468383E+03
   1   2   6   3   -0.1796799739E+03
   1   2   6   4   -0.1796839045E+03
   1   2   6   5   -0.1229668439E+03
   1   2   6   6   -0.1229623102E+03
   1   2   7   1   -0.8685110647E+03
   1   2   7   2   -0.5909953495E+03
   1   2   7   3   -0.1575206168E+03
   1   2   7   4   -0.1415232481E+03
   1   2   7   5   -0.1817572088E+03
   1   2   7   6   -0.1817511975E+03
   1   2   8   1                 NaN
   1   2   8   2                 NaN
   1   2   8   3   -0.2053430213E+03
   1   2   8   4   -0.6229411702E+02
   1   2   8   5   -0.8668627994E+02
   1   2   8   6   -0.2856795984E+02
   1   3   1   1    0.0000000000E+00
   1   3   1   2    0.0000000000E+00
   1   3   1   3    0.0000000000E+00
   1   3   1   4   -0.1000254162E+03
   1   3   1   5   -0.6345408642E+02
   1   3   1   6   -0.1222442004E+03
   1   3   2   1                 NaN
   1   3   2   2                 NaN
   1   3   2   3   -0.1433956953E+03
   1   3   2   4   -0.2257925883E+02
   1   3   2   5   -0.7231132112E+02
   1   3   2   6   -0.4068155911E+02
   1   3   3   1                 NaN
   1   3   3   2                 NaN
   1   3   3   3   -0.2336108381E+03
   1   3   3   4   -0.8041668385E+02
   1   3   3   5   -0.7746488350E+02
   1   3   3   6   -0.3882150598E+02
   1   3   4   1   -0.1119828843E+04
   1   3   4   2   -0.7665874444E+03
   1   3   4   3   -0.1866598433E+03
   1   3   4   4   -0.1866491797E+03
   1   3   4   5   -0.1093753399E+03
   1   3   4   6   -0.1093711061E+03
   1   3   5   1                 NaN
   1   3   5   2                 NaN
   1   3   5   3   -0.3741694199E+03
   1   3   5   4   -0.1705296586E+03
   1   3   5   5   -0.2984565767E+02
   1   3   5   6   -0.9157199175E+02
   1   3   6   1   -0.5184427271E+03
   1   3   6   2   -0.6098097978E+03
   1   3   6   3   -0.1207104212E+03
   1   3   6   4   -0.1207085290E+03
   1   3   6   5   -0.2379207669E+03
   1   3   6   6   -0.2379133857E+03
   1   3   7   1   -0.7422994850E+03
   1   3   7   2   -0.1309760002E+04
   1   3   7   3   -0.1847112441E+03
   1   3   7   4   -0.2174130848E+03
   1   3   7   5   -0.8129082393E+02
   1   3   7   6   -0.8128733690E+02
   1   3   8   1                 NaN
   1   3   8   2                 NaN
   1   3   8   3   -0.2338719196E+03
   1   3   8   4   -0.8058406885E+02
   1   3   8   5    0.7734767687E+01
   1   3   8   6   -0.1240307343E+03
   1   4   1   1    0.0000000000E+00
   1   4   1   2    0.0000000000E+00
   1   4   1   3    0.0000000000E+00
   1   4   1   4   -0.1088143083E+03
   1   4   1   5   -0.1069483138E+03
   1   4   1   6   -0.6996101971E+02
   1   4   2   1                 NaN
   1   4   2   2                 NaN
   1   4   2   3   -0.2518415016E+03
   1   4   2   4   -0.9210453772E+02
   1   4   2   5   -0.4898102871E+02
   1   4   2   6   -0.6797077807E+02
   1   4   3   1                 NaN
   1   4   3   2                 NaN
   1   4   3   3   -0.2101146006E+03
   1   4   3   4   -0.6535313166E+02
   1   4   3   5   -0.4969356447E+02
   1   4   3   6   -0.6573503439E+02
   1   4   4   1   -0.7363931659E+03
   1   4   4   2   -0.6429500624E+03
   1   4   4   3   -0.1425459897E+03
   1   4   4   4   -0.1425526892E+03
   1   4   4   5   -0.1953487008E+03
   1   4   4   6   -0.1953424145E+03
   1   4   5   1                 NaN
   1   4   5   2                 NaN
   1   4   5   3   -0.2235207914E+03
   1   4   5   4   -0.7394793979E+02
   1   4   5   5   -0.1055779414E+03
   1   4   5   6   -0.1034001633E+02
   1   4   6   1   -0.1097414832E+04
   1   4   6   2   -0.1034807410E+04
   1   4   6   3   -0.2080357637E+03
   1   4   6   4   -0.2080337476E+03
   1   4   6   5   -0.6769930602E+02
   1   4   6   6   -0.6769616423E+02
   1   4   7   1   -0.9225532823E+03
   1   4   7   2   -0.6326089241E+03
   1   4   7   3   -0.1661942995E+03
   1   4   7   4   -0.1494898389E+03
   1   4   7   5   -0.1655388865E+03
   1   4   7   6   -0.1655333226E+03
   1   4   8   1                 NaN
   1   4   8   2                 NaN
   1   4   8   3   -0.2995709429E+03
   1   4   8   4   -0.1227040789E+03
   1   4   8   5   -0.9617067751E+02
   1   4   8   6   -0.2252365468E+02
   1   5   1   1    0.0000000000E+00
   1   5   1   2    0.0000000000E+00
   1   5   1   3    0.0000000000E+00
   1   5   1   4   -0.4622257455E+02
   1   5   1   5   -0.1384772733E+03
   1   5   1   6   -0.1027537691E+03
   1   5   2   1                 NaN
   1   5   2   2                 NaN
   1   5   2   3   -0.1198323618E+03
   1   5   2   4   -0.7056678793E+02
   1   5   2   5   -0.2252977847E+03
   1   5   2   6   -0.4508779727E+03
   1   5   3   1                 NaN
   1   5   3   2                 NaN
   1   5   3   3   -0.1420064143E+03
   1   5   3   4   -0.8233353326E+02
   1   5   3   5   -0.3687449023E+03
   1   5   3   6   -0.2739920593E+03
   1   5   4   1   -0.9344505481E+03
   1   5   4   2   -0.5701414927E+03
   1   5   4   3    0.3399449833E+03
   1   5   4   4    0.3399423756E+03
   1   5   4   5   -0.8377665248E+02
   1   5   4   6   -0.8377268474E+02
   1   5   5   1                 NaN
   1   5   5   2                 NaN
   1   5   5   3   -0.2423074677E+03
   1   5   5   4   -0.1355589101E+03
   1   5   5   5   -0.3164238923E+03
   1   5   5   6   -0.1750543386E+03
   1   5   6   1   -0.7387112925E+03
   1   5   6   2   -0.5246869607E+03
   1   5   6   3    0.2084583022E+03
   1   5   6   4    0.2084528239E+03
   1   5   6   5   -0.1080202095E+03
   1   5   6   6   -0.1080172203E+03
   1   5   7   1   -0.6330437866E+03
   1   5   7   2   -0.4101771493E+03
   1   5   7   3    0.1363602618E+03
   1   5   7   4    0.4048917492E+02
   1   5   7   5   -0.1301512528E+03
   1   5   7   6   -0.1301491102E+03
   1   5   8   1                 NaN
   1   5   8   2                 NaN
   1   5   8   3   -0.4145698581E+03
   1   5   8   4   -0.2269709748E+03
   1   5   8   5   -0.1213458812E+03
   1   5   8   6   -0.1103531046E+03
   1   6   1   1    0.0000000000E+00
   1   6   1   2    0.0000000000E+00
   1   6   1   3    0.0000000000E+00
   1   6   1   4   -0.5019447547E+02
   1   6   1   5   -0.1056076472E+03
   1   6   1   6   -0.1316514680E+03
   1   6   2   1                 NaN
   1   6   2   2                 NaN
   1   6   2   3   -0.3764117863E+03
   1   6   2   4   -0.2067221606E+03
   1   6   2   5   -0.1747331011E+03
   1   6   2   6   -0.1145099906E+03
   1   6   3   1                 NaN
   1   6   3   2                 NaN
   1   6   3   3   -0.2803942177E+03
   1   6   3   4   -0.1557699251E+03
   1   6   3   5   -0.1674530964E+03
   1   6   3   6   -0.2665883025E+03
   1   6   4   1   -0.5772823273E+03
   1   6   4   2   -0.9414689655E+03
   1   6   4   3    0.3476616623E+03
   1   6   4   4    0.3476635422E+03
   1   6   4   5   -0.8235344472E+02
   1   6   4   6   -0.8234942628E+02
   1   6   5   1                 NaN
   1   6   5   2                 NaN
   1   6   5   3   -0.1375994298E+03
   1   6   5   4   -0.7999497907E+02
   1   6   5   5   -0.2257860214E+03
   1   6   5   6   -0.4235964618E+03
   1   6   6   1   -0.4769668020E+03
   1   6   6   2   -0.5972251662E+03
   1   6   6   3    0.1053104722E+03
   1   6   6   4    0.1053070285E+03
   1   6   6   5   -0.1270381878E+03
   1   6   6   6   -0.1270359852E+03
   1   6   7   1   -0.6705439210E+03
   1   6   7   2   -0.5477241884E+03
   1   6   7   3    0.2102727864E+03
   1   6   7   4    0.1574324433E+03
   1   6   7   5   -0.1125564464E+03
   1   6   7   6   -0.1125536577E+03
   1   6   8   1                 NaN
   1   6   8   2                 NaN
   1   6   8   3   -0.1243104664E+03
   1   6   8   4   -0.7294312867E+02
   1   6   8   5   -0.3605185073E+03
   1   6   8   6   -0.3089040735E+03
   1   7   1   1    0.0000000000E+00
   1   7   1   2    0.0000000000E+00
   1   7   1   3    0.0000000000E+00
   1   7   1   4   -0.1910365709E+03
   1   7   1   5   -0.4336868128E+02
   1   7   1   6   -0.5304839537E+02
   1   7   2   1                 NaN
   1   7   2   2                 NaN
   1   7   2   3   -0.1927928826E+03
   1   7   2   4   -0.1092837081E+03
   1   7   2   5   -0.3657529636E+03
   1   7   2   6   -0.2003956627E+03
   1   7   3   1                 NaN
   1   7   3   2                 NaN
   1   7   3   3   -0.2666363764E+03
   1   7   3   4   -0.1484691951E+03
   1   7   3   5   -0.2295858592E+03
   1   7   3   6   -0.2252032750E+03
   1   7   4   1   -0.3938727508E+03
   1   7   4   2   -0.3939952914E+03
   1   7   4   3   -0.5078278853E+02
   1   7   4   4   -0.5078191775E+02
   1   7   4   5   -0.1558180749E+03
   1   7   4   6   -0.1558169800E+03
   1   7   5   1                 NaN
   1   7   5   2                 NaN
   1   7   5   3   -0.3091301347E+03
   1   7   5   4   -0.1710187676E+03
   1   7   5   5   -0.2235739642E+03
   1   7   5   6   -0.1671327861E+03
   1   7   6   1   -0.6899276040E+03
   1   7   6   2   -0.7836935524E+03
   1   7   6   3    0.3230551403E+03
   1   7   6   4    0.3230642015E+03
   1   7   6   5   -0.8688971483E+02
   1   7   6   6   -0.8688582437E+02
   1   7   7   1   -0.6020179172E+03
   1   7   7   2   -0.9477044771E+03
   1   7   7   3    0.2901910138E+03
   1   7   7   4    0.4389023092E+03
   1   7   7   5   -0.7924042692E+02
   1   7   7   6   -0.7923627643E+02
   1   7   8   1                 NaN
   1   7   8   2                 NaN
   1   7   8   3   -0.1501566899E+03
   1   7   8   4   -0.8665854929E+02
   1   7   8   5   -0.2839192140E+03
   1   7   8   6   -0.3465266615E+03
   1   8   1   1    0.0000000000E+00
   1   8   1   2    0.0000000000E+00
   1   8   1   3    0.0000000000E+00
   1   8   1   4   -0.1408608842E+02
   1   8   1   5   -0.1408609112E+02
   1   8   1   6   -0.1408610354E+02
   1   8   2   1                 NaN
   1   8   2   2                 NaN
   1   8   2   3   -0.3314312272E+03
   1   8   2   4   -0.7741806608E+02
   1   8   2   5   -0.1813884038E+02
   1   8   2   6   -0.1813885860E+02
   1   8   3   1                 NaN
   1   8   3   2                 NaN
   1   8   3   3   -0.3314312479E+03
   1   8   3   4   -0.7741806899E+02
   1   8   3   5   -0.1813884836E+02
   1   8   3   6   -0.1813885213E+02
   1   8   4   1   -0.2028267769E+03
   1   8   4   2   -0.2028268189E+03
   1   8   4   3   -0.2552935492E+03
   1   8   4   4   -0.2552935803E+03
   1   8   4   5   -0.9347110956E+02
   1   8   4   6   -0.9347119303E+02
   1   8   5   1                 NaN
   1   8   5   2                 NaN
   1   8   5   3   -0.3314311765E+03
   1   8   5   4   -0.7741806850E+02
   1   8   5   5   -0.1813884021E+02
   1   8   5   6   -0.1813885247E+02
   1   8   6   1   -0.2028268048E+03
   1   8   6   2   -0.2028267830E+03
   1   8   6   3   -0.2552935392E+03
   1   8   6   4   -0.2552935660E+03
   1   8   6   5   -0.9347111451E+02
   1   8   6   6   -0.9347119530E+02
   1   8   7   1   -0.2028267699E+03
   1   8   7   2   -0.2028268179E+03
   1   8   7   3   -0.2552935588E+03
   1   8   7   4   -0.2552935841E+03
   1   8   7   5   -0.9347110454E+02
   1   8   7   6   -0.9347119706E+02
   1   8   8   1                 NaN
   1   8   8   2                 NaN
   1   8   8   3   -0.3314313069E+03
   1   8   8   4   -0.7741807034E+02
   1   8   8   5   -0.1813884443E+02
   1   8   8   6   -0.1813884085E+02
   2   1   1   1    0.0000000000E+00
   2   1   1   2    0.0000000000E+00
   2   1   1   3    0.0000000000E+00
   2   1   1   4   -0.1894150845E+02
   2   1   1   5   -0.1856359586E+02
   2   1   1   6   -0.1818568084E+02
   2   1   2   1                 NaN
   2   1   2   2                 NaN
   2   1   2   3   -0.4462741360E+02
   2   1   2   4   -0.9969432766E+01
   2   1   2   5   -0.2284137317E+02
   2   1   2   6   -0.2284137590E+02
   2   1   3   1                 NaN
   2   1   3   2                 NaN
   2   1   3   3   -0.9589513065E+02
   2   1   3   4   -0.4005373314E+02
   2   1   3   5   -0.3288958062E+02
   2   1   3   6   -0.3489952420E+02
   2   1   4   1   -0.6662442432E+02
   2   1   4   2   -0.9811915718E+02
   2   1   4   3   -0.6093483223E+02
   2   1   4   4   -0.6093482201E+02
   2   1   4   5   -0.4237192844E+02
   2   1   4   6   -0.4237075240E+02
   2   1   5   1                 NaN
   2   1   5   2                 NaN
   2   1   5   3   -0.9589513111E+02
   2   1   5   4   -0.4005373324E+02
   2   1   5   5   -0.3261497148E+02
   2   1   5   6   -0.3517413197E+02
   2   1   6   1   -0.6358156100E+02
   2   1   6   2   -0.1011620210E+03
   2   1   6   3   -0.6093483332E+02
   2   1   6   4   -0.6093482171E+02
   2   1   6   5   -0.4237193091E+02
   2   1   6   6   -0.4237075714E+02
   2   1   7   1   -0.1077278566E+03
   2   1   7   2   -0.5701572564E+02
   2   1   7   3   -0.6815002519E+02
   2   1   7   4   -0.5371964552E+02
   2   1   7   5   -0.4237192664E+02
   2   1   7   6   -0.4237075053E+02
   2   1   8   1                 NaN
   2   1   8   2                 NaN
   2   1   8   3   -0.9589513108E+02
   2   1   8   4   -0.4005373332E+02
   2   1   8   5   -0.3508903256E+02
   2   1   8   6   -0.3270007178E+02
   2   2   1   1    0.0000000000E+00
   2   2   1   2    0.0000000000E+00
   2   2   1   3    0.0000000000E+00
   2   2   1   4   -0.3037088428E+02
   2   2   1   5   -0.4038539344E+02
   2   2   1   6   -0.5039990739E+02
   2   2   2   1                 NaN
   2   2   2   2                 NaN
   2   2   2   3   -0.1546133164E+03
   2   2   2   4   -0.9347967013E+02
   2   2   2   5   -0.3451853253E+02
   2   2   2   6   -0.3451853199E+02
   2   2   3   1                 NaN
   2   2   3   2                 NaN
   2   2   3   3   -0.1344984209E+03
   2   2   3   4   -0.1066928513E+03
   2   2   3   5   -0.4956619539E+02
   2   2   3   6   -0.1787922338E+03
   2   2   4   1   -0.1997557350E+03
   2   2   4   2   -0.3198307444E+03
   2   2   4   3   -0.4971305016E+02
   2   2   4   4   -0.4971303000E+02
   2   2   4   5   -0.4150773080E+02
   2   2   4   6   -0.4150647804E+02
   2   2   5   1                 NaN
   2   2   5   2                 NaN
   2   2   5   3   -0.1344984192E+03
   2   2   5   4   -0.1066928563E+03
   2   2   5   5   -0.3191084543E+02
   2   2   5   6   -0.1964475747E+03
   2   2   6   1   -0.1881547154E+03
   2   2   6   2   -0.3314317586E+03
   2   2   6   3   -0.4971304730E+02
   2   2   6   4   -0.4971302843E+02
   2   2   6   5   -0.4150772990E+02
   2   2   6   6   -0.4150647922E+02
   2   2   7   1   -0.3564641104E+03
   2   2   7   2   -0.1631222021E+03
   2   2   7   3   -0.5014691996E+02
   2   2   7   4   -0.4927915104E+02
   2   2   7   5   -0.4150774417E+02
   2   2   7   6   -0.4150650290E+02
   2   2   8   1                 NaN
   2   2   8   2                 NaN
   2   2   8   3   -0.1344984134E+03
   2   2   8   4   -0.1066928571E+03
   2   2   8   5   -0.1909762872E+03
   2   2   8   6   -0.3738213412E+02
   2   3   1   1    0.0000000000E+00
   2   3   1   2    0.0000000000E+00
   2   3   1   3    0.0000000000E+00
   2   3   1   4   -0.8878859453E+02
   2   3   1   5   -0.9816161144E+02
   2   3   1   6   -0.7873970915E+02
   2   3   2   1                 NaN
   2   3   2   2                 NaN
   2   3   2   3   -0.1432113365E+03
   2   3   2   4   -0.1248464351E+03
   2   3   2   5   -0.2353010869E+03
   2   3   2   6   -0.2744295337E+03
   2   3   3   1                 NaN
   2   3   3   2                 NaN
   2   3   3   3   -0.2272442047E+03
   2   3   3   4   -0.1065742930E+03
   2   3   3   5   -0.1212507294E+03
   2   3   3   6   -0.9876442657E+02
   2   3   4   1   -0.7680913912E+03
   2   3   4   2   -0.5648739810E+03
   2   3   4   3   -0.1736108850E+03
   2   3   4   4   -0.1736135329E+03
   2   3   4   5   -0.1386675332E+03
   2   3   4   6   -0.1386630500E+03
   2   3   5   1                 NaN
   2   3   5   2                 NaN
   2   3   5   3   -0.2003760835E+03
   2   3   5   4   -0.8585130997E+02
   2   3   5   5   -0.1521447341E+03
   2   3   5   6   -0.8040471200E+02
   2   3   6   1   -0.8735950557E+03
   2   3   6   2   -0.5422383892E+03
   2   3   6   3   -0.1796497405E+03
   2   3   6   4   -0.1796513798E+03
   2   3   6   5   -0.1255057349E+03
   2   3   6   6   -0.1255015294E+03
   2   3   7   1   -0.5318718245E+03
   2   3   7   2   -0.6712982264E+03
   2   3   7   3   -0.1634183959E+03
   2   3   7   4   -0.1648902402E+03
   2   3   7   5   -0.1592827182E+03
   2   3   7   6   -0.1592777077E+03
   2   3   8   1                 NaN
   2   3   8   2                 NaN
   2   3   8   3   -0.2693274184E+03
   2   3   8   4   -0.1390324743E+03
   2   3   8   5   -0.9273140187E+02
   2   3   8   6   -0.1076513867E+03
   2   4   1   1    0.0000000000E+00
   2   4   1   2    0.0000000000E+00
   2   4   1   3    0.0000000000E+00
   2   4   1   4   -0.1054101152E+03
   2   4   1   5   -0.7896499890E+02
   2   4   1   6   -0.8131485088E+02
   2   4   2   1                 NaN
   2   4   2   2                 NaN
   2   4   2   3   -0.1432113224E+03
   2   4   2   4   -0.1248464540E+03
   2   4   2   5   -0.2744295527E+03
   2   4   2   6   -0.2353010582E+03
   2   4   3   1                 NaN
   2   4   3   2                 NaN
   2   4   3   3   -0.2373875736E+03
   2   4   3   4   -0.1143977725E+03
   2   4   3   5   -0.1294044684E+03
   2   4   3   6   -0.8587858676E+02
   2   4   4   1   -0.7384020965E+03
   2   4   4   2   -0.5632784499E+03
   2   4   4   3   -0.1713338140E+03
   2   4   4   4   -0.1713311994E+03
   2   4   4   5   -0.1436364632E+03
   2   4   4   6   -0.1436318050E+03
   2   4   5   1                 NaN
   2   4   5   2                 NaN
   2   4   5   3   -0.2642556993E+03
   2   4   5   4   -0.1351207545E+03
   2   4   5   5   -0.1075293036E+03
   2   4   5   6   -0.9521945460E+02
   2   4   6   1   -0.6694519817E+03
   2   4   6   2   -0.5493604776E+03
   2   4   6   3   -0.1652949545E+03
   2   4   6   4   -0.1652933512E+03
   2   4   6   5   -0.1567982628E+03
   2   4   6   6   -0.1567933315E+03
   2   4   7   1   -0.4808529510E+03
   2   4   7   2   -0.9506232694E+03
   2   4   7   3   -0.1679833909E+03
   2   4   7   4   -0.1935973848E+03
   2   4   7   5   -0.1230212569E+03
   2   4   7   6   -0.1230171101E+03
   2   4   8   1                 NaN
   2   4   8   2                 NaN
   2   4   8   3   -0.1953043624E+03
   2   4   8   4   -0.8193959162E+02
   2   4   8   5   -0.8568765561E+02
   2   4   8   6   -0.1492277647E+03
   2   5   1   1    0.0000000000E+00
   2   5   1   2    0.0000000000E+00
   2   5   1   3    0.0000000000E+00
   2   5   1   4   -0.2448542264E+03
   2   5   1   5   -0.9976561975E+02
   2   5   1   6   -0.4390590821E+02
   2   5   2   1                 NaN
   2   5   2   2                 NaN
   2   5   2   3   -0.9834527204E+02
   2   5   2   4   -0.7645293183E+02
   2   5   2   5   -0.3450345356E+02
   2   5   2   6    0.8607409023E+02
   2   5   3   1                 NaN
   2   5   3   2                 NaN
   2   5   3   3   -0.3098029699E+03
   2   5   3   4   -0.1843017530E+03
   2   5   3   5   -0.1066254841E+03
   2   5   3   6   -0.7679204683E+02
   2   5   4   1   -0.4248463637E+03
   2   5   4   2   -0.6665110141E+03
   2   5   4   3   -0.1398235760E+03
   2   5   4   4   -0.1398252425E+03
   2   5   4   5   -0.2115503145E+03
   2   5   4   6   -0.2115416485E+03
   2   5   5   1                 NaN
   2   5   5   2                 NaN
   2   5   5   3   -0.1366912788E+03
   2   5   5   4   -0.9626651208E+02
   2   5   5   5   -0.2203794577E+02
   2   5   5   6   -0.7620847798E+02
   2   5   6   1   -0.1094898433E+04
   2   5   6   2   -0.6309440188E+03
   2   5   6   3   -0.3900957312E+03
   2   5   6   4   -0.3900892531E+03
   2   5   6   5   -0.9022889872E+02
   2   5   6   6   -0.9022503734E+02
   2   5   7   1   -0.5883575789E+03
   2   5   7   2   -0.1009245060E+04
   2   5   7   3   -0.2674947872E+03
   2   5   7   4   -0.4115232789E+03
   2   5   7   5   -0.1147500015E+03
   2   5   7   6   -0.1147451813E+03
   2   5   8   1                 NaN
   2   5   8   2                 NaN
   2   5   8   3   -0.1716799662E+03
   2   5   8   4   -0.1140598910E+03
   2   5   8   5   -0.4081569562E+02
   2   5   8   6   -0.7464506098E+02
   2   6   1   1    0.0000000000E+00
   2   6   1   2    0.0000000000E+00
   2   6   1   3    0.0000000000E+00
   2   6   1   4   -0.5693815419E+02
   2   6   1   5   -0.1592515015E+03
   2   6   1   6   -0.1723360480E+03
   2   6   2   1                 NaN
   2   6   2   2                 NaN
   2   6   2   3   -0.9834522464E+02
   2   6   2   4   -0.7645297402E+02
   2   6   2   5    0.8607393191E+02
   2   6   2   6   -0.3450360037E+02
   2   6   3   1                 NaN
   2   6   3   2                 NaN
   2   6   3   3   -0.1023133394E+03
   2   6   3   4   -0.7878372048E+02
   2   6   3   5   -0.2898272342E+02
   2   6   3   6   -0.5234955957E+02
   2   6   4   1   -0.1182943024E+04
   2   6   4   2   -0.6689014033E+03
   2   6   4   3   -0.4397939630E+03
   2   6   4   4   -0.4397923618E+03
   2   6   4   5   -0.6613582924E+02
   2   6   4   6   -0.6613294920E+02
   2   6   5   1                 NaN
   2   6   5   2                 NaN
   2   6   5   3   -0.2754248435E+03
   2   6   5   4   -0.1668189194E+03
   2   6   5   5   -0.1144537515E+03
   2   6   5   6   -0.5204963534E+02
   2   6   6   1   -0.5392064286E+03
   2   6   6   2   -0.6781520459E+03
   2   6   6   3   -0.1895215257E+03
   2   6   6   4   -0.1895279951E+03
   2   6   6   5   -0.1874572270E+03
   2   6   6   6   -0.1874495498E+03
   2   6   7   1   -0.6639550726E+03
   2   6   7   2   -0.6816437747E+03
   2   6   7   3   -0.2085990433E+03
   2   6   7   4   -0.2716171140E+03
   2   6   7   5   -0.1629360752E+03
   2   6   7   6   -0.1629293610E+03
   2   6   8   1                 NaN
   2   6   8   2                 NaN
   2   6   8   3   -0.2404361060E+03
   2   6   8   4   -0.1490255183E+03
   2   6   8   5   -0.8771621868E+02
   2   6   8   6   -0.6157282777E+02
   2   7   1   1    0.0000000000E+00
   2   7   1   2    0.0000000000E+00
   2   7   1   3    0.0000000000E+00
   2   7   1   4    0.1039296547E+03
   2   7   1   5    0.7995049779E+02
   2   7   1   6    0.5597140918E+02
   2   7   2   1                 NaN
   2   7   2   2                 NaN
   2   7   2   3   -0.5110465708E+02
   2   7   2   4   -0.1144689881E+02
   2   7   2   5    0.4565170884E+02
   2   7   2   6    0.4565168178E+02
   2   7   3   1                 NaN
   2   7   3   2                 NaN
   2   7   3   3   -0.4436488296E+02
   2   7   3   4   -0.3901961620E+02
   2   7   3   5   -0.9908109911E+02
   2   7   3   6   -0.3176686553E+02
   2   7   4   1   -0.3971246080E+02
   2   7   4   2   -0.6967431428E+02
   2   7   4   3    0.2405596270E+03
   2   7   4   4    0.2405595843E+03
   2   7   4   5   -0.6436968592E+02
   2   7   4   6   -0.6436934623E+02
   2   7   5   1                 NaN
   2   7   5   2                 NaN
   2   7   5   3   -0.4436488548E+02
   2   7   5   4   -0.3901961592E+02
   2   7   5   5   -0.1082778242E+03
   2   7   5   6   -0.2257015660E+02
   2   7   6   1   -0.3681760773E+02
   2   7   6   2   -0.7256922597E+02
   2   7   6   3    0.2405596469E+03
   2   7   6   4    0.2405596235E+03
   2   7   6   5   -0.6436968202E+02
   2   7   6   6   -0.6436933870E+02
   2   7   7   1   -0.7881560794E+02
   2   7   7   2   -0.3057137951E+02
   2   7   7   3    0.1546120770E+03
   2   7   7   4    0.3265073214E+03
   2   7   7   5   -0.6436966670E+02
   2   7   7   6   -0.6436934112E+02
   2   7   8   1                 NaN
   2   7   8   2                 NaN
   2   7   8   3   -0.4436488362E+02
   2   7   8   4   -0.3901961611E+02
   2   7   8   5   -0.2542016341E+02
   2   7   8   6   -0.1054278127E+03
   2   8   1   1    0.0000000000E+00
   2   8   1   2    0.0000000000E+00
   2   8   1   3    0.0000000000E+00
   2   8   1   4   -0.7990295846E+02
   2   8   1   5   -0.1009178807E+03
   2   8   1   6   -0.1219329217E+03
   2   8   2   1                 NaN
   2   8   2   2                 NaN
   2   8   2   3   -0.8426787437E+02
   2   8   2   4   -0.3333980066E+03
   2   8   2   5   -0.7094630452E+02
   2   8   2   6   -0.7094630520E+02
   2   8   3   1                 NaN
   2   8   3   2                 NaN
   2   8   3   3   -0.1385995939E+03
   2   8   3   4   -0.5756029088E+02
   2   8   3   5   -0.1120910508E+03
   2   8   3   6   -0.3309648481E+03
   2   8   4   1   -0.4074475687E+03
   2   8   4   2   -0.9499645011E+03
   2   8   4   3   -0.1369092856E+03
   2   8   4   4   -0.1369092628E+03
   2   8   4   5   -0.9734413360E+02
   2   8   4   6   -0.9734095255E+02
   2   8   5   1                 NaN
   2   8   5   2                 NaN
   2   8   5   3   -0.1385995919E+03
   2   8   5   4   -0.5756029011E+02
   2   8   5   5   -0.8218950131E+02
   2   8   5   6   -0.3608692261E+03
   2   8   6   1   -0.3550339267E+03
   2   8   6   2   -0.1002380861E+04
   2   8   6   3   -0.1369092801E+03
   2   8   6   4   -0.1369092645E+03
   2   8   6   5   -0.9734413415E+02
   2   8   6   6   -0.9734096398E+02
   2   8   7   1   -0.1115483707E+04
   2   8   7   2   -0.2419393035E+03
   2   8   7   3   -0.1511724568E+03
   2   8   7   4   -0.1226471072E+03
   2   8   7   5   -0.9734415209E+02
   2   8   7   6   -0.9734097954E+02
   2   8   8   1                 NaN
   2   8   8   2                 NaN
   2   8   8   3   -0.1385995979E+03
   2   8   8   4   -0.5756028044E+02
   2   8   8   5   -0.3516018366E+03
   2   8   8   6   -0.9145544801E+02
   3   1   1   1    0.0000000000E+00
   3   1   1   2    0.0000000000E+00
   3   1   1   3    0.0000000000E+00
   3   1   1   4   -0.4896245022E+02
   3   1   1   5   -0.3108270650E+02
   3   1   1   6   -0.3243281812E+02
   3   1   2   1                 NaN
   3   1   2   2                 NaN
   3   1   2   3   -0.1870783442E+02
   3   1   2   4    0.1206893293E+02
   3   1   2   5   -0.1418784522E+00
   3   1   2   6   -0.3341206116E+02
   3   1   3   1                 NaN
   3   1   3   2                 NaN
   3   1   3   3   -0.1870786189E+02
   3   1   3   4    0.1206888986E+02
   3   1   3   5   -0.3197366010E+02
   3   1   3   6   -0.1580241517E+01
   3   1   4   1   -0.1080119169E+03
   3   1   4   2   -0.1080119440E+03
   3   1   4   3   -0.4990277269E+02
   3   1   4   4   -0.4990277218E+02
   3   1   4   5   -0.1204842941E+03
   3   1   4   6   -0.1650407553E+02
   3   1   5   1                 NaN
   3   1   5   2                 NaN
   3   1   5   3   -0.1870782042E+02
   3   1   5   4    0.1206890573E+02
   3   1   5   5   -0.1778390493E+01
   3   1   5   6   -0.3177555625E+02
   3   1   6   1   -0.1567945496E+03
   3   1   6   2   -0.3162321403E+03
   3   1   6   3   -0.3948334667E+02
   3   1   6   4   -0.8883668037E+02
   3   1   6   5   -0.4490037308E+02
   3   1   6   6   -0.3334431173E+02
   3   1   7   1   -0.2943611012E+03
   3   1   7   2   -0.1786655907E+03
   3   1   7   3   -0.8771312949E+02
   3   1   7   4   -0.4060689744E+02
   3   1   7   5   -0.4490037310E+02
   3   1   7   6   -0.3334431243E+02
   3   1   8   1                 NaN
   3   1   8   2                 NaN
   3   1   8   3   -0.1870783197E+02
   3   1   8   4    0.1206893372E+02
   3   1   8   5   -0.1777997749E+02
   3   1   8   6   -0.1577395119E+02
   3   2   1   1    0.0000000000E+00
   3   2   1   2    0.0000000000E+00
   3   2   1   3    0.0000000000E+00
   3   2   1   4   -0.4895318750E+02
   3   2   1   5   -0.3108294823E+02
   3   2   1   6   -0.3243234164E+02
   3   2   2   1                 NaN
   3   2   2   2                 NaN
   3   2   2   3   -0.1870146745E+02
   3   2   2   4    0.1206565513E+02
   3   2   2   5   -0.1434216562E+00
   3   2   2   6   -0.3341296480E+02
   3   2   3   1                 NaN
   3   2   3   2                 NaN
   3   2   3   3   -0.1870149192E+02
   3   2   3   4    0.1206564823E+02
   3   2   3   5   -0.3197460632E+02
   3   2   3   6   -0.1581706028E+01
   3   2   4   1   -0.1080014044E+03
   3   2   4   2   -0.1080014087E+03
   3   2   4   3   -0.4990510350E+02
   3   2   4   4   -0.4990510072E+02
   3   2   4   5   -0.1650412295E+02
   3   2   4   6   -0.1204808723E+03
   3   2   5   1                 NaN
   3   2   5   2                 NaN
   3   2   5   3   -0.1870147502E+02
   3   2   5   4    0.1206563045E+02
   3   2   5   5   -0.1779874715E+01
   3   2   5   6   -0.3177650185E+02
   3   2   6   1   -0.3161957779E+03
   3   2   6   2   -0.1567809813E+03
   3   2   6   3   -0.8874086144E+02
   3   2   6   4   -0.3948540838E+02
   3   2   6   5   -0.3334552836E+02
   3   2   6   6   -0.4489874415E+02
   3   2   7   1   -0.1786488733E+03
   3   2   7   2   -0.2943278849E+03
   3   2   7   3   -0.4060673138E+02
   3   2   7   4   -0.8761953774E+02
   3   2   7   5   -0.3334552678E+02
   3   2   7   6   -0.4489874408E+02
   3   2   8   1                 NaN
   3   2   8   2                 NaN
   3   2   8   3   -0.1870147387E+02
   3   2   8   4    0.1206565627E+02
   3   2   8   5   -0.1778115650E+02
   3   2   8   6   -0.1577523084E+02
   3   3   1   1    0.0000000000E+00
   3   3   1   2    0.0000000000E+00
   3   3   1   3    0.0000000000E+00
   3   3   1   4   -0.5182144707E+02
   3   3   1   5   -0.7987358937E+02
   3   3   1   6   -0.7775514553E+02
   3   3   2   1                 NaN
   3   3   2   2                 NaN
   3   3   2   3   -0.2449400936E+03
   3   3   2   4   -0.1267742272E+03
   3   3   2   5   -0.1037576115E+03
   3   3   2   6   -0.9594091507E+02
   3   3   3   1                 NaN
   3   3   3   2                 NaN
   3   3   3   3   -0.2449399843E+03
   3   3   3   4   -0.1267742695E+03
   3   3   3   5   -0.9627895008E+02
   3   3   3   6   -0.1034195320E+03
   3   3   4   1   -0.6875106777E+03
   3   3   4   2   -0.6470947985E+03
   3   3   4   3   -0.1506531641E+03
   3   3   4   4   -0.2118163861E+03
   3   3   4   5   -0.9556578369E+02
   3   3   4   6   -0.9556298262E+02
   3   3   5   1                 NaN
   3   3   5   2                 NaN
   3   3   5   3   -0.1579804534E+03
   3   3   5   4   -0.1091124583E+03
   3   3   5   5   -0.9574069016E+02
   3   3   5   6   -0.1553633814E+03
   3   3   6   1   -0.3877705865E+03
   3   3   6   2   -0.5021657521E+03
   3   3   6   3   -0.1170926878E+03
   3   3   6   4   -0.1619973906E+03
   3   3   6   5   -0.1638748848E+03
   3   3   6   6   -0.1058141898E+03
   3   3   7   1   -0.4034595085E+03
   3   3   7   2   -0.4864975675E+03
   3   3   7   3   -0.1181179878E+03
   3   3   7   4   -0.1609672309E+03
   3   3   7   5   -0.1058174822E+03
   3   3   7   6   -0.1638704384E+03
   3   3   8   1                 NaN
   3   3   8   2                 NaN
   3   3   8   3   -0.1579804297E+03
   3   3   8   4   -0.1091124627E+03
   3   3   8   5   -0.1275461567E+03
   3   3   8   6   -0.1235578955E+03
   3   4   1   1    0.0000000000E+00
   3   4   1   2    0.0000000000E+00
   3   4   1   3    0.0000000000E+00
   3   4   1   4   -0.5182147074E+02
   3   4   1   5   -0.7987336944E+02
   3   4   1   6   -0.7775537643E+02
   3   4   2   1                 NaN
   3   4   2   2                 NaN
   3   4   2   3   -0.1579804288E+03
   3   4   2   4   -0.1091124830E+03
   3   4   2   5   -0.9248786574E+02
   3   4   2   6   -0.1586161900E+03
   3   4   3   1                 NaN
   3   4   3   2                 NaN
   3   4   3   3   -0.1579804512E+03
   3   4   3   4   -0.1091124981E+03
   3   4   3   5   -0.1557571897E+03
   3   4   3   6   -0.9534689043E+02
   3   4   4   1   -0.6470946848E+03
   3   4   4   2   -0.6875107339E+03
   3   4   4   3   -0.2118163664E+03
   3   4   4   4   -0.1506531438E+03
   3   4   4   5   -0.9556576525E+02
   3   4   4   6   -0.9556297517E+02
   3   4   5   1                 NaN
   3   4   5   2                 NaN
   3   4   5   3   -0.2449400536E+03
   3   4   5   4   -0.1267742905E+03
   3   4   5   5   -0.1033730304E+03
   3   4   5   6   -0.9632548080E+02
   3   4   6   1   -0.5021950229E+03
   3   4   6   2   -0.3877619446E+03
   3   4   6   3   -0.1619892534E+03
   3   4   6   4   -0.1170959811E+03
   3   4   6   5   -0.1058174808E+03
   3   4   6   6   -0.1638704249E+03
   3   4   7   1   -0.4864733113E+03
   3   4   7   2   -0.4034629219E+03
   3   4   7   3   -0.1609751122E+03
   3   4   7   4   -0.1181149832E+03
   3   4   7   5   -0.1638748739E+03
   3   4   7   6   -0.1058141831E+03
   3   4   8   1                 NaN
   3   4   8   2                 NaN
   3   4   8   3   -0.2449400836E+03
   3   4   8   4   -0.1267742484E+03
   3   4   8   5   -0.9961305031E+02
   3   4   8   6   -0.1000854802E+03
   3   5   1   1    0.0000000000E+00
   3   5   1   2    0.0000000000E+00
   3   5   1   3    0.0000000000E+00
   3   5   1   4   -0.2821947766E+02
   3   5   1   5   -0.4150916470E+02
   3   5   1   6   -0.4050566254E+02
   3   5   2   1                 NaN
   3   5   2   2                 NaN
   3   5   2   3   -0.8811084231E+02
   3   5   2   4   -0.4901084028E+02
   3   5   2   5   -0.3570790495E+02
   3   5   2   6   -0.1005665467E+03
   3   5   3   1                 NaN
   3   5   3   2                 NaN
   3   5   3   3   -0.8811085506E+02
   3   5   3   4   -0.4901082383E+02
   3   5   3   5   -0.9776252938E+02
   3   5   3   6   -0.3851197688E+02
   3   5   4   1    0.6806048522E+02
   3   5   4   2    0.6806026198E+02
   3   5   4   3   -0.5949464761E+03
   3   5   4   4   -0.5949466380E+03
   3   5   4   5   -0.9360066639E+02
   3   5   4   6   -0.1136121922E+03
   3   5   5   1                 NaN
   3   5   5   2                 NaN
   3   5   5   3   -0.8811085878E+02
   3   5   5   4   -0.4901083142E+02
   3   5   5   5   -0.3889821870E+02
   3   5   5   6   -0.9737624958E+02
   3   5   6   1   -0.1576291223E+03
   3   5   6   2   -0.2838119554E+03
   3   5   6   3    0.4980233328E+01
   3   5   6   4   -0.6429567479E+02
   3   5   6   5   -0.1586986493E+02
   3   5   6   6   -0.2322540235E+02
   3   5   7   1   -0.2665026154E+03
   3   5   7   2   -0.1749384602E+03
   3   5   7   3   -0.6271857422E+02
   3   5   7   4    0.3403135327E+01
   3   5   7   5   -0.1586986489E+02
   3   5   7   6   -0.2322540268E+02
   3   5   8   1                 NaN
   3   5   8   2                 NaN
   3   5   8   3   -0.8811084663E+02
   3   5   8   4   -0.4901083970E+02
   3   5   8   5   -0.7009253190E+02
   3   5   8   6   -0.6618191544E+02
   3   6   1   1    0.0000000000E+00
   3   6   1   2    0.0000000000E+00
   3   6   1   3    0.0000000000E+00
   3   6   1   4   -0.2820540368E+02
   3   6   1   5   -0.4150813547E+02
   3   6   1   6   -0.4050362996E+02
   3   6   2   1                 NaN
   3   6   2   2                 NaN
   3   6   2   3   -0.8810298446E+02
   3   6   2   4   -0.4901413100E+02
   3   6   2   5   -0.3570832663E+02
   3   6   2   6   -0.1005645900E+03
   3   6   3   1                 NaN
   3   6   3   2                 NaN
   3   6   3   3   -0.8810299283E+02
   3   6   3   4   -0.4901410919E+02
   3   6   3   5   -0.9776064223E+02
   3   6   3   6   -0.3851226723E+02
   3   6   4   1    0.6811134942E+02
   3   6   4   2    0.6811150185E+02
   3   6   4   3   -0.5949423412E+03
   3   6   4   4   -0.5949423334E+03
   3   6   4   5   -0.1136210796E+03
   3   6   4   6   -0.9359802195E+02
   3   6   5   1                 NaN
   3   6   5   2                 NaN
   3   6   5   3   -0.8810298667E+02
   3   6   5   4   -0.4901412347E+02
   3   6   5   5   -0.3889846976E+02
   3   6   5   6   -0.9737442755E+02
   3   6   6   1   -0.2837955469E+03
   3   6   6   2   -0.1576215147E+03
   3   6   6   3   -0.6426370400E+02
   3   6   6   4    0.4980566420E+01
   3   6   6   5   -0.2322581417E+02
   3   6   6   6   -0.1586878768E+02
   3   6   7   1   -0.1749296699E+03
   3   6   7   2   -0.2664873912E+03
   3   6   7   3    0.3404191492E+01
   3   6   7   4   -0.6268732500E+02
   3   6   7   5   -0.2322581330E+02
   3   6   7   6   -0.1586878768E+02
   3   6   8   1                 NaN
   3   6   8   2                 NaN
   3   6   8   3   -0.8810298699E+02
   3   6   8   4   -0.4901413040E+02
   3   6   8   5   -0.7009164922E+02
   3   6   8   6   -0.6618126195E+02
   3   7   1   1    0.0000000000E+00
   3   7   1   2    0.0000000000E+00
   3   7   1   3    0.0000000000E+00
   3   7   1   4   -0.8100103195E+02
   3   7   1   5   -0.1670626360E+03
   3   7   1   6   -0.1605642551E+03
   3   7   2   1                 NaN
   3   7   2   2                 NaN
   3   7   2   3   -0.3964110743E+03
   3   7   2   4   -0.2885432349E+03
   3   7   2   5   -0.8925337333E+02
   3   7   2   6   -0.1565703706E+03
   3   7   3   1                 NaN
   3   7   3   2                 NaN
   3   7   3   3   -0.3964109808E+03
   3   7   3   4   -0.2885433033E+03
   3   7   3   5   -0.1536598407E+03
   3   7   3   6   -0.9216336386E+02
   3   7   4   1   -0.2922428467E+04
   3   7   4   2   -0.1931759309E+04
   3   7   4   3   -0.1527510231E+03
   3   7   4   4   -0.3043325022E+03
   3   7   4   5   -0.1231551786E+03
   3   7   4   6   -0.1231505657E+03
   3   7   5   1                 NaN
   3   7   5   2                 NaN
   3   7   5   3   -0.3083183784E+03
   3   7   5   4   -0.2078437832E+03
   3   7   5   5   -0.1080065942E+03
   3   7   5   6   -0.1851814020E+03
   3   7   6   1   -0.1026113465E+04
   3   7   6   2   -0.1355434739E+04
   3   7   6   3   -0.1942730978E+03
   3   7   6   4   -0.3116666579E+03
   3   7   6   5   -0.4257894369E+03
   3   7   6   6   -0.2407454031E+03
   3   7   7   1   -0.1071277590E+04
   3   7   7   2   -0.1310337163E+04
   3   7   7   3   -0.1969537698E+03
   3   7   7   4   -0.3089696729E+03
   3   7   7   5   -0.2407543841E+03
   3   7   7   6   -0.4257746141E+03
   3   7   8   1                 NaN
   3   7   8   2                 NaN
   3   7   8   3   -0.3083184155E+03
   3   7   8   4   -0.2078435720E+03
   3   7   8   5   -0.1491736396E+03
   3   7   8   6   -0.1440093600E+03
   3   8   1   1    0.0000000000E+00
   3   8   1   2    0.0000000000E+00
   3   8   1   3    0.0000000000E+00
   3   8   1   4   -0.8100100862E+02
   3   8   1   5   -0.1670630486E+03
   3   8   1   6   -0.1605638882E+03
   3   8   2   1                 NaN
   3   8   2   2                 NaN
   3   8   2   3   -0.3083183988E+03
   3   8   2   4   -0.2078436206E+03
   3   8   2   5   -0.1037964024E+03
   3   8   2   6   -0.1893925960E+03
   3   8   3   1                 NaN
   3   8   3   2                 NaN
   3   8   3   3   -0.3083182779E+03
   3   8   3   4   -0.2078436557E+03
   3   8   3   5   -0.1856912930E+03
   3   8   3   6   -0.1074965794E+03
   3   8   4   1   -0.1931758737E+04
   3   8   4   2   -0.2922428608E+04
   3   8   4   3   -0.3043325607E+03
   3   8   4   4   -0.1527510433E+03
   3   8   4   5   -0.1231551354E+03
   3   8   4   6   -0.1231505747E+03
   3   8   5   1                 NaN
   3   8   5   2                 NaN
   3   8   5   3   -0.3964110490E+03
   3   8   5   4   -0.2885431055E+03
   3   8   5   5   -0.9256386557E+02
   3   8   5   6   -0.1532589735E+03
   3   8   6   1   -0.1355532445E+04
   3   8   6   2   -0.1026089644E+04
   3   8   6   3   -0.3116413994E+03
   3   8   6   4   -0.1942819975E+03
   3   8   6   5   -0.2407543695E+03
   3   8   6   6   -0.4257746105E+03
   3   8   7   1   -0.1310256406E+04
   3   8   7   2   -0.1071285574E+04
   3   8   7   3   -0.3089940278E+03
   3   8   7   4   -0.1969455711E+03
   3   8   7   5   -0.4257894251E+03
   3   8   7   6   -0.2407454027E+03
   3   8   8   1                 NaN
   3   8   8   2                 NaN
   3   8   8   3   -0.3964110416E+03
   3   8   8   4   -0.2885432935E+03
   3   8   8   5   -0.1249376379E+03
   3   8   8   6   -0.1208821061E+03
