           8           1
  0.000000  0.000000  0.000000
   8
     1 -10.7535  -2.5802  -0.0792
     2  12.3235  -1.0038   0.0000
     3  12.3228  -1.0045   0.0000
     4  12.3232  -1.0041  -0.0000
     5  19.7469   0.8233   0.0000
     6  19.7453   0.8217   0.0000
     7  19.7457   0.8222   0.0000
     8  27.5370   0.4360  -0.0002
  0.250000  0.000000  0.000000
   8
     1  -8.5517  -2.1194  -0.0937
     2   5.2515  -1.5013  -0.0036
     3  10.4743  -1.0918   0.0000
     4  10.4738  -1.0923  -0.0000
     5  22.0697   0.9358  -0.0002
     6  22.0692   0.9353  -0.0002
     7  22.2553   0.5872  -0.0001
     8  28.9645   0.8616   0.0025
  0.500000  0.000000  0.000000
   8
     1  -4.5309  -2.3115  -0.1595
     2  -1.9481  -1.7872  -0.0055
     3   9.3086  -1.1968  -0.0000
     4   9.3085  -1.1969  -0.0000
     5  22.7508   0.9566  -0.0000
     6  22.7503   0.9560   0.0000
     7  22.9012   0.3589  -0.0003
     8  30.0685   1.1708  -0.0043
  0.250000  0.250000  0.000000
   8
     1  -8.0805  -2.2248  -0.1421
     2   7.4050  -1.5347  -0.0000
     3   7.9327  -1.2268  -0.0000
     4   7.9320  -1.2275  -0.0000
     5  18.3504   0.5391  -0.0000
     6  24.2727   0.6367   0.0000
     7  26.1007   1.1473   0.0003
     8  26.0995   1.1461   0.0003
  0.500000  0.250000  0.000000
   8
     1  -4.2509  -2.2060  -0.0255
     2   0.7017  -1.8628  -0.0084
     3   5.0653  -1.5144  -0.0004
     4   7.0858  -1.3140   0.0000
     5  19.9993   0.5676   0.0000
     6  25.6506   0.8692   0.0036
     7  27.3953   1.2175   0.0004
     8  27.7746   0.9766  -0.0031
 -0.250000  0.250000  0.000000
   8
     1  -5.8469  -2.2139  -0.0776
     2   2.9499  -1.7555  -0.0081
     3   4.1644  -1.4890  -0.0048
     4   9.0941  -1.1941  -0.0000
     5  22.0160   0.7108  -0.0000
     6  24.4805   1.1125  -0.0001
     7  26.7123   0.9549  -0.0056
     8  28.2852   0.8909  -0.0009
  0.500000  0.500000  0.000000
   8
     1  -1.4209  -2.0801  -0.0380
     2  -1.4208  -2.0801  -0.0379
     3   5.5475  -1.4138   0.0000
     4   5.5468  -1.4146   0.0000
     5  18.5227   0.4081   0.0000
     6  18.5216   0.4070  -0.0000
     7  31.6457   1.4588   0.0183
     8  31.6440   1.4570   0.0183
 -0.250000  0.500000  0.250000
   8
     1  -0.6718  -2.1925  -0.0178
     2  -0.6748  -2.1954  -0.0177
     3   3.4273  -1.4359  -0.0008
     4   3.4266  -1.4366  -0.0008
     5  24.7626   0.8938  -0.0001
     6  24.7625   0.8937  -0.0001
     7  26.8125   0.9774  -0.0011
     8  26.8123   0.9772  -0.0007
