Dynamical matrix file
                                                                           
  1    2  2  6.7034255  0.0000000  0.0000000  0.0000000  0.0000000  0.0000000
           1  'C   '    10947.3567922507     
    1    1      0.0000000000     -0.0000000000      0.0000000000
    2    1     -0.2480731097      0.2480731097      0.2480731097

     Dynamical  Matrix in cartesian axes

     q = (    0.000000000   0.000000000   0.000000000 ) 

    1    1
  0.86200484  0.00000000   -0.00000000  0.00000000   -0.00000000  0.00000000
  0.00000000  0.00000000    0.86200484  0.00000000   -0.00000000  0.00000000
 -0.00000000  0.00000000   -0.00000000  0.00000000    0.86200484  0.00000000
    1    2
 -1.21081266  0.00000000    0.00000000  0.00000000    0.00000000  0.00000000
  0.00000000  0.00000000   -1.21081266  0.00000000    0.00000000  0.00000000
  0.00000000  0.00000000    0.00000000  0.00000000   -1.21081266  0.00000000
    2    1
 -1.21081266  0.00000000    0.00000000  0.00000000    0.00000000  0.00000000
  0.00000000  0.00000000   -1.21081266  0.00000000    0.00000000  0.00000000
  0.00000000  0.00000000    0.00000000  0.00000000   -1.21081266  0.00000000
    2    2
  0.86200478  0.00000000   -0.00000000  0.00000000    0.00000000  0.00000000
 -0.00000000  0.00000000    0.86200478  0.00000000    0.00000000  0.00000000
  0.00000000  0.00000000    0.00000000  0.00000000    0.86200478  0.00000000

     Dielectric Tensor:

         15.624841506529          0.000000000000         -0.000000000000
          0.000000000000         15.624841506529         -0.000000000000
         -0.000000000000         -0.000000000000         15.624841506529

     Effective Charges E-U: Z_{alpha}{s,beta}

     atom #    1
         -2.415759999152          0.000000000000          0.000000000000
          0.000000000000         -2.415759999152          0.000000000000
          0.000000000000          0.000000000000         -2.415759999152
     atom #    2
         -2.415759934524         -0.000000000000          0.000000000000
         -0.000000000000         -2.415759934524          0.000000000000
          0.000000000000          0.000000000000         -2.415759934524

     Diagonalizing the dynamical matrix

     q = (    0.000000000   0.000000000   0.000000000 ) 

 **************************************************************************
     freq (    1) =       0.000000 [THz] =       0.000000 [cm-1]
 (  0.000000  0.000000 -0.707107  0.000000  0.000000  0.000000 ) 
 (  0.000000  0.000000 -0.707107  0.000000  0.000000  0.000000 ) 
     freq (    2) =       0.000000 [THz] =       0.000000 [cm-1]
 ( -0.707107  0.000000  0.000000  0.000000  0.000000  0.000000 ) 
 ( -0.707107  0.000000  0.000000  0.000000  0.000000  0.000000 ) 
     freq (    3) =       0.000000 [THz] =       0.000000 [cm-1]
 (  0.000000  0.000000  0.000000  0.000000 -0.707107  0.000000 ) 
 (  0.000000  0.000000  0.000000  0.000000 -0.707107  0.000000 ) 
     freq (    4) =      48.929849 [THz] =    1632.124077 [cm-1]
 (  0.000000  0.000000  0.707107  0.000000  0.000000  0.000000 ) 
 (  0.000000  0.000000 -0.707107  0.000000  0.000000  0.000000 ) 
     freq (    5) =      48.929849 [THz] =    1632.124077 [cm-1]
 (  0.000000  0.000000  0.000000  0.000000 -0.707107  0.000000 ) 
 (  0.000000  0.000000  0.000000  0.000000  0.707107  0.000000 ) 
     freq (    6) =      48.929849 [THz] =    1632.124077 [cm-1]
 ( -0.707107  0.000000  0.000000  0.000000  0.000000  0.000000 ) 
 (  0.707107  0.000000  0.000000  0.000000  0.000000  0.000000 ) 
 **************************************************************************
