Dynamical matrix file
                                                                           
  1    2  2  6.7034255  0.0000000  0.0000000  0.0000000  0.0000000  0.0000000
           1  'C   '    10947.3567922507     
    1    1      0.0000000000     -0.0000000000      0.0000000000
    2    1     -0.2480731097      0.2480731097      0.2480731097

     Dynamical  Matrix in cartesian axes

     q = (    0.503883715  -0.503883715   0.503883715 ) 

    1    1
  0.67236176  0.00000000   -0.09603420  0.00000000    0.09603420  0.00000000
 -0.09603420  0.00000000    0.67236176  0.00000000   -0.09603420  0.00000000
  0.09603420  0.00000000   -0.09603420  0.00000000    0.67236176  0.00000000
    1    2
 -0.64872589  0.00000000   -0.12143941  0.00000000    0.12143941  0.00000000
 -0.12143941  0.00000000   -0.64872589  0.00000000   -0.12143941  0.00000000
  0.12143941  0.00000000   -0.12143941  0.00000000   -0.64872589  0.00000000
    2    1
 -0.64872589  0.00000000   -0.12143941  0.00000000    0.12143941  0.00000000
 -0.12143941  0.00000000   -0.64872589  0.00000000   -0.12143941  0.00000000
  0.12143941  0.00000000   -0.12143941  0.00000000   -0.64872589  0.00000000
    2    2
  0.67236174  0.00000000   -0.09603416  0.00000000    0.09603416  0.00000000
 -0.09603416  0.00000000    0.67236174  0.00000000   -0.09603416  0.00000000
  0.09603416  0.00000000   -0.09603416  0.00000000    0.67236174  0.00000000

     Dynamical  Matrix in cartesian axes

     q = (   -0.503883715  -0.503883715  -0.503883715 ) 

    1    1
  0.67236176  0.00000000    0.09603420  0.00000000    0.09603420  0.00000000
  0.09603420  0.00000000    0.67236176  0.00000000    0.09603420  0.00000000
  0.09603420  0.00000000    0.09603420  0.00000000    0.67236176  0.00000000
    1    2
 -0.64872589 -0.00000000    0.12143941  0.00000000    0.12143941  0.00000000
  0.12143941  0.00000000   -0.64872589 -0.00000000    0.12143941  0.00000000
  0.12143941  0.00000000    0.12143941  0.00000000   -0.64872589 -0.00000000
    2    1
 -0.64872589  0.00000000    0.12143941 -0.00000000    0.12143941 -0.00000000
  0.12143941 -0.00000000   -0.64872589  0.00000000    0.12143941 -0.00000000
  0.12143941 -0.00000000    0.12143941 -0.00000000   -0.64872589  0.00000000
    2    2
  0.67236174  0.00000000    0.09603416  0.00000000    0.09603416  0.00000000
  0.09603416  0.00000000    0.67236174  0.00000000    0.09603416  0.00000000
  0.09603416  0.00000000    0.09603416  0.00000000    0.67236174  0.00000000

     Dynamical  Matrix in cartesian axes

     q = (   -0.503883715   0.503883715   0.503883715 ) 

    1    1
  0.67236176  0.00000000   -0.09603420  0.00000000   -0.09603420  0.00000000
 -0.09603420  0.00000000    0.67236176  0.00000000    0.09603420  0.00000000
 -0.09603420  0.00000000    0.09603420  0.00000000    0.67236176  0.00000000
    1    2
  0.64872589 -0.00000000    0.12143941 -0.00000000    0.12143941 -0.00000000
  0.12143941 -0.00000000    0.64872589 -0.00000000   -0.12143941  0.00000000
  0.12143941 -0.00000000   -0.12143941  0.00000000    0.64872589 -0.00000000
    2    1
  0.64872589  0.00000000    0.12143941  0.00000000    0.12143941  0.00000000
  0.12143941  0.00000000    0.64872589  0.00000000   -0.12143941 -0.00000000
  0.12143941  0.00000000   -0.12143941 -0.00000000    0.64872589  0.00000000
    2    2
  0.67236174  0.00000000   -0.09603416  0.00000000   -0.09603416  0.00000000
 -0.09603416  0.00000000    0.67236174  0.00000000    0.09603416  0.00000000
 -0.09603416  0.00000000    0.09603416  0.00000000    0.67236174  0.00000000

     Dynamical  Matrix in cartesian axes

     q = (    0.503883715   0.503883715  -0.503883715 ) 

    1    1
  0.67236176  0.00000000    0.09603420  0.00000000   -0.09603420  0.00000000
  0.09603420  0.00000000    0.67236176  0.00000000   -0.09603420  0.00000000
 -0.09603420  0.00000000   -0.09603420  0.00000000    0.67236176  0.00000000
    1    2
 -0.64872589 -0.00000000    0.12143941  0.00000000   -0.12143941 -0.00000000
  0.12143941  0.00000000   -0.64872589 -0.00000000   -0.12143941 -0.00000000
 -0.12143941 -0.00000000   -0.12143941 -0.00000000   -0.64872589 -0.00000000
    2    1
 -0.64872589  0.00000000    0.12143941 -0.00000000   -0.12143941  0.00000000
  0.12143941 -0.00000000   -0.64872589  0.00000000   -0.12143941  0.00000000
 -0.12143941  0.00000000   -0.12143941  0.00000000   -0.64872589  0.00000000
    2    2
  0.67236174  0.00000000    0.09603416  0.00000000   -0.09603416  0.00000000
  0.09603416  0.00000000    0.67236174  0.00000000   -0.09603416  0.00000000
 -0.09603416  0.00000000   -0.09603416  0.00000000    0.67236174  0.00000000

     Diagonalizing the dynamical matrix

     q = (    0.503883715  -0.503883715   0.503883715 ) 

 **************************************************************************
     freq (    1) =     -13.843298 [THz] =    -461.762710 [cm-1]
 ( -0.184380  0.000000  0.381628  0.000000  0.566007  0.000000 ) 
 ( -0.184380  0.000000  0.381628  0.000000  0.566007  0.000000 ) 
     freq (    2) =     -13.843298 [THz] =    -461.762710 [cm-1]
 (  0.547117  0.000000  0.433236  0.000000 -0.113881  0.000000 ) 
 (  0.547117  0.000000  0.433236  0.000000 -0.113881  0.000000 ) 
     freq (    3) =      21.292634 [THz] =     710.245836 [cm-1]
 ( -0.408248  0.000000  0.408248  0.000000 -0.408248  0.000000 ) 
 ( -0.408248  0.000000  0.408248  0.000000 -0.408248  0.000000 ) 
     freq (    4) =      35.438036 [THz] =    1182.085643 [cm-1]
 ( -0.408248  0.000000  0.408248  0.000000 -0.408248  0.000000 ) 
 (  0.408248  0.000000 -0.408248  0.000000  0.408248  0.000000 ) 
     freq (    5) =      36.485679 [THz] =    1217.031238 [cm-1]
 (  0.560104  0.000000  0.158757  0.000000 -0.401347  0.000000 ) 
 ( -0.560104  0.000000 -0.158757  0.000000  0.401347  0.000000 ) 
     freq (    6) =      36.485679 [THz] =    1217.031238 [cm-1]
 (  0.140060  0.000000  0.555094  0.000000  0.415034  0.000000 ) 
 ( -0.140060  0.000000 -0.555094  0.000000 -0.415035  0.000000 ) 
 **************************************************************************
