Dynamical matrix file
                                                                           
  1    2  2  6.7034255  0.0000000  0.0000000  0.0000000  0.0000000  0.0000000
           1  'C   '    10947.3567922507     
    1    1      0.0000000000     -0.0000000000      0.0000000000
    2    1     -0.2480731097      0.2480731097      0.2480731097

     Dynamical  Matrix in cartesian axes

     q = (    0.000000000  -1.007767429   0.000000000 ) 

    1    1
  0.40197693  0.00000000    0.00000000  0.00000000    0.00000000  0.00000000
  0.00000000  0.00000000    0.98051749  0.00000000    0.00000000  0.00000000
  0.00000000  0.00000000    0.00000000  0.00000000    0.40197693  0.00000000
    1    2
 -0.00000000 -0.00000000   -0.00000000 -0.00000000    0.36287525  0.00000000
  0.00000000 -0.00000000    0.00000000  0.00000000    0.00000000 -0.00000000
  0.36287525  0.00000000    0.00000000 -0.00000000   -0.00000000 -0.00000000
    2    1
  0.00000000  0.00000000   -0.00000000  0.00000000    0.36287525 -0.00000000
 -0.00000000  0.00000000   -0.00000000  0.00000000    0.00000000 -0.00000000
  0.36287525 -0.00000000    0.00000000  0.00000000    0.00000000 -0.00000000
    2    2
  0.40197687  0.00000000   -0.00000000  0.00000000    0.00000000  0.00000000
 -0.00000000  0.00000000    0.98051760  0.00000000   -0.00000000  0.00000000
  0.00000000  0.00000000    0.00000000  0.00000000    0.40197687  0.00000000

     Dynamical  Matrix in cartesian axes

     q = (    0.000000000  -0.000000000  -1.007767429 ) 

    1    1
  0.40197693  0.00000000    0.00000000  0.00000000   -0.00000000  0.00000000
  0.00000000  0.00000000    0.40197693  0.00000000    0.00000000  0.00000000
 -0.00000000  0.00000000   -0.00000000  0.00000000    0.98051749  0.00000000
    1    2
 -0.00000000 -0.00000000    0.36287525  0.00000000    0.00000000  0.00000000
  0.36287525  0.00000000   -0.00000000 -0.00000000    0.00000000  0.00000000
 -0.00000000  0.00000000    0.00000000  0.00000000   -0.00000000 -0.00000000
    2    1
  0.00000000  0.00000000    0.36287525 -0.00000000   -0.00000000 -0.00000000
  0.36287525 -0.00000000   -0.00000000 -0.00000000    0.00000000 -0.00000000
  0.00000000  0.00000000    0.00000000  0.00000000   -0.00000000  0.00000000
    2    2
  0.40197687  0.00000000    0.00000000  0.00000000    0.00000000  0.00000000
  0.00000000  0.00000000    0.40197687  0.00000000   -0.00000000  0.00000000
 -0.00000000  0.00000000    0.00000000  0.00000000    0.98051760  0.00000000

     Dynamical  Matrix in cartesian axes

     q = (    1.007767429   0.000000000   0.000000000 ) 

    1    1
  0.98051749  0.00000000   -0.00000000  0.00000000    0.00000000  0.00000000
 -0.00000000  0.00000000    0.40197693  0.00000000   -0.00000000  0.00000000
  0.00000000  0.00000000   -0.00000000  0.00000000    0.40197693  0.00000000
    1    2
  0.00000000 -0.00000000    0.00000000  0.00000000   -0.00000000 -0.00000000
  0.00000000 -0.00000000   -0.00000000 -0.00000000   -0.36287525 -0.00000000
  0.00000000  0.00000000   -0.36287525 -0.00000000   -0.00000000 -0.00000000
    2    1
 -0.00000000  0.00000000    0.00000000  0.00000000   -0.00000000 -0.00000000
 -0.00000000  0.00000000    0.00000000  0.00000000   -0.36287525  0.00000000
  0.00000000 -0.00000000   -0.36287525  0.00000000    0.00000000 -0.00000000
    2    2
  0.98051760  0.00000000    0.00000000  0.00000000    0.00000000  0.00000000
 -0.00000000  0.00000000    0.40197687  0.00000000   -0.00000000  0.00000000
  0.00000000  0.00000000   -0.00000000  0.00000000    0.40197687  0.00000000

     Diagonalizing the dynamical matrix

     q = (    0.000000000  -1.007767429   0.000000000 ) 

 **************************************************************************
     freq (    1) =       6.217530 [THz] =     207.394494 [cm-1]
 ( -0.278248 -0.000000  0.000000 -0.000000  0.650060  0.000000 ) 
 ( -0.650060  0.000000 -0.000000  0.000000  0.278248  0.000000 ) 
     freq (    2) =       6.217530 [THz] =     207.394494 [cm-1]
 (  0.650060  0.000000  0.000000 -0.000000  0.278248  0.000000 ) 
 ( -0.278248  0.000000 -0.000000  0.000000 -0.650060  0.000000 ) 
     freq (    3) =      27.498509 [THz] =     917.251525 [cm-1]
 (  0.089658  0.000000  0.000000 -0.000000 -0.701400 -0.000000 ) 
 ( -0.701400 -0.000000 -0.000000  0.000000  0.089658  0.000000 ) 
     freq (    4) =      27.498509 [THz] =     917.251525 [cm-1]
 ( -0.701400 -0.000000  0.000000 -0.000000 -0.089658 -0.000000 ) 
 ( -0.089658 -0.000000 -0.000000 -0.000000 -0.701400  0.000000 ) 
     freq (    5) =      31.134943 [THz] =    1038.549900 [cm-1]
 (  0.000000  0.000000  1.000000 -0.000000  0.000000 -0.000000 ) 
 (  0.000000 -0.000000 -0.000000  0.000000  0.000000  0.000000 ) 
     freq (    6) =      31.134944 [THz] =    1038.549957 [cm-1]
 (  0.000000  0.000000 -0.000000  0.000000  0.000000  0.000000 ) 
 (  0.000000  0.000000 -1.000000 -0.000000  0.000000  0.000000 ) 
 **************************************************************************
