Dynamical matrix file
                                                                           
  1    2  2  6.7034255  0.0000000  0.0000000  0.0000000  0.0000000  0.0000000
           1  'C   '    10947.3567922507     
    1    1     -0.0000000000     -0.0000000000     -0.0000000000
    2    1     -0.2479805790      0.2479805790      0.2479805790

     Dynamical  Matrix in cartesian axes

     q = (    0.000000000   0.000000000   0.000000000 ) 

    1    1
  0.86598871  0.00000000    0.00000000  0.00000000   -0.00000000  0.00000000
 -0.00000000  0.00000000    0.86598871  0.00000000   -0.00000000  0.00000000
 -0.00000000  0.00000000   -0.00000000  0.00000000    0.86598871  0.00000000
    1    2
 -1.21341745  0.00000000    0.00000000  0.00000000   -0.00000000  0.00000000
  0.00000000  0.00000000   -1.21341745  0.00000000    0.00000000  0.00000000
 -0.00000000  0.00000000   -0.00000000  0.00000000   -1.21341745  0.00000000
    2    1
 -1.21341745  0.00000000    0.00000000  0.00000000   -0.00000000  0.00000000
  0.00000000  0.00000000   -1.21341745  0.00000000   -0.00000000  0.00000000
  0.00000000  0.00000000    0.00000000  0.00000000   -1.21341745  0.00000000
    2    2
  0.86598890  0.00000000   -0.00000000  0.00000000    0.00000000  0.00000000
 -0.00000000  0.00000000    0.86598890  0.00000000    0.00000000  0.00000000
 -0.00000000  0.00000000   -0.00000000  0.00000000    0.86598890  0.00000000

     Dielectric Tensor:

         15.628345570123          0.000000000000          0.000000000000
          0.000000000000         15.628345570123          0.000000000000
          0.000000000000          0.000000000000         15.628345570123

     Effective Charges E-U: Z_{alpha}{s,beta}

     atom #    1
         -2.415998026176          0.000000000000          0.000000000000
          0.000000000000         -2.415998026176          0.000000000000
         -0.000000000000         -0.000000000000         -2.415998026176
     atom #    2
         -2.415997909478          0.000000000000         -0.000000000000
          0.000000000000         -2.415997909478          0.000000000000
         -0.000000000000          0.000000000000         -2.415997909478

     Diagonalizing the dynamical matrix

     q = (    0.000000000   0.000000000   0.000000000 ) 

 **************************************************************************
     freq (    1) =      -0.000000 [THz] =      -0.000017 [cm-1]
 ( -0.008257  0.000000 -0.703303  0.000000  0.072775  0.000000 ) 
 ( -0.008257  0.000000 -0.703303  0.000000  0.072775  0.000000 ) 
     freq (    2) =      -0.000000 [THz] =      -0.000004 [cm-1]
 (  0.707058  0.000000 -0.008167  0.000000  0.001291  0.000000 ) 
 (  0.707058  0.000000 -0.008167  0.000000  0.001291  0.000000 ) 
     freq (    3) =       0.000001 [THz] =       0.000025 [cm-1]
 ( -0.000443  0.000000  0.072786  0.000000  0.703351  0.000000 ) 
 ( -0.000443  0.000000  0.072786  0.000000  0.703351  0.000000 ) 
     freq (    4) =      48.982451 [THz] =    1633.878701 [cm-1]
 ( -0.000000  0.000000  0.000000  0.000000 -0.707107  0.000000 ) 
 (  0.000000  0.000000 -0.000000  0.000000  0.707107  0.000000 ) 
     freq (    5) =      48.982451 [THz] =    1633.878701 [cm-1]
 ( -0.628232  0.000000  0.324537  0.000000 -0.000000  0.000000 ) 
 (  0.628232  0.000000 -0.324537  0.000000 -0.000000  0.000000 ) 
     freq (    6) =      48.982451 [THz] =    1633.878701 [cm-1]
 (  0.324537  0.000000  0.628232  0.000000 -0.000000  0.000000 ) 
 ( -0.324537  0.000000 -0.628232  0.000000 -0.000000  0.000000 ) 
 **************************************************************************
