Dynamical matrix file
                                                                           
  1    2  2  6.7034255  0.0000000  0.0000000  0.0000000  0.0000000  0.0000000
           1  'C   '    10947.3567922507     
    1    1     -0.0000000000     -0.0000000000     -0.0000000000
    2    1     -0.2479805790      0.2479805790      0.2479805790

     Dynamical  Matrix in cartesian axes

     q = (    0.504071732  -0.504071732   0.504071732 ) 

    1    1
  0.67483438  0.00000000   -0.09497895  0.00000000    0.09497895  0.00000000
 -0.09497895  0.00000000    0.67483438  0.00000000   -0.09497895  0.00000000
  0.09497895  0.00000000   -0.09497895  0.00000000    0.67483438  0.00000000
    1    2
 -0.65110510 -0.00000000   -0.12179624  0.00000000    0.12179624  0.00000000
 -0.12179624  0.00000000   -0.65110510 -0.00000000   -0.12179624  0.00000000
  0.12179624  0.00000000   -0.12179624  0.00000000   -0.65110510  0.00000000
    2    1
 -0.65110510 -0.00000000   -0.12179624 -0.00000000    0.12179624 -0.00000000
 -0.12179624 -0.00000000   -0.65110510  0.00000000   -0.12179624 -0.00000000
  0.12179624  0.00000000   -0.12179624  0.00000000   -0.65110510  0.00000000
    2    2
  0.67483463  0.00000000   -0.09497885  0.00000000    0.09497885  0.00000000
 -0.09497885  0.00000000    0.67483463  0.00000000   -0.09497885  0.00000000
  0.09497885  0.00000000   -0.09497885  0.00000000    0.67483463  0.00000000

     Dynamical  Matrix in cartesian axes

     q = (   -0.504071732  -0.504071732  -0.504071732 ) 

    1    1
  0.67483438  0.00000000    0.09497895  0.00000000    0.09497895  0.00000000
  0.09497895  0.00000000    0.67483438  0.00000000    0.09497895  0.00000000
  0.09497895  0.00000000    0.09497895  0.00000000    0.67483438  0.00000000
    1    2
 -0.65110510  0.00000000    0.12179624 -0.00000000    0.12179624 -0.00000000
  0.12179624 -0.00000000   -0.65110510  0.00000000    0.12179624 -0.00000000
  0.12179624 -0.00000000    0.12179624 -0.00000000   -0.65110510  0.00000000
    2    1
 -0.65110510 -0.00000000    0.12179624  0.00000000    0.12179624  0.00000000
  0.12179624  0.00000000   -0.65110510 -0.00000000    0.12179624  0.00000000
  0.12179624  0.00000000    0.12179624  0.00000000   -0.65110510 -0.00000000
    2    2
  0.67483463  0.00000000    0.09497885  0.00000000    0.09497885  0.00000000
  0.09497885  0.00000000    0.67483463  0.00000000    0.09497885  0.00000000
  0.09497885  0.00000000    0.09497885  0.00000000    0.67483463  0.00000000

     Dynamical  Matrix in cartesian axes

     q = (   -0.504071732   0.504071732   0.504071732 ) 

    1    1
  0.67483438  0.00000000   -0.09497895  0.00000000   -0.09497895  0.00000000
 -0.09497895  0.00000000    0.67483438  0.00000000    0.09497895  0.00000000
 -0.09497895  0.00000000    0.09497895  0.00000000    0.67483438  0.00000000
    1    2
  0.65110510  0.00000000    0.12179624  0.00000000    0.12179624  0.00000000
  0.12179624  0.00000000    0.65110510  0.00000000   -0.12179624 -0.00000000
  0.12179624  0.00000000   -0.12179624 -0.00000000    0.65110510  0.00000000
    2    1
  0.65110510 -0.00000000    0.12179624 -0.00000000    0.12179624 -0.00000000
  0.12179624 -0.00000000    0.65110510 -0.00000000   -0.12179624  0.00000000
  0.12179624 -0.00000000   -0.12179624  0.00000000    0.65110510 -0.00000000
    2    2
  0.67483463  0.00000000   -0.09497885  0.00000000   -0.09497885  0.00000000
 -0.09497885  0.00000000    0.67483463  0.00000000    0.09497885  0.00000000
 -0.09497885  0.00000000    0.09497885  0.00000000    0.67483463  0.00000000

     Dynamical  Matrix in cartesian axes

     q = (    0.504071732   0.504071732  -0.504071732 ) 

    1    1
  0.67483438  0.00000000    0.09497895  0.00000000   -0.09497895  0.00000000
  0.09497895  0.00000000    0.67483438  0.00000000   -0.09497895  0.00000000
 -0.09497895  0.00000000   -0.09497895  0.00000000    0.67483438  0.00000000
    1    2
 -0.65110510 -0.00000000    0.12179624  0.00000000   -0.12179624 -0.00000000
  0.12179624  0.00000000   -0.65110510 -0.00000000   -0.12179624 -0.00000000
 -0.12179624 -0.00000000   -0.12179624 -0.00000000   -0.65110510 -0.00000000
    2    1
 -0.65110510  0.00000000    0.12179624 -0.00000000   -0.12179624  0.00000000
  0.12179624 -0.00000000   -0.65110510  0.00000000   -0.12179624  0.00000000
 -0.12179624  0.00000000   -0.12179624  0.00000000   -0.65110510  0.00000000
    2    2
  0.67483463  0.00000000    0.09497885  0.00000000   -0.09497885  0.00000000
  0.09497885  0.00000000    0.67483463  0.00000000   -0.09497885  0.00000000
 -0.09497885  0.00000000   -0.09497885  0.00000000    0.67483463  0.00000000

     Diagonalizing the dynamical matrix

     q = (    0.504071732  -0.504071732   0.504071732 ) 

 **************************************************************************
     freq (    1) =     -13.814987 [THz] =    -460.818380 [cm-1]
 ( -0.238905  0.000000  0.335733  0.000000  0.574637 -0.000000 ) 
 ( -0.238905  0.000000  0.335732  0.000000  0.574637  0.000000 ) 
     freq (    2) =     -13.814987 [THz] =    -460.818380 [cm-1]
 (  0.525602  0.000000  0.469699  0.000000 -0.055903 -0.000000 ) 
 (  0.525602  0.000000  0.469699  0.000000 -0.055903  0.000000 ) 
     freq (    3) =      21.262354 [THz] =     709.235801 [cm-1]
 ( -0.408248  0.000000  0.408248  0.000000 -0.408248  0.000000 ) 
 ( -0.408248  0.000000  0.408248 -0.000000 -0.408248  0.000000 ) 
     freq (    4) =      35.466310 [THz] =    1183.028757 [cm-1]
 ( -0.408248  0.000000  0.408248  0.000000 -0.408248  0.000000 ) 
 (  0.408248 -0.000000 -0.408248 -0.000000  0.408248  0.000000 ) 
     freq (    5) =      36.570448 [THz] =    1219.858849 [cm-1]
 (  0.248737 -0.000000  0.575586 -0.000000  0.326849 -0.000000 ) 
 ( -0.248738  0.000000 -0.575586  0.000000 -0.326849  0.000000 ) 
     freq (    6) =      36.570448 [THz] =    1219.858849 [cm-1]
 ( -0.521021  0.000000 -0.045098  0.000000  0.475924  0.000000 ) 
 (  0.521021 -0.000000  0.045098 -0.000000 -0.475924  0.000000 ) 
 **************************************************************************
