Dynamical matrix file
                                                                           
  1    2  2  6.7034255  0.0000000  0.0000000  0.0000000  0.0000000  0.0000000
           1  'C   '    10947.3567922507     
    1    1     -0.0000000000     -0.0000000000     -0.0000000000
    2    1     -0.2479805790      0.2479805790      0.2479805790

     Dynamical  Matrix in cartesian axes

     q = (    0.000000000  -1.008143465   0.000000000 ) 

    1    1
  0.40487854  0.00000000   -0.00000000  0.00000000    0.00000000  0.00000000
  0.00000000  0.00000000    0.98199612  0.00000000    0.00000000  0.00000000
  0.00000000  0.00000000   -0.00000000  0.00000000    0.40487854  0.00000000
    1    2
 -0.00000000 -0.00000000   -0.00000000  0.00000000    0.36522925 -0.00000000
 -0.00000000  0.00000000   -0.00000000 -0.00000000    0.00000000 -0.00000000
  0.36522925 -0.00000000    0.00000000 -0.00000000   -0.00000000 -0.00000000
    2    1
  0.00000000  0.00000000    0.00000000 -0.00000000    0.36522925  0.00000000
 -0.00000000  0.00000000   -0.00000000 -0.00000000   -0.00000000  0.00000000
  0.36522925  0.00000000    0.00000000 -0.00000000    0.00000000  0.00000000
    2    2
  0.40487904  0.00000000    0.00000000  0.00000000   -0.00000000  0.00000000
  0.00000000  0.00000000    0.98199639  0.00000000    0.00000000  0.00000000
 -0.00000000  0.00000000    0.00000000  0.00000000    0.40487904  0.00000000

     Dynamical  Matrix in cartesian axes

     q = (    0.000000000  -0.000000000  -1.008143465 ) 

    1    1
  0.40487854  0.00000000    0.00000000  0.00000000   -0.00000000  0.00000000
 -0.00000000  0.00000000    0.40487854  0.00000000    0.00000000  0.00000000
  0.00000000  0.00000000    0.00000000  0.00000000    0.98199612  0.00000000
    1    2
 -0.00000000 -0.00000000    0.36522925 -0.00000000   -0.00000000  0.00000000
  0.36522925 -0.00000000   -0.00000000 -0.00000000    0.00000000 -0.00000000
 -0.00000000  0.00000000    0.00000000 -0.00000000   -0.00000000  0.00000000
    2    1
  0.00000000  0.00000000    0.36522925  0.00000000    0.00000000  0.00000000
  0.36522925  0.00000000    0.00000000  0.00000000    0.00000000 -0.00000000
  0.00000000  0.00000000    0.00000000  0.00000000    0.00000000 -0.00000000
    2    2
  0.40487904  0.00000000   -0.00000000  0.00000000   -0.00000000  0.00000000
 -0.00000000  0.00000000    0.40487904  0.00000000   -0.00000000  0.00000000
 -0.00000000  0.00000000   -0.00000000  0.00000000    0.98199639  0.00000000

     Dynamical  Matrix in cartesian axes

     q = (    1.008143465   0.000000000   0.000000000 ) 

    1    1
  0.98199612  0.00000000    0.00000000  0.00000000   -0.00000000  0.00000000
  0.00000000  0.00000000    0.40487854  0.00000000   -0.00000000  0.00000000
  0.00000000  0.00000000   -0.00000000  0.00000000    0.40487854  0.00000000
    1    2
 -0.00000000 -0.00000000   -0.00000000  0.00000000   -0.00000000  0.00000000
 -0.00000000  0.00000000   -0.00000000 -0.00000000   -0.36522925  0.00000000
 -0.00000000  0.00000000   -0.36522925  0.00000000   -0.00000000 -0.00000000
    2    1
  0.00000000 -0.00000000   -0.00000000 -0.00000000    0.00000000 -0.00000000
  0.00000000  0.00000000   -0.00000000  0.00000000   -0.36522925 -0.00000000
 -0.00000000 -0.00000000   -0.36522925 -0.00000000   -0.00000000  0.00000000
    2    2
  0.98199639  0.00000000   -0.00000000  0.00000000    0.00000000  0.00000000
  0.00000000  0.00000000    0.40487904  0.00000000    0.00000000  0.00000000
 -0.00000000  0.00000000    0.00000000  0.00000000    0.40487904  0.00000000

     Diagonalizing the dynamical matrix

     q = (    0.000000000  -1.008143465   0.000000000 ) 

 **************************************************************************
     freq (    1) =       6.260939 [THz] =     208.842436 [cm-1]
 (  0.704134 -0.000000  0.000000 -0.000000 -0.064778  0.000000 ) 
 (  0.064778 -0.000000  0.000000 -0.000000 -0.704133  0.000000 ) 
     freq (    2) =       6.260939 [THz] =     208.842436 [cm-1]
 ( -0.064778  0.000000  0.000000 -0.000000 -0.704134  0.000000 ) 
 (  0.704133 -0.000000  0.000000  0.000000  0.064778  0.000000 ) 
     freq (    3) =      27.592829 [THz] =     920.397700 [cm-1]
 ( -0.187180  0.000000  0.000000 -0.000000 -0.681882  0.000000 ) 
 ( -0.681883  0.000000  0.000000  0.000000 -0.187180  0.000000 ) 
     freq (    4) =      27.592829 [THz] =     920.397700 [cm-1]
 ( -0.681882  0.000000 -0.000000  0.000000  0.187180 -0.000000 ) 
 (  0.187180 -0.000000  0.000000  0.000000 -0.681883  0.000000 ) 
     freq (    5) =      31.158410 [THz] =    1039.332680 [cm-1]
 (  0.000000 -0.000000  1.000000  0.000000  0.000000 -0.000000 ) 
 (  0.000000  0.000000  0.000000  0.000000  0.000000  0.000000 ) 
     freq (    6) =      31.158414 [THz] =    1039.332819 [cm-1]
 (  0.000000 -0.000000 -0.000000 -0.000000  0.000000 -0.000000 ) 
 (  0.000000 -0.000000  1.000000  0.000000  0.000000  0.000000 ) 
 **************************************************************************
