Dynamical matrix file
                                                                           
  1    2  2  6.7034255  0.0000000  0.0000000  0.0000000  0.0000000  0.0000000
           1  'C   '    10947.3567922507     
    1    1     -0.0000000000     -0.0000000000     -0.0000000000
    2    1     -0.2480438078      0.2480438078      0.2480438078

     Dynamical  Matrix in cartesian axes

     q = (    0.000000000   0.000000000   0.000000000 ) 

    1    1
  0.86346127  0.00000000   -0.00000000  0.00000000   -0.00000000  0.00000000
 -0.00000000  0.00000000    0.86346127  0.00000000    0.00000000  0.00000000
  0.00000000  0.00000000    0.00000000  0.00000000    0.86346127  0.00000000
    1    2
 -1.21146116  0.00000000    0.00000000  0.00000000    0.00000000  0.00000000
  0.00000000  0.00000000   -1.21146116  0.00000000    0.00000000  0.00000000
  0.00000000  0.00000000    0.00000000  0.00000000   -1.21146116  0.00000000
    2    1
 -1.21146116  0.00000000    0.00000000  0.00000000    0.00000000  0.00000000
  0.00000000  0.00000000   -1.21146116  0.00000000   -0.00000000  0.00000000
  0.00000000  0.00000000   -0.00000000  0.00000000   -1.21146116  0.00000000
    2    2
  0.86341247  0.00000000    0.00000000  0.00000000   -0.00000000  0.00000000
  0.00000000  0.00000000    0.86341247  0.00000000   -0.00000000  0.00000000
 -0.00000000  0.00000000   -0.00000000  0.00000000    0.86341247  0.00000000

     Dielectric Tensor:

         15.624676467080          0.000000000000          0.000000000000
          0.000000000000         15.624676467080         -0.000000000000
          0.000000000000         -0.000000000000         15.624676467080

     Effective Charges E-U: Z_{alpha}{s,beta}

     atom #    1
         -2.415331283972          0.000000000000          0.000000000000
          0.000000000000         -2.415331283972          0.000000000000
          0.000000000000          0.000000000000         -2.415331283972
     atom #    2
         -2.415319993182         -0.000000000000         -0.000000000000
         -0.000000000000         -2.415319993182          0.000000000000
         -0.000000000000         -0.000000000000         -2.415319993182

     Diagonalizing the dynamical matrix

     q = (    0.000000000   0.000000000   0.000000000 ) 

 **************************************************************************
     freq (    1) =      -0.000001 [THz] =      -0.000026 [cm-1]
 ( -0.000040  0.000000  0.044646  0.000000 -0.705696  0.000000 ) 
 ( -0.000040  0.000000  0.044646  0.000000 -0.705696  0.000000 ) 
     freq (    2) =      -0.000001 [THz] =      -0.000021 [cm-1]
 ( -0.316755  0.000000  0.630929  0.000000  0.039934  0.000000 ) 
 ( -0.316755  0.000000  0.630929  0.000000  0.039934  0.000000 ) 
     freq (    3) =      -0.000001 [THz] =      -0.000019 [cm-1]
 (  0.632192  0.000000  0.316125  0.000000  0.019964  0.000000 ) 
 (  0.632192  0.000000  0.316125  0.000000  0.019964  0.000000 ) 
     freq (    4) =      48.942950 [THz] =    1632.561090 [cm-1]
 ( -0.331164  0.000000 -0.583118  0.000000 -0.224286  0.000000 ) 
 (  0.331164  0.000000  0.583118  0.000000  0.224286  0.000000 ) 
     freq (    5) =      48.942950 [THz] =    1632.561090 [cm-1]
 ( -0.123769  0.000000  0.310047  0.000000 -0.623339  0.000000 ) 
 (  0.123769  0.000000 -0.310047  0.000000  0.623339  0.000000 ) 
     freq (    6) =      48.942950 [THz] =    1632.561090 [cm-1]
 (  0.612382  0.000000 -0.252675  0.000000 -0.247273  0.000000 ) 
 ( -0.612382  0.000000  0.252675  0.000000  0.247273  0.000000 ) 
 **************************************************************************
