Dynamical matrix file
                                                                           
  1    2  2  6.7034255  0.0000000  0.0000000  0.0000000  0.0000000  0.0000000
           1  'C   '    10947.3567922507     
    1    1     -0.0000000000     -0.0000000000     -0.0000000000
    2    1     -0.2480438078      0.2480438078      0.2480438078

     Dynamical  Matrix in cartesian axes

     q = (    0.503943239  -0.503943239   0.503943239 ) 

    1    1
  0.67382408  0.00000000   -0.09612593  0.00000000    0.09612593  0.00000000
 -0.09612593  0.00000000    0.67382408  0.00000000   -0.09612593  0.00000000
  0.09612593  0.00000000   -0.09612593  0.00000000    0.67382408  0.00000000
    1    2
 -0.64908316  0.00000000   -0.12164134  0.00000000    0.12164134  0.00000000
 -0.12164134  0.00000000   -0.64908316  0.00000000   -0.12164134  0.00000000
  0.12164134  0.00000000   -0.12164134  0.00000000   -0.64908316  0.00000000
    2    1
 -0.64908316  0.00000000   -0.12164134  0.00000000    0.12164134  0.00000000
 -0.12164134  0.00000000   -0.64908316  0.00000000   -0.12164134  0.00000000
  0.12164134  0.00000000   -0.12164134  0.00000000   -0.64908316  0.00000000
    2    2
  0.67377469  0.00000000   -0.09612472  0.00000000    0.09612472  0.00000000
 -0.09612472  0.00000000    0.67377469  0.00000000   -0.09612472  0.00000000
  0.09612472  0.00000000   -0.09612472  0.00000000    0.67377469  0.00000000

     Dynamical  Matrix in cartesian axes

     q = (   -0.503943239  -0.503943239  -0.503943239 ) 

    1    1
  0.67382408  0.00000000    0.09612593  0.00000000    0.09612593  0.00000000
  0.09612593  0.00000000    0.67382408  0.00000000    0.09612593  0.00000000
  0.09612593  0.00000000    0.09612593  0.00000000    0.67382408  0.00000000
    1    2
 -0.64908316  0.00000000    0.12164134 -0.00000000    0.12164134 -0.00000000
  0.12164134 -0.00000000   -0.64908316  0.00000000    0.12164134 -0.00000000
  0.12164134 -0.00000000    0.12164134 -0.00000000   -0.64908316  0.00000000
    2    1
 -0.64908316 -0.00000000    0.12164134  0.00000000    0.12164134  0.00000000
  0.12164134  0.00000000   -0.64908316 -0.00000000    0.12164134  0.00000000
  0.12164134  0.00000000    0.12164134  0.00000000   -0.64908316 -0.00000000
    2    2
  0.67377469  0.00000000    0.09612472  0.00000000    0.09612472  0.00000000
  0.09612472  0.00000000    0.67377469  0.00000000    0.09612472  0.00000000
  0.09612472  0.00000000    0.09612472  0.00000000    0.67377469  0.00000000

     Dynamical  Matrix in cartesian axes

     q = (   -0.503943239   0.503943239   0.503943239 ) 

    1    1
  0.67382408  0.00000000   -0.09612593  0.00000000   -0.09612593  0.00000000
 -0.09612593  0.00000000    0.67382408  0.00000000    0.09612593  0.00000000
 -0.09612593  0.00000000    0.09612593  0.00000000    0.67382408  0.00000000
    1    2
  0.64908316  0.00000000    0.12164134  0.00000000    0.12164134  0.00000000
  0.12164134  0.00000000    0.64908316  0.00000000   -0.12164134 -0.00000000
  0.12164134  0.00000000   -0.12164134 -0.00000000    0.64908316  0.00000000
    2    1
  0.64908316 -0.00000000    0.12164134 -0.00000000    0.12164134 -0.00000000
  0.12164134 -0.00000000    0.64908316 -0.00000000   -0.12164134  0.00000000
  0.12164134 -0.00000000   -0.12164134  0.00000000    0.64908316 -0.00000000
    2    2
  0.67377469  0.00000000   -0.09612472  0.00000000   -0.09612472  0.00000000
 -0.09612472  0.00000000    0.67377469  0.00000000    0.09612472  0.00000000
 -0.09612472  0.00000000    0.09612472  0.00000000    0.67377469  0.00000000

     Dynamical  Matrix in cartesian axes

     q = (    0.503943239   0.503943239  -0.503943239 ) 

    1    1
  0.67382408  0.00000000    0.09612593  0.00000000   -0.09612593  0.00000000
  0.09612593  0.00000000    0.67382408  0.00000000   -0.09612593  0.00000000
 -0.09612593  0.00000000   -0.09612593  0.00000000    0.67382408  0.00000000
    1    2
 -0.64908316  0.00000000    0.12164134 -0.00000000   -0.12164134  0.00000000
  0.12164134 -0.00000000   -0.64908316  0.00000000   -0.12164134  0.00000000
 -0.12164134  0.00000000   -0.12164134  0.00000000   -0.64908316  0.00000000
    2    1
 -0.64908316 -0.00000000    0.12164134  0.00000000   -0.12164134 -0.00000000
  0.12164134  0.00000000   -0.64908316 -0.00000000   -0.12164134 -0.00000000
 -0.12164134 -0.00000000   -0.12164134 -0.00000000   -0.64908316 -0.00000000
    2    2
  0.67377469  0.00000000    0.09612472  0.00000000   -0.09612472  0.00000000
  0.09612472  0.00000000    0.67377469  0.00000000   -0.09612472  0.00000000
 -0.09612472  0.00000000   -0.09612472  0.00000000    0.67377469  0.00000000

     Diagonalizing the dynamical matrix

     q = (    0.503943239  -0.503943239   0.503943239 ) 

 **************************************************************************
     freq (    1) =     -13.815156 [THz] =    -460.824006 [cm-1]
 ( -0.498843  0.000000  0.002291  0.000000  0.501134  0.000000 ) 
 ( -0.498858  0.000000  0.002291  0.000000  0.501149  0.000000 ) 
     freq (    2) =     -13.815156 [THz] =    -460.824006 [cm-1]
 ( -0.290652  0.000000 -0.577337  0.000000 -0.286684  0.000000 ) 
 ( -0.290662  0.000000 -0.577355  0.000000 -0.286693  0.000000 ) 
     freq (    3) =      21.331288 [THz] =     711.535194 [cm-1]
 ( -0.408235  0.000000  0.408235  0.000000 -0.408235  0.000000 ) 
 ( -0.408261  0.000000  0.408261  0.000000 -0.408261  0.000000 ) 
     freq (    4) =      35.459976 [THz] =    1182.817470 [cm-1]
 (  0.408261  0.000000 -0.408261  0.000000  0.408261  0.000000 ) 
 ( -0.408235  0.000000  0.408235  0.000000 -0.408235  0.000000 ) 
     freq (    5) =      36.511489 [THz] =    1217.892164 [cm-1]
 ( -0.339534  0.000000  0.234641  0.000000  0.574174  0.000000 ) 
 (  0.339523  0.000000 -0.234633  0.000000 -0.574156  0.000000 ) 
     freq (    6) =      36.511489 [THz] =    1217.892164 [cm-1]
 (  0.466970  0.000000  0.527530  0.000000  0.060560  0.000000 ) 
 ( -0.466955  0.000000 -0.527513  0.000000 -0.060558  0.000000 ) 
 **************************************************************************
