Dynamical matrix file
                                                                           
  1    2  2  6.7034255  0.0000000  0.0000000  0.0000000  0.0000000  0.0000000
           1  'C   '    10947.3567922507     
    1    1      0.0000000000      0.0000000000      0.0000000000
    2    1     -0.2500000000      0.2500000000      0.2500000000

     Dynamical  Matrix in cartesian axes

     q = (    0.000000000   0.000000000   0.000000000 ) 

    1    1
  0.78639284  0.00000000    0.00000000  0.00000000   -0.00000000  0.00000000
  0.00000000  0.00000000    0.78639284  0.00000000    0.00000000  0.00000000
 -0.00000000  0.00000000   -0.00000000  0.00000000    0.78639284  0.00000000
    1    2
 -0.87455443  0.00000000    0.00000000  0.00000000    0.00000000  0.00000000
  0.00000000  0.00000000   -0.87455443  0.00000000    0.00000000  0.00000000
  0.00000000  0.00000000    0.00000000  0.00000000   -0.87455443  0.00000000
    2    1
 -0.87455443  0.00000000   -0.00000000  0.00000000   -0.00000000  0.00000000
 -0.00000000  0.00000000   -0.87455443  0.00000000    0.00000000  0.00000000
 -0.00000000  0.00000000   -0.00000000  0.00000000   -0.87455443  0.00000000
    2    2
  0.78639329  0.00000000    0.00000000  0.00000000    0.00000000  0.00000000
  0.00000000  0.00000000    0.78639329  0.00000000    0.00000000  0.00000000
  0.00000000  0.00000000    0.00000000  0.00000000    0.78639329  0.00000000

     Dielectric Tensor:

          9.272486794788          0.000000000000         -0.000000000000
          0.000000000000          9.272486794788         -0.000000000000
         -0.000000000000         -0.000000000000          9.272486794788

     Effective Charges E-U: Z_{alpha}{s,beta}

     atom #    1
         -0.894916922896          0.000000000000         -0.000000000000
         -0.000000000000         -0.894916922896          0.000000000000
         -0.000000000000          0.000000000000         -0.894916922896
     atom #    2
         -0.894916817673          0.000000000000          0.000000000000
          0.000000000000         -0.894916817673         -0.000000000000
          0.000000000000          0.000000000000         -0.894916817673

     Diagonalizing the dynamical matrix

     q = (    0.000000000   0.000000000   0.000000000 ) 

 **************************************************************************
     freq (    1) =      -0.000000 [THz] =      -0.000014 [cm-1]
 ( -0.707107  0.000000  0.000000  0.000000 -0.000000  0.000000 ) 
 ( -0.707107  0.000000  0.000000  0.000000  0.000000  0.000000 ) 
     freq (    2) =      -0.000000 [THz] =      -0.000010 [cm-1]
 (  0.000000  0.000000  0.702800  0.000000  0.077920  0.000000 ) 
 ( -0.000000  0.000000  0.702800  0.000000  0.077920  0.000000 ) 
     freq (    3) =       0.000001 [THz] =       0.000027 [cm-1]
 ( -0.000000  0.000000 -0.077920  0.000000  0.702800  0.000000 ) 
 ( -0.000000  0.000000 -0.077920  0.000000  0.702800  0.000000 ) 
     freq (    4) =      41.584245 [THz] =    1387.101104 [cm-1]
 (  0.566145  0.000000 -0.423651  0.000000 -0.000000  0.000000 ) 
 ( -0.566145  0.000000  0.423651  0.000000  0.000000  0.000000 ) 
     freq (    5) =      41.584245 [THz] =    1387.101104 [cm-1]
 ( -0.423651  0.000000 -0.566145  0.000000  0.000000  0.000000 ) 
 (  0.423651  0.000000  0.566145  0.000000 -0.000000  0.000000 ) 
     freq (    6) =      41.584245 [THz] =    1387.101104 [cm-1]
 ( -0.000000  0.000000 -0.000000  0.000000 -0.707107  0.000000 ) 
 (  0.000000  0.000000  0.000000  0.000000  0.707107  0.000000 ) 
 **************************************************************************
