Dynamical matrix file
                                                                           
  1    2  2  6.7034255  0.0000000  0.0000000  0.0000000  0.0000000  0.0000000
           1  'C   '    10947.3567922507     
    1    1      0.0000000000      0.0000000000      0.0000000000
    2    1     -0.2500000000      0.2500000000      0.2500000000

     Dynamical  Matrix in cartesian axes

     q = (   -0.333333333   0.333333333  -0.333333333 ) 

    1    1
  0.84612372  0.00000000   -0.09273082 -0.00000000    0.09273082  0.00000000
 -0.09273082 -0.00000000    0.84612372  0.00000000   -0.09273082 -0.00000000
  0.09273082  0.00000000   -0.09273082 -0.00000000    0.84612372  0.00000000
    1    2
 -0.55640617  0.15536588   -0.06405463 -0.03057969    0.06405463  0.03057969
 -0.06405463 -0.03057969   -0.55640617  0.15536588   -0.06405463 -0.03057969
  0.06405463  0.03057969   -0.06405463 -0.03057969   -0.55640617  0.15536588
    2    1
 -0.55640617 -0.15536588   -0.06405463  0.03057969    0.06405463 -0.03057969
 -0.06405463  0.03057969   -0.55640617 -0.15536588   -0.06405463  0.03057969
  0.06405463 -0.03057969   -0.06405463  0.03057969   -0.55640617 -0.15536588
    2    2
  0.84612412  0.00000000   -0.09273054 -0.00000000    0.09273054  0.00000000
 -0.09273054 -0.00000000    0.84612412  0.00000000   -0.09273054 -0.00000000
  0.09273054  0.00000000   -0.09273054 -0.00000000    0.84612412  0.00000000

     Dynamical  Matrix in cartesian axes

     q = (    0.333333333  -0.333333333   0.333333333 ) 

    1    1
  0.84612372 -0.00000000   -0.09273082  0.00000000    0.09273082 -0.00000000
 -0.09273082  0.00000000    0.84612372 -0.00000000   -0.09273082  0.00000000
  0.09273082 -0.00000000   -0.09273082  0.00000000    0.84612372 -0.00000000
    1    2
 -0.55640617 -0.15536588   -0.06405463  0.03057969    0.06405463 -0.03057969
 -0.06405463  0.03057969   -0.55640617 -0.15536588   -0.06405463  0.03057969
  0.06405463 -0.03057969   -0.06405463  0.03057969   -0.55640617 -0.15536588
    2    1
 -0.55640617  0.15536588   -0.06405463 -0.03057969    0.06405463  0.03057969
 -0.06405463 -0.03057969   -0.55640617  0.15536588   -0.06405463 -0.03057969
  0.06405463  0.03057969   -0.06405463 -0.03057969   -0.55640617  0.15536588
    2    2
  0.84612412 -0.00000000   -0.09273054  0.00000000    0.09273054 -0.00000000
 -0.09273054  0.00000000    0.84612412 -0.00000000   -0.09273054  0.00000000
  0.09273054 -0.00000000   -0.09273054  0.00000000    0.84612412 -0.00000000

     Dynamical  Matrix in cartesian axes

     q = (    0.333333333   0.333333333   0.333333333 ) 

    1    1
  0.84612372  0.00000000    0.09273082  0.00000000    0.09273082  0.00000000
  0.09273082  0.00000000    0.84612372  0.00000000    0.09273082  0.00000000
  0.09273082  0.00000000    0.09273082  0.00000000    0.84612372  0.00000000
    1    2
 -0.55640617  0.15536588    0.06405463  0.03057969    0.06405463  0.03057969
  0.06405463  0.03057969   -0.55640617  0.15536588    0.06405463  0.03057969
  0.06405463  0.03057969    0.06405463  0.03057969   -0.55640617  0.15536588
    2    1
 -0.55640617 -0.15536588    0.06405463 -0.03057969    0.06405463 -0.03057969
  0.06405463 -0.03057969   -0.55640617 -0.15536588    0.06405463 -0.03057969
  0.06405463 -0.03057969    0.06405463 -0.03057969   -0.55640617 -0.15536588
    2    2
  0.84612412  0.00000000    0.09273054  0.00000000    0.09273054  0.00000000
  0.09273054  0.00000000    0.84612412  0.00000000    0.09273054  0.00000000
  0.09273054  0.00000000    0.09273054  0.00000000    0.84612412  0.00000000

     Dynamical  Matrix in cartesian axes

     q = (   -0.333333333  -0.333333333  -0.333333333 ) 

    1    1
  0.84612372 -0.00000000    0.09273082 -0.00000000    0.09273082 -0.00000000
  0.09273082 -0.00000000    0.84612372 -0.00000000    0.09273082 -0.00000000
  0.09273082 -0.00000000    0.09273082 -0.00000000    0.84612372 -0.00000000
    1    2
 -0.55640617 -0.15536588    0.06405463 -0.03057969    0.06405463 -0.03057969
  0.06405463 -0.03057969   -0.55640617 -0.15536588    0.06405463 -0.03057969
  0.06405463 -0.03057969    0.06405463 -0.03057969   -0.55640617 -0.15536588
    2    1
 -0.55640617  0.15536588    0.06405463  0.03057969    0.06405463  0.03057969
  0.06405463  0.03057969   -0.55640617  0.15536588    0.06405463  0.03057969
  0.06405463  0.03057969    0.06405463  0.03057969   -0.55640617  0.15536588
    2    2
  0.84612412 -0.00000000    0.09273054 -0.00000000    0.09273054 -0.00000000
  0.09273054 -0.00000000    0.84612412 -0.00000000    0.09273054 -0.00000000
  0.09273054 -0.00000000    0.09273054 -0.00000000    0.84612412 -0.00000000

     Dynamical  Matrix in cartesian axes

     q = (    0.333333333  -0.333333333  -0.333333333 ) 

    1    1
  0.84612372  0.00000000   -0.09273082 -0.00000000   -0.09273082 -0.00000000
 -0.09273082 -0.00000000    0.84612372  0.00000000    0.09273082  0.00000000
 -0.09273082 -0.00000000    0.09273082  0.00000000    0.84612372  0.00000000
    1    2
  0.14365229 -0.55954482    0.05851010 -0.04018310    0.05851010 -0.04018310
  0.05851010 -0.04018310    0.14365229 -0.55954482   -0.05851010  0.04018310
  0.05851010 -0.04018310   -0.05851010  0.04018310    0.14365229 -0.55954482
    2    1
  0.14365229  0.55954482    0.05851010  0.04018310    0.05851010  0.04018310
  0.05851010  0.04018310    0.14365229  0.55954482   -0.05851010 -0.04018310
  0.05851010  0.04018310   -0.05851010 -0.04018310    0.14365229  0.55954482
    2    2
  0.84612412  0.00000000   -0.09273054 -0.00000000   -0.09273054 -0.00000000
 -0.09273054 -0.00000000    0.84612412  0.00000000    0.09273054  0.00000000
 -0.09273054 -0.00000000    0.09273054  0.00000000    0.84612412  0.00000000

     Dynamical  Matrix in cartesian axes

     q = (   -0.333333333   0.333333333   0.333333333 ) 

    1    1
  0.84612372 -0.00000000   -0.09273082  0.00000000   -0.09273082  0.00000000
 -0.09273082  0.00000000    0.84612372 -0.00000000    0.09273082 -0.00000000
 -0.09273082  0.00000000    0.09273082 -0.00000000    0.84612372 -0.00000000
    1    2
  0.14365229  0.55954482    0.05851010  0.04018310    0.05851010  0.04018310
  0.05851010  0.04018310    0.14365229  0.55954482   -0.05851010 -0.04018310
  0.05851010  0.04018310   -0.05851010 -0.04018310    0.14365229  0.55954482
    2    1
  0.14365229 -0.55954482    0.05851010 -0.04018310    0.05851010 -0.04018310
  0.05851010 -0.04018310    0.14365229 -0.55954482   -0.05851010  0.04018310
  0.05851010 -0.04018310   -0.05851010  0.04018310    0.14365229 -0.55954482
    2    2
  0.84612412 -0.00000000   -0.09273054  0.00000000   -0.09273054  0.00000000
 -0.09273054  0.00000000    0.84612412 -0.00000000    0.09273054 -0.00000000
 -0.09273054  0.00000000    0.09273054 -0.00000000    0.84612412 -0.00000000

     Dynamical  Matrix in cartesian axes

     q = (   -0.333333333  -0.333333333   0.333333333 ) 

    1    1
  0.84612372  0.00000000    0.09273082  0.00000000   -0.09273082 -0.00000000
  0.09273082  0.00000000    0.84612372  0.00000000   -0.09273082 -0.00000000
 -0.09273082 -0.00000000   -0.09273082 -0.00000000    0.84612372  0.00000000
    1    2
 -0.55640617  0.15536588    0.06405463  0.03057969   -0.06405463 -0.03057969
  0.06405463  0.03057969   -0.55640617  0.15536588   -0.06405463 -0.03057969
 -0.06405463 -0.03057969   -0.06405463 -0.03057969   -0.55640617  0.15536588
    2    1
 -0.55640617 -0.15536588    0.06405463 -0.03057969   -0.06405463  0.03057969
  0.06405463 -0.03057969   -0.55640617 -0.15536588   -0.06405463  0.03057969
 -0.06405463  0.03057969   -0.06405463  0.03057969   -0.55640617 -0.15536588
    2    2
  0.84612412  0.00000000    0.09273054  0.00000000   -0.09273054 -0.00000000
  0.09273054  0.00000000    0.84612412  0.00000000   -0.09273054 -0.00000000
 -0.09273054 -0.00000000   -0.09273054 -0.00000000    0.84612412  0.00000000

     Dynamical  Matrix in cartesian axes

     q = (    0.333333333   0.333333333  -0.333333333 ) 

    1    1
  0.84612372 -0.00000000    0.09273082 -0.00000000   -0.09273082  0.00000000
  0.09273082 -0.00000000    0.84612372 -0.00000000   -0.09273082  0.00000000
 -0.09273082  0.00000000   -0.09273082  0.00000000    0.84612372 -0.00000000
    1    2
 -0.55640617 -0.15536588    0.06405463 -0.03057969   -0.06405463  0.03057969
  0.06405463 -0.03057969   -0.55640617 -0.15536588   -0.06405463  0.03057969
 -0.06405463  0.03057969   -0.06405463  0.03057969   -0.55640617 -0.15536588
    2    1
 -0.55640617  0.15536588    0.06405463  0.03057969   -0.06405463 -0.03057969
  0.06405463  0.03057969   -0.55640617  0.15536588   -0.06405463 -0.03057969
 -0.06405463 -0.03057969   -0.06405463 -0.03057969   -0.55640617  0.15536588
    2    2
  0.84612412 -0.00000000    0.09273054 -0.00000000   -0.09273054  0.00000000
  0.09273054 -0.00000000    0.84612412 -0.00000000   -0.09273054  0.00000000
 -0.09273054  0.00000000   -0.09273054  0.00000000    0.84612412 -0.00000000

     Diagonalizing the dynamical matrix

     q = (   -0.333333333   0.333333333  -0.333333333 ) 

 **************************************************************************
     freq (    1) =      10.915134 [THz] =     364.089686 [cm-1]
 ( -0.259617 -0.335507 -0.442668 -0.298692 -0.183051  0.036815 ) 
 ( -0.188369 -0.380109 -0.375085 -0.380109 -0.186716  0.000000 ) 
     freq (    2) =      10.915134 [THz] =     364.089686 [cm-1]
 (  0.387809  0.054515 -0.147791  0.162234 -0.535600  0.107719 ) 
 (  0.369447  0.129909 -0.176877  0.129909 -0.546324  0.000000 ) 
     freq (    3) =      23.353875 [THz] =     779.001429 [cm-1]
 (  0.364336 -0.184190 -0.364336  0.184190  0.364336 -0.184190 ) 
 (  0.408248  0.000000 -0.408248  0.000000  0.408248  0.000000 ) 
     freq (    4) =      37.020781 [THz] =    1234.880332 [cm-1]
 ( -0.093871  0.399169  0.282521  0.323469  0.376393 -0.075700 ) 
 (  0.170733 -0.372824 -0.213197 -0.372824 -0.383930  0.000000 ) 
     freq (    5) =      37.020781 [THz] =    1234.880332 [cm-1]
 (  0.295352  0.279201 -0.127381  0.364221 -0.422733  0.085019 ) 
 ( -0.234504 -0.331955  0.196694 -0.331955  0.431198  0.000000 ) 
     freq (    6) =      38.656717 [THz] =    1289.449281 [cm-1]
 (  0.364336 -0.184190 -0.364336  0.184190  0.364336 -0.184190 ) 
 ( -0.408248 -0.000000  0.408248 -0.000000 -0.408248  0.000000 ) 
 **************************************************************************
