Dynamical matrix file
                                                                           
  1    2  2  6.7034255  0.0000000  0.0000000  0.0000000  0.0000000  0.0000000
           1  'C   '    10947.3567922507     
    1    1      0.0000000000      0.0000000000      0.0000000000
    2    1     -0.2500000000      0.2500000000      0.2500000000

     Dynamical  Matrix in cartesian axes

     q = (    0.666666667   0.000000000   0.666666667 ) 

    1    1
  0.80819442  0.00000000   -0.00000000 -0.07517432    0.09066014  0.00000000
 -0.00000000  0.07517432    1.00064043  0.00000000   -0.00000000  0.07517432
  0.09066014  0.00000000   -0.00000000 -0.07517432    0.80819442  0.00000000
    1    2
 -0.21694917  0.00000000    0.00000000  0.04371612    0.11097807  0.00000000
  0.00000000  0.04371605   -0.22611465  0.00000000    0.00000000  0.04371605
  0.11097807  0.00000000    0.00000000  0.04371612   -0.21694917  0.00000000
    2    1
 -0.21694917  0.00000000    0.00000000 -0.04371605    0.11097807  0.00000000
  0.00000000 -0.04371612   -0.22611465  0.00000000    0.00000000 -0.04371612
  0.11097807  0.00000000    0.00000000 -0.04371605   -0.21694917  0.00000000
    2    2
  0.80819443  0.00000000    0.00000000  0.07517396    0.09066049  0.00000000
  0.00000000 -0.07517396    1.00064036  0.00000000    0.00000000 -0.07517396
  0.09066049  0.00000000    0.00000000  0.07517396    0.80819443  0.00000000

     Dynamical  Matrix in cartesian axes

     q = (   -0.666666667   0.000000000  -0.666666667 ) 

    1    1
  0.80819442  0.00000000   -0.00000000  0.07517432    0.09066014  0.00000000
 -0.00000000 -0.07517432    1.00064043  0.00000000   -0.00000000 -0.07517432
  0.09066014  0.00000000   -0.00000000  0.07517432    0.80819442  0.00000000
    1    2
 -0.21694917  0.00000000    0.00000000 -0.04371612    0.11097807  0.00000000
  0.00000000 -0.04371605   -0.22611465  0.00000000    0.00000000 -0.04371605
  0.11097807  0.00000000    0.00000000 -0.04371612   -0.21694917  0.00000000
    2    1
 -0.21694917  0.00000000    0.00000000  0.04371605    0.11097807  0.00000000
  0.00000000  0.04371612   -0.22611465  0.00000000    0.00000000  0.04371612
  0.11097807  0.00000000    0.00000000  0.04371605   -0.21694917  0.00000000
    2    2
  0.80819443  0.00000000    0.00000000 -0.07517396    0.09066049  0.00000000
  0.00000000  0.07517396    1.00064036  0.00000000    0.00000000  0.07517396
  0.09066049  0.00000000    0.00000000 -0.07517396    0.80819443  0.00000000

     Dynamical  Matrix in cartesian axes

     q = (    0.000000000  -0.666666667   0.666666667 ) 

    1    1
  1.00064043  0.00000000    0.00000000  0.07517432    0.00000000 -0.07517432
 -0.00000000 -0.07517432    0.80819442  0.00000000   -0.09066014  0.00000000
  0.00000000  0.07517432   -0.09066014  0.00000000    0.80819442  0.00000000
    1    2
 -0.22611465  0.00000000    0.00000000  0.04371605    0.00000000 -0.04371605
  0.00000000  0.04371612   -0.21694917  0.00000000   -0.11097807  0.00000000
  0.00000000 -0.04371612   -0.11097807  0.00000000   -0.21694917  0.00000000
    2    1
 -0.22611465  0.00000000    0.00000000 -0.04371612    0.00000000  0.04371612
  0.00000000 -0.04371605   -0.21694917  0.00000000   -0.11097807  0.00000000
  0.00000000  0.04371605   -0.11097807  0.00000000   -0.21694917  0.00000000
    2    2
  1.00064036  0.00000000    0.00000000 -0.07517396    0.00000000  0.07517396
  0.00000000  0.07517396    0.80819443  0.00000000   -0.09066049  0.00000000
  0.00000000 -0.07517396   -0.09066049  0.00000000    0.80819443  0.00000000

     Dynamical  Matrix in cartesian axes

     q = (    0.666666667  -0.666666667   0.000000000 ) 

    1    1
  0.80819442  0.00000000   -0.09066014  0.00000000   -0.00000000  0.07517432
 -0.09066014  0.00000000    0.80819442  0.00000000   -0.00000000 -0.07517432
  0.00000000 -0.07517432    0.00000000  0.07517432    1.00064043  0.00000000
    1    2
  0.10847458 -0.18788349    0.05548904 -0.09610983    0.03785927  0.02185806
  0.05548904 -0.09610983    0.10847458 -0.18788349   -0.03785927 -0.02185806
  0.03785921  0.02185803   -0.03785921 -0.02185803    0.11305733 -0.19582103
    2    1
  0.10847458  0.18788349    0.05548904  0.09610983    0.03785921 -0.02185803
  0.05548904  0.09610983    0.10847458  0.18788349   -0.03785921  0.02185803
  0.03785927 -0.02185806   -0.03785927  0.02185806    0.11305733  0.19582103
    2    2
  0.80819443  0.00000000   -0.09066049  0.00000000    0.00000000 -0.07517396
 -0.09066049  0.00000000    0.80819443  0.00000000    0.00000000  0.07517396
 -0.00000000  0.07517396   -0.00000000 -0.07517396    1.00064036  0.00000000

     Dynamical  Matrix in cartesian axes

     q = (    0.000000000  -0.666666667  -0.666666667 ) 

    1    1
  1.00064043  0.00000000    0.00000000 -0.07517432    0.00000000 -0.07517432
  0.00000000  0.07517432    0.80819442  0.00000000    0.09066014  0.00000000
 -0.00000000  0.07517432    0.09066014  0.00000000    0.80819442  0.00000000
    1    2
  0.11305733 -0.19582103    0.03785921  0.02185803    0.03785921  0.02185803
  0.03785927  0.02185806    0.10847458 -0.18788349   -0.05548904  0.09610983
  0.03785927  0.02185806   -0.05548904  0.09610983    0.10847458 -0.18788349
    2    1
  0.11305733  0.19582103    0.03785927 -0.02185806    0.03785927 -0.02185806
  0.03785921 -0.02185803    0.10847458  0.18788349   -0.05548904 -0.09610983
  0.03785921 -0.02185803   -0.05548904 -0.09610983    0.10847458  0.18788349
    2    2
  1.00064036  0.00000000    0.00000000  0.07517396    0.00000000  0.07517396
  0.00000000 -0.07517396    0.80819443  0.00000000    0.09066049  0.00000000
  0.00000000 -0.07517396    0.09066049  0.00000000    0.80819443  0.00000000

     Dynamical  Matrix in cartesian axes

     q = (   -0.666666667   0.000000000   0.666666667 ) 

    1    1
  0.80819442  0.00000000    0.00000000 -0.07517432   -0.09066014  0.00000000
  0.00000000  0.07517432    1.00064043  0.00000000    0.00000000 -0.07517432
 -0.09066014  0.00000000    0.00000000  0.07517432    0.80819442  0.00000000
    1    2
  0.10847458  0.18788349    0.03785927 -0.02185806    0.05548904  0.09610983
  0.03785921 -0.02185803    0.11305733  0.19582103   -0.03785921  0.02185803
  0.05548904  0.09610983   -0.03785927  0.02185806    0.10847458  0.18788349
    2    1
  0.10847458 -0.18788349    0.03785921  0.02185803    0.05548904 -0.09610983
  0.03785927  0.02185806    0.11305733 -0.19582103   -0.03785927 -0.02185806
  0.05548904 -0.09610983   -0.03785921 -0.02185803    0.10847458 -0.18788349
    2    2
  0.80819443  0.00000000    0.00000000  0.07517396   -0.09066049  0.00000000
  0.00000000 -0.07517396    1.00064036  0.00000000    0.00000000  0.07517396
 -0.09066049  0.00000000   -0.00000000 -0.07517396    0.80819443  0.00000000

     Dynamical  Matrix in cartesian axes

     q = (    0.666666667   0.666666667   0.000000000 ) 

    1    1
  0.80819442  0.00000000    0.09066014  0.00000000    0.00000000 -0.07517432
  0.09066014  0.00000000    0.80819442  0.00000000    0.00000000 -0.07517432
  0.00000000  0.07517432    0.00000000  0.07517432    1.00064043  0.00000000
    1    2
 -0.21694917  0.00000000    0.11097807  0.00000000    0.00000000  0.04371612
  0.11097807  0.00000000   -0.21694917  0.00000000    0.00000000  0.04371612
  0.00000000  0.04371605    0.00000000  0.04371605   -0.22611465  0.00000000
    2    1
 -0.21694917  0.00000000    0.11097807  0.00000000    0.00000000 -0.04371605
  0.11097807  0.00000000   -0.21694917  0.00000000    0.00000000 -0.04371605
  0.00000000 -0.04371612    0.00000000 -0.04371612   -0.22611465  0.00000000
    2    2
  0.80819443  0.00000000    0.09066049  0.00000000   -0.00000000  0.07517396
  0.09066049  0.00000000    0.80819443  0.00000000    0.00000000  0.07517396
  0.00000000 -0.07517396    0.00000000 -0.07517396    1.00064036  0.00000000

     Dynamical  Matrix in cartesian axes

     q = (   -0.666666667  -0.666666667   0.000000000 ) 

    1    1
  0.80819442  0.00000000    0.09066014  0.00000000    0.00000000  0.07517432
  0.09066014  0.00000000    0.80819442  0.00000000    0.00000000  0.07517432
  0.00000000 -0.07517432    0.00000000 -0.07517432    1.00064043  0.00000000
    1    2
 -0.21694917  0.00000000    0.11097807  0.00000000    0.00000000 -0.04371612
  0.11097807  0.00000000   -0.21694917  0.00000000    0.00000000 -0.04371612
  0.00000000 -0.04371605    0.00000000 -0.04371605   -0.22611465  0.00000000
    2    1
 -0.21694917  0.00000000    0.11097807  0.00000000    0.00000000  0.04371605
  0.11097807  0.00000000   -0.21694917  0.00000000    0.00000000  0.04371605
  0.00000000  0.04371612    0.00000000  0.04371612   -0.22611465  0.00000000
    2    2
  0.80819443  0.00000000    0.09066049  0.00000000   -0.00000000 -0.07517396
  0.09066049  0.00000000    0.80819443  0.00000000    0.00000000 -0.07517396
  0.00000000  0.07517396    0.00000000  0.07517396    1.00064036  0.00000000

     Dynamical  Matrix in cartesian axes

     q = (   -0.666666667   0.666666667   0.000000000 ) 

    1    1
  0.80819442  0.00000000   -0.09066014  0.00000000   -0.00000000 -0.07517432
 -0.09066014  0.00000000    0.80819442  0.00000000   -0.00000000  0.07517432
  0.00000000  0.07517432    0.00000000 -0.07517432    1.00064043  0.00000000
    1    2
  0.10847458  0.18788349    0.05548904  0.09610983    0.03785927 -0.02185806
  0.05548904  0.09610983    0.10847458  0.18788349   -0.03785927  0.02185806
  0.03785921 -0.02185803   -0.03785921  0.02185803    0.11305733  0.19582103
    2    1
  0.10847458 -0.18788349    0.05548904 -0.09610983    0.03785921  0.02185803
  0.05548904 -0.09610983    0.10847458 -0.18788349   -0.03785921 -0.02185803
  0.03785927  0.02185806   -0.03785927 -0.02185806    0.11305733 -0.19582103
    2    2
  0.80819443  0.00000000   -0.09066049  0.00000000    0.00000000  0.07517396
 -0.09066049  0.00000000    0.80819443  0.00000000    0.00000000 -0.07517396
 -0.00000000 -0.07517396   -0.00000000  0.07517396    1.00064036  0.00000000

     Dynamical  Matrix in cartesian axes

     q = (    0.666666667   0.000000000  -0.666666667 ) 

    1    1
  0.80819442  0.00000000    0.00000000  0.07517432   -0.09066014  0.00000000
  0.00000000 -0.07517432    1.00064043  0.00000000    0.00000000  0.07517432
 -0.09066014  0.00000000    0.00000000 -0.07517432    0.80819442  0.00000000
    1    2
  0.10847458 -0.18788349    0.03785927  0.02185806    0.05548904 -0.09610983
  0.03785921  0.02185803    0.11305733 -0.19582103   -0.03785921 -0.02185803
  0.05548904 -0.09610983   -0.03785927 -0.02185806    0.10847458 -0.18788349
    2    1
  0.10847458  0.18788349    0.03785921 -0.02185803    0.05548904  0.09610983
  0.03785927 -0.02185806    0.11305733  0.19582103   -0.03785927  0.02185806
  0.05548904  0.09610983   -0.03785921  0.02185803    0.10847458  0.18788349
    2    2
  0.80819443  0.00000000    0.00000000 -0.07517396   -0.09066049  0.00000000
  0.00000000  0.07517396    1.00064036  0.00000000    0.00000000 -0.07517396
 -0.09066049  0.00000000   -0.00000000  0.07517396    0.80819443  0.00000000

     Dynamical  Matrix in cartesian axes

     q = (    0.000000000   0.666666667   0.666666667 ) 

    1    1
  1.00064043  0.00000000    0.00000000  0.07517432    0.00000000  0.07517432
  0.00000000 -0.07517432    0.80819442  0.00000000    0.09066014  0.00000000
 -0.00000000 -0.07517432    0.09066014  0.00000000    0.80819442  0.00000000
    1    2
  0.11305733  0.19582103    0.03785921 -0.02185803    0.03785921 -0.02185803
  0.03785927 -0.02185806    0.10847458  0.18788349   -0.05548904 -0.09610983
  0.03785927 -0.02185806   -0.05548904 -0.09610983    0.10847458  0.18788349
    2    1
  0.11305733 -0.19582103    0.03785927  0.02185806    0.03785927  0.02185806
  0.03785921  0.02185803    0.10847458 -0.18788349   -0.05548904  0.09610983
  0.03785921  0.02185803   -0.05548904  0.09610983    0.10847458 -0.18788349
    2    2
  1.00064036  0.00000000    0.00000000 -0.07517396    0.00000000 -0.07517396
  0.00000000  0.07517396    0.80819443  0.00000000    0.09066049  0.00000000
  0.00000000  0.07517396    0.09066049  0.00000000    0.80819443  0.00000000

     Dynamical  Matrix in cartesian axes

     q = (    0.000000000   0.666666667  -0.666666667 ) 

    1    1
  1.00064043  0.00000000    0.00000000 -0.07517432    0.00000000  0.07517432
 -0.00000000  0.07517432    0.80819442  0.00000000   -0.09066014  0.00000000
  0.00000000 -0.07517432   -0.09066014  0.00000000    0.80819442  0.00000000
    1    2
 -0.22611465  0.00000000    0.00000000 -0.04371605    0.00000000  0.04371605
  0.00000000 -0.04371612   -0.21694917  0.00000000   -0.11097807  0.00000000
  0.00000000  0.04371612   -0.11097807  0.00000000   -0.21694917  0.00000000
    2    1
 -0.22611465  0.00000000    0.00000000  0.04371612    0.00000000 -0.04371612
  0.00000000  0.04371605   -0.21694917  0.00000000   -0.11097807  0.00000000
  0.00000000 -0.04371605   -0.11097807  0.00000000   -0.21694917  0.00000000
    2    2
  1.00064036  0.00000000    0.00000000  0.07517396    0.00000000 -0.07517396
  0.00000000 -0.07517396    0.80819443  0.00000000   -0.09066049  0.00000000
  0.00000000  0.07517396   -0.09066049  0.00000000    0.80819443  0.00000000

     Diagonalizing the dynamical matrix

     q = (    0.666666667  -0.000000000   0.666666667 ) 

 **************************************************************************
     freq (    1) =      19.626086 [THz] =     654.655766 [cm-1]
 ( -0.500000  0.000000  0.000000 -0.000000  0.500000  0.000000 ) 
 ( -0.500000 -0.000000 -0.000000  0.000000  0.500000  0.000000 ) 
     freq (    2) =      26.963038 [THz] =     899.390128 [cm-1]
 (  0.473076  0.000000  0.000000 -0.228918  0.473076  0.000000 ) 
 (  0.473073  0.000000  0.000000  0.228908  0.473073  0.000000 ) 
     freq (    3) =      27.523275 [THz] =     918.077617 [cm-1]
 (  0.091647  0.000000  0.000000 -0.695124  0.091647  0.000000 ) 
 ( -0.091654 -0.000000  0.000000 -0.695128 -0.091654  0.000000 ) 
     freq (    4) =      31.648351 [THz] =    1055.675352 [cm-1]
 ( -0.491528  0.000000 -0.000000 -0.129613 -0.491528  0.000000 ) 
 (  0.491529 -0.000000 -0.000000 -0.129613  0.491529  0.000000 ) 
     freq (    5) =      32.149512 [THz] =    1072.392302 [cm-1]
 ( -0.500000  0.000000 -0.000000 -0.000000  0.500000  0.000000 ) 
 (  0.500000  0.000000 -0.000000 -0.000000 -0.500000  0.000000 ) 
     freq (    6) =      35.632881 [THz] =    1188.584983 [cm-1]
 ( -0.161866  0.000000  0.000000 -0.669029 -0.161866 -0.000000 ) 
 ( -0.161865 -0.000000 -0.000000  0.669028 -0.161865  0.000000 ) 
 **************************************************************************
