Dynamical matrix file
                                                                           
  1    2  2  6.7034255  0.0000000  0.0000000  0.0000000  0.0000000  0.0000000
           1  'C   '    10947.3567922507     
    1    1      0.0000000000      0.0000000000      0.0000000000
    2    1     -0.2500000000      0.2500000000      0.2500000000

     Dynamical  Matrix in cartesian axes

     q = (   -0.333333333   0.333333333  -0.333333333 ) 

    1    1
  0.84631946  0.00000000   -0.09357109 -0.00000000    0.09357109  0.00000000
 -0.09357109 -0.00000000    0.84631946  0.00000000   -0.09357109 -0.00000000
  0.09357109  0.00000000   -0.09357109 -0.00000000    0.84631946  0.00000000
    1    2
 -0.55553462  0.15501265   -0.06466441 -0.03029958    0.06466441  0.03029958
 -0.06466441 -0.03029958   -0.55553462  0.15501265   -0.06466441 -0.03029958
  0.06466441  0.03029958   -0.06466441 -0.03029958   -0.55553462  0.15501265
    2    1
 -0.55553462 -0.15501265   -0.06466441  0.03029958    0.06466441 -0.03029958
 -0.06466441  0.03029958   -0.55553462 -0.15501265   -0.06466441  0.03029958
  0.06466441 -0.03029958   -0.06466441  0.03029958   -0.55553462 -0.15501265
    2    2
  0.84631952 -0.00000000   -0.09357109  0.00000000    0.09357109 -0.00000000
 -0.09357109  0.00000000    0.84631952 -0.00000000   -0.09357109  0.00000000
  0.09357109 -0.00000000   -0.09357109  0.00000000    0.84631952 -0.00000000

     Dynamical  Matrix in cartesian axes

     q = (    0.333333333  -0.333333333   0.333333333 ) 

    1    1
  0.84631946 -0.00000000   -0.09357109  0.00000000    0.09357109 -0.00000000
 -0.09357109  0.00000000    0.84631946 -0.00000000   -0.09357109  0.00000000
  0.09357109 -0.00000000   -0.09357109  0.00000000    0.84631946 -0.00000000
    1    2
 -0.55553462 -0.15501265   -0.06466441  0.03029958    0.06466441 -0.03029958
 -0.06466441  0.03029958   -0.55553462 -0.15501265   -0.06466441  0.03029958
  0.06466441 -0.03029958   -0.06466441  0.03029958   -0.55553462 -0.15501265
    2    1
 -0.55553462  0.15501265   -0.06466441 -0.03029958    0.06466441  0.03029958
 -0.06466441 -0.03029958   -0.55553462  0.15501265   -0.06466441 -0.03029958
  0.06466441  0.03029958   -0.06466441 -0.03029958   -0.55553462  0.15501265
    2    2
  0.84631952  0.00000000   -0.09357109 -0.00000000    0.09357109  0.00000000
 -0.09357109 -0.00000000    0.84631952  0.00000000   -0.09357109 -0.00000000
  0.09357109  0.00000000   -0.09357109 -0.00000000    0.84631952  0.00000000

     Dynamical  Matrix in cartesian axes

     q = (    0.333333333   0.333333333   0.333333333 ) 

    1    1
  0.84631946  0.00000000    0.09357109  0.00000000    0.09357109  0.00000000
  0.09357109  0.00000000    0.84631946  0.00000000    0.09357109  0.00000000
  0.09357109  0.00000000    0.09357109  0.00000000    0.84631946  0.00000000
    1    2
 -0.55553462  0.15501265    0.06466441  0.03029958    0.06466441  0.03029958
  0.06466441  0.03029958   -0.55553462  0.15501265    0.06466441  0.03029958
  0.06466441  0.03029958    0.06466441  0.03029958   -0.55553462  0.15501265
    2    1
 -0.55553462 -0.15501265    0.06466441 -0.03029958    0.06466441 -0.03029958
  0.06466441 -0.03029958   -0.55553462 -0.15501265    0.06466441 -0.03029958
  0.06466441 -0.03029958    0.06466441 -0.03029958   -0.55553462 -0.15501265
    2    2
  0.84631952 -0.00000000    0.09357109 -0.00000000    0.09357109 -0.00000000
  0.09357109 -0.00000000    0.84631952 -0.00000000    0.09357109 -0.00000000
  0.09357109 -0.00000000    0.09357109 -0.00000000    0.84631952 -0.00000000

     Dynamical  Matrix in cartesian axes

     q = (   -0.333333333  -0.333333333  -0.333333333 ) 

    1    1
  0.84631946 -0.00000000    0.09357109 -0.00000000    0.09357109 -0.00000000
  0.09357109 -0.00000000    0.84631946 -0.00000000    0.09357109 -0.00000000
  0.09357109 -0.00000000    0.09357109 -0.00000000    0.84631946 -0.00000000
    1    2
 -0.55553462 -0.15501265    0.06466441 -0.03029958    0.06466441 -0.03029958
  0.06466441 -0.03029958   -0.55553462 -0.15501265    0.06466441 -0.03029958
  0.06466441 -0.03029958    0.06466441 -0.03029958   -0.55553462 -0.15501265
    2    1
 -0.55553462  0.15501265    0.06466441  0.03029958    0.06466441  0.03029958
  0.06466441  0.03029958   -0.55553462  0.15501265    0.06466441  0.03029958
  0.06466441  0.03029958    0.06466441  0.03029958   -0.55553462  0.15501265
    2    2
  0.84631952  0.00000000    0.09357109  0.00000000    0.09357109  0.00000000
  0.09357109  0.00000000    0.84631952  0.00000000    0.09357109  0.00000000
  0.09357109  0.00000000    0.09357109  0.00000000    0.84631952  0.00000000

     Dynamical  Matrix in cartesian axes

     q = (    0.333333333  -0.333333333  -0.333333333 ) 

    1    1
  0.84631946  0.00000000   -0.09357109 -0.00000000   -0.09357109 -0.00000000
 -0.09357109 -0.00000000    0.84631946  0.00000000    0.09357109  0.00000000
 -0.09357109 -0.00000000    0.09357109  0.00000000    0.84631946  0.00000000
    1    2
  0.14352241 -0.55861342    0.05857242 -0.04085123    0.05857242 -0.04085123
  0.05857242 -0.04085123    0.14352241 -0.55861342   -0.05857242  0.04085123
  0.05857242 -0.04085123   -0.05857242  0.04085123    0.14352241 -0.55861342
    2    1
  0.14352241  0.55861342    0.05857242  0.04085123    0.05857242  0.04085123
  0.05857242  0.04085123    0.14352241  0.55861342   -0.05857242 -0.04085123
  0.05857242  0.04085123   -0.05857242 -0.04085123    0.14352241  0.55861342
    2    2
  0.84631952 -0.00000000   -0.09357109  0.00000000   -0.09357109  0.00000000
 -0.09357109  0.00000000    0.84631952 -0.00000000    0.09357109 -0.00000000
 -0.09357109  0.00000000    0.09357109 -0.00000000    0.84631952 -0.00000000

     Dynamical  Matrix in cartesian axes

     q = (   -0.333333333   0.333333333   0.333333333 ) 

    1    1
  0.84631946 -0.00000000   -0.09357109  0.00000000   -0.09357109  0.00000000
 -0.09357109  0.00000000    0.84631946 -0.00000000    0.09357109 -0.00000000
 -0.09357109  0.00000000    0.09357109 -0.00000000    0.84631946 -0.00000000
    1    2
  0.14352241  0.55861342    0.05857242  0.04085123    0.05857242  0.04085123
  0.05857242  0.04085123    0.14352241  0.55861342   -0.05857242 -0.04085123
  0.05857242  0.04085123   -0.05857242 -0.04085123    0.14352241  0.55861342
    2    1
  0.14352241 -0.55861342    0.05857242 -0.04085123    0.05857242 -0.04085123
  0.05857242 -0.04085123    0.14352241 -0.55861342   -0.05857242  0.04085123
  0.05857242 -0.04085123   -0.05857242  0.04085123    0.14352241 -0.55861342
    2    2
  0.84631952  0.00000000   -0.09357109 -0.00000000   -0.09357109 -0.00000000
 -0.09357109 -0.00000000    0.84631952  0.00000000    0.09357109  0.00000000
 -0.09357109 -0.00000000    0.09357109  0.00000000    0.84631952  0.00000000

     Dynamical  Matrix in cartesian axes

     q = (   -0.333333333  -0.333333333   0.333333333 ) 

    1    1
  0.84631946  0.00000000    0.09357109  0.00000000   -0.09357109 -0.00000000
  0.09357109  0.00000000    0.84631946  0.00000000   -0.09357109 -0.00000000
 -0.09357109 -0.00000000   -0.09357109 -0.00000000    0.84631946  0.00000000
    1    2
 -0.55553462  0.15501265    0.06466441  0.03029958   -0.06466441 -0.03029958
  0.06466441  0.03029958   -0.55553462  0.15501265   -0.06466441 -0.03029958
 -0.06466441 -0.03029958   -0.06466441 -0.03029958   -0.55553462  0.15501265
    2    1
 -0.55553462 -0.15501265    0.06466441 -0.03029958   -0.06466441  0.03029958
  0.06466441 -0.03029958   -0.55553462 -0.15501265   -0.06466441  0.03029958
 -0.06466441  0.03029958   -0.06466441  0.03029958   -0.55553462 -0.15501265
    2    2
  0.84631952 -0.00000000    0.09357109 -0.00000000   -0.09357109  0.00000000
  0.09357109 -0.00000000    0.84631952 -0.00000000   -0.09357109  0.00000000
 -0.09357109  0.00000000   -0.09357109  0.00000000    0.84631952 -0.00000000

     Dynamical  Matrix in cartesian axes

     q = (    0.333333333   0.333333333  -0.333333333 ) 

    1    1
  0.84631946 -0.00000000    0.09357109 -0.00000000   -0.09357109  0.00000000
  0.09357109 -0.00000000    0.84631946 -0.00000000   -0.09357109  0.00000000
 -0.09357109  0.00000000   -0.09357109  0.00000000    0.84631946 -0.00000000
    1    2
 -0.55553462 -0.15501265    0.06466441 -0.03029958   -0.06466441  0.03029958
  0.06466441 -0.03029958   -0.55553462 -0.15501265   -0.06466441  0.03029958
 -0.06466441  0.03029958   -0.06466441  0.03029958   -0.55553462 -0.15501265
    2    1
 -0.55553462  0.15501265    0.06466441  0.03029958   -0.06466441 -0.03029958
  0.06466441  0.03029958   -0.55553462  0.15501265   -0.06466441 -0.03029958
 -0.06466441 -0.03029958   -0.06466441 -0.03029958   -0.55553462  0.15501265
    2    2
  0.84631952  0.00000000    0.09357109  0.00000000   -0.09357109 -0.00000000
  0.09357109  0.00000000    0.84631952  0.00000000   -0.09357109 -0.00000000
 -0.09357109 -0.00000000   -0.09357109 -0.00000000    0.84631952  0.00000000

     Diagonalizing the dynamical matrix

     q = (   -0.333333333   0.333333333  -0.333333333 ) 

 **************************************************************************
     freq (    1) =      10.898193 [THz] =     363.524581 [cm-1]
 (  0.505066  0.096884  0.473054  0.103322 -0.032013  0.006437 ) 
 (  0.476055  0.194551  0.443401  0.194551 -0.032653  0.000000 ) 
     freq (    2) =      10.898193 [THz] =     363.524581 [cm-1]
 (  0.254853 -0.062489 -0.310261  0.051147 -0.565114  0.113636 ) 
 (  0.262170 -0.011021 -0.314256 -0.011021 -0.576426  0.000000 ) 
     freq (    3) =      23.441651 [THz] =     781.929309 [cm-1]
 ( -0.364287  0.184288  0.364287 -0.184288 -0.364287  0.184288 ) 
 ( -0.408248 -0.000000  0.408248  0.000000 -0.408248  0.000000 ) 
     freq (    4) =      37.008549 [THz] =    1234.472325 [cm-1]
 (  0.186259 -0.062873 -0.370062  0.048995 -0.556321  0.111868 ) 
 ( -0.194999  0.024920  0.372459  0.024920  0.567457  0.000000 ) 
     freq (    5) =      37.008549 [THz] =    1234.472325 [cm-1]
 ( -0.542204 -0.026510 -0.437872 -0.047490  0.104332 -0.020980 ) 
 (  0.526337  0.132879  0.419916  0.132879 -0.106421  0.000000 ) 
     freq (    6) =      38.651577 [THz] =    1289.277841 [cm-1]
 ( -0.364287  0.184288  0.364287 -0.184288 -0.364287  0.184288 ) 
 (  0.408248  0.000000 -0.408248  0.000000  0.408248  0.000000 ) 
 **************************************************************************
