Dynamical matrix file
                                                                           
  1    2  2  6.7034255  0.0000000  0.0000000  0.0000000  0.0000000  0.0000000
           1  'C   '    10947.3567922507     
    1    1     -0.0000000000     -0.0000000000      0.0000000000
    2    1     -0.2480040003      0.2480040003      0.2480040003

     Dynamical  Matrix in cartesian axes

     q = (    0.000000000   0.000000000   0.000000000 ) 

    1    1
  0.86623926  0.00000000   -0.00000000  0.00000000   -0.00000000  0.00000000
 -0.00000000  0.00000000    0.86623926  0.00000000    0.00000000  0.00000000
  0.00000000  0.00000000    0.00000000  0.00000000    0.86623926  0.00000000
    1    2
 -1.21407938  0.00000000   -0.00000000  0.00000000   -0.00000000  0.00000000
  0.00000000  0.00000000   -1.21407938  0.00000000    0.00000000  0.00000000
  0.00000000  0.00000000    0.00000000  0.00000000   -1.21407938  0.00000000
    2    1
 -1.21407938  0.00000000    0.00000000  0.00000000    0.00000000  0.00000000
  0.00000000  0.00000000   -1.21407938  0.00000000    0.00000000  0.00000000
  0.00000000  0.00000000    0.00000000  0.00000000   -1.21407938  0.00000000
    2    2
  0.86626050  0.00000000    0.00000000  0.00000000    0.00000000  0.00000000
  0.00000000  0.00000000    0.86626050  0.00000000   -0.00000000  0.00000000
  0.00000000  0.00000000    0.00000000  0.00000000    0.86626050  0.00000000

     Dielectric Tensor:

         15.625910298095         -0.000000000000         -0.000000000000
         -0.000000000000         15.625910298095         -0.000000000000
         -0.000000000000         -0.000000000000         15.625910298095

     Effective Charges E-U: Z_{alpha}{s,beta}

     atom #    1
         -2.415925721588          0.000000000000         -0.000000000000
          0.000000000000         -2.415925721588          0.000000000000
         -0.000000000000          0.000000000000         -2.415925721588
     atom #    2
         -2.415925303555          0.000000000000         -0.000000000000
          0.000000000000         -2.415925303555         -0.000000000000
         -0.000000000000         -0.000000000000         -2.415925303555

     Diagonalizing the dynamical matrix

     q = (    0.000000000   0.000000000   0.000000000 ) 

 **************************************************************************
     freq (    1) =      -0.000001 [THz] =      -0.000026 [cm-1]
 (  0.000000  0.000000  0.052050  0.000000  0.705189  0.000000 ) 
 (  0.000000  0.000000  0.052050  0.000000  0.705189  0.000000 ) 
     freq (    2) =       0.000000 [THz] =       0.000002 [cm-1]
 (  0.101467  0.000000  0.697890  0.000000 -0.051511  0.000000 ) 
 (  0.101467  0.000000  0.697890  0.000000 -0.051511  0.000000 ) 
     freq (    3) =       0.000001 [THz] =       0.000020 [cm-1]
 (  0.699789  0.000000 -0.101191  0.000000  0.007469  0.000000 ) 
 (  0.699789  0.000000 -0.101191  0.000000  0.007469  0.000000 ) 
     freq (    4) =      48.995810 [THz] =    1634.324293 [cm-1]
 (  0.327787  0.000000  0.259694  0.000000  0.570188  0.000000 ) 
 ( -0.327787  0.000000 -0.259694  0.000000 -0.570188  0.000000 ) 
     freq (    5) =      48.995810 [THz] =    1634.324293 [cm-1]
 ( -0.439106  0.000000  0.554243  0.000000  0.000000  0.000000 ) 
 (  0.439106  0.000000 -0.554243  0.000000  0.000000  0.000000 ) 
     freq (    6) =      48.995810 [THz] =    1634.324293 [cm-1]
 ( -0.446924  0.000000 -0.354081  0.000000  0.418193  0.000000 ) 
 (  0.446924  0.000000  0.354081  0.000000 -0.418193  0.000000 ) 
 **************************************************************************
