Dynamical matrix file
                                                                           
  1    2  2  6.7034255  0.0000000  0.0000000  0.0000000  0.0000000  0.0000000
           1  'C   '    10947.3567922507     
    1    1     -0.0000000000     -0.0000000000      0.0000000000
    2    1     -0.2480040003      0.2480040003      0.2480040003

     Dynamical  Matrix in cartesian axes

     q = (    0.000000000  -1.008048256   0.000000000 ) 

    1    1
  0.40543183  0.00000000    0.00000000  0.00000000   -0.00000000  0.00000000
  0.00000000  0.00000000    0.98457346  0.00000000    0.00000000  0.00000000
 -0.00000000  0.00000000    0.00000000  0.00000000    0.40543183  0.00000000
    1    2
 -0.00000000 -0.00000000   -0.00000000  0.00000000    0.36595372 -0.00000000
 -0.00000000  0.00000000    0.00000000  0.00000000    0.00000000 -0.00000000
  0.36595372 -0.00000000    0.00000000 -0.00000000   -0.00000000 -0.00000000
    2    1
 -0.00000000  0.00000000   -0.00000000 -0.00000000    0.36595372  0.00000000
 -0.00000000  0.00000000   -0.00000000  0.00000000    0.00000000 -0.00000000
  0.36595372  0.00000000   -0.00000000 -0.00000000    0.00000000  0.00000000
    2    2
  0.40545110  0.00000000   -0.00000000  0.00000000    0.00000000  0.00000000
  0.00000000  0.00000000    0.98459693  0.00000000   -0.00000000  0.00000000
  0.00000000  0.00000000   -0.00000000  0.00000000    0.40545110  0.00000000

     Dynamical  Matrix in cartesian axes

     q = (    0.000000000  -0.000000000  -1.008048256 ) 

    1    1
  0.40543183  0.00000000   -0.00000000  0.00000000    0.00000000  0.00000000
 -0.00000000  0.00000000    0.40543183  0.00000000    0.00000000  0.00000000
  0.00000000  0.00000000    0.00000000  0.00000000    0.98457346  0.00000000
    1    2
  0.00000000 -0.00000000    0.36595372 -0.00000000    0.00000000  0.00000000
  0.36595372 -0.00000000    0.00000000 -0.00000000    0.00000000  0.00000000
 -0.00000000  0.00000000    0.00000000 -0.00000000   -0.00000000  0.00000000
    2    1
  0.00000000  0.00000000    0.36595372  0.00000000   -0.00000000  0.00000000
  0.36595372  0.00000000   -0.00000000  0.00000000    0.00000000 -0.00000000
 -0.00000000 -0.00000000    0.00000000 -0.00000000   -0.00000000  0.00000000
    2    2
  0.40545110  0.00000000    0.00000000  0.00000000   -0.00000000  0.00000000
  0.00000000  0.00000000    0.40545110  0.00000000    0.00000000  0.00000000
 -0.00000000  0.00000000   -0.00000000  0.00000000    0.98459693  0.00000000

     Dynamical  Matrix in cartesian axes

     q = (    1.008048256   0.000000000   0.000000000 ) 

    1    1
  0.98457346  0.00000000    0.00000000  0.00000000    0.00000000  0.00000000
  0.00000000  0.00000000    0.40543183  0.00000000    0.00000000  0.00000000
  0.00000000  0.00000000    0.00000000  0.00000000    0.40543183  0.00000000
    1    2
 -0.00000000  0.00000000   -0.00000000  0.00000000   -0.00000000  0.00000000
 -0.00000000  0.00000000   -0.00000000 -0.00000000   -0.36595372  0.00000000
 -0.00000000  0.00000000   -0.36595372  0.00000000   -0.00000000 -0.00000000
    2    1
 -0.00000000  0.00000000   -0.00000000 -0.00000000   -0.00000000  0.00000000
 -0.00000000 -0.00000000   -0.00000000  0.00000000   -0.36595372 -0.00000000
  0.00000000  0.00000000   -0.36595372 -0.00000000    0.00000000  0.00000000
    2    2
  0.98459693  0.00000000   -0.00000000  0.00000000   -0.00000000  0.00000000
  0.00000000  0.00000000    0.40545110  0.00000000   -0.00000000  0.00000000
  0.00000000  0.00000000   -0.00000000  0.00000000    0.40545110  0.00000000

     Diagonalizing the dynamical matrix

     q = (    0.000000000  -1.008048256   0.000000000 ) 

 **************************************************************************
     freq (    1) =       6.248152 [THz] =     208.415917 [cm-1]
 (  0.696260 -0.000000 -0.000000  0.000000 -0.123429  0.000000 ) 
 (  0.123426 -0.000000 -0.000000 -0.000000 -0.696242  0.000000 ) 
     freq (    2) =       6.248152 [THz] =     208.415917 [cm-1]
 (  0.123429 -0.000000 -0.000000  0.000000  0.696260 -0.000000 ) 
 ( -0.696242  0.000000  0.000000  0.000000 -0.123426  0.000000 ) 
     freq (    3) =      27.615878 [THz] =     921.166546 [cm-1]
 (  0.707097 -0.000000 -0.000000  0.000000 -0.000025 -0.000000 ) 
 ( -0.000025 -0.000000  0.000000  0.000000  0.707116  0.000000 ) 
     freq (    4) =      27.615878 [THz] =     921.166546 [cm-1]
 (  0.000025 -0.000000 -0.000000 -0.000000  0.707097  0.000000 ) 
 (  0.707116  0.000000 -0.000000 -0.000000  0.000025  0.000000 ) 
     freq (    5) =      31.199272 [THz] =    1040.695695 [cm-1]
 (  0.000000 -0.000000  1.000000 -0.000000  0.000000  0.000000 ) 
 (  0.000000  0.000000 -0.000000 -0.000000  0.000000  0.000000 ) 
     freq (    6) =      31.199644 [THz] =    1040.708099 [cm-1]
 (  0.000000 -0.000000 -0.000000  0.000000 -0.000000 -0.000000 ) 
 ( -0.000000 -0.000000 -1.000000 -0.000000  0.000000  0.000000 ) 
 **************************************************************************
