 ikr ibn iq imode EPCE[meV]
   1   1   1   1    0.0000000000E+00
   1   1   1   2    0.0000000000E+00
   1   1   1   3    0.0000000000E+00
   1   1   1   4   -0.9028225453E+01
   1   1   1   5   -0.9028225446E+01
   1   1   1   6   -0.9028225450E+01
   1   1   2   1                 NaN
   1   1   2   2                 NaN
   1   1   2   3   -0.4802354119E+02
   1   1   2   4   -0.1886976555E+02
   1   1   2   5   -0.1361029871E+02
   1   1   2   6   -0.1361029880E+02
   1   1   3   1                 NaN
   1   1   3   2                 NaN
   1   1   3   3   -0.4802354305E+02
   1   1   3   4   -0.1886976549E+02
   1   1   3   5   -0.1361029872E+02
   1   1   3   6   -0.1361029902E+02
   1   1   4   1   -0.2872114462E+02
   1   1   4   2   -0.2872114486E+02
   1   1   4   3   -0.2250754783E+02
   1   1   4   4   -0.2250754781E+02
   1   1   4   5   -0.2219133148E+02
   1   1   4   6   -0.2219100832E+02
   1   1   5   1                 NaN
   1   1   5   2                 NaN
   1   1   5   3   -0.4802354104E+02
   1   1   5   4   -0.1886976546E+02
   1   1   5   5   -0.1361029886E+02
   1   1   5   6   -0.1361029869E+02
   1   1   6   1   -0.2872114597E+02
   1   1   6   2   -0.2872114383E+02
   1   1   6   3   -0.2250754815E+02
   1   1   6   4   -0.2250754783E+02
   1   1   6   5   -0.2219133159E+02
   1   1   6   6   -0.2219100841E+02
   1   1   7   1   -0.2872114469E+02
   1   1   7   2   -0.2872114529E+02
   1   1   7   3   -0.2250754807E+02
   1   1   7   4   -0.2250754775E+02
   1   1   7   5   -0.2219133173E+02
   1   1   7   6   -0.2219100844E+02
   1   1   8   1                 NaN
   1   1   8   2                 NaN
   1   1   8   3   -0.4802354209E+02
   1   1   8   4   -0.1886976562E+02
   1   1   8   5   -0.1361029869E+02
   1   1   8   6   -0.1361029868E+02
   1   2   1   1    0.0000000000E+00
   1   2   1   2    0.0000000000E+00
   1   2   1   3    0.0000000000E+00
   1   2   1   4   -0.1566609680E+03
   1   2   1   5   -0.6885787340E+02
   1   2   1   6   -0.5956849647E+02
   1   2   2   1                 NaN
   1   2   2   2                 NaN
   1   2   2   3   -0.2459261423E+03
   1   2   2   4   -0.8886374675E+02
   1   2   2   5   -0.1173254238E+03
   1   2   2   6    0.1137228044E+01
   1   2   3   1                 NaN
   1   2   3   2                 NaN
   1   2   3   3   -0.3353054524E+03
   1   2   3   4   -0.1463787158E+03
   1   2   3   5   -0.3317786518E+02
   1   2   3   6   -0.8635078181E+02
   1   2   4   1   -0.8664611243E+03
   1   2   4   2   -0.1056079515E+04
   1   2   4   3   -0.1890440214E+03
   1   2   4   4   -0.1890450327E+03
   1   2   4   5   -0.1027483974E+03
   1   2   4   6   -0.1027467816E+03
   1   2   5   1                 NaN
   1   2   5   2                 NaN
   1   2   5   3   -0.1551985429E+03
   1   2   5   4   -0.3048116298E+02
   1   2   5   5   -0.1337125799E+03
   1   2   5   6    0.2091522225E+02
   1   2   6   1   -0.1137161741E+04
   1   2   6   2   -0.9501664245E+03
   1   2   6   3   -0.2383925952E+03
   1   2   6   4   -0.1682510180E+03
   1   2   6   5   -0.7485191696E+02
   1   2   6   6   -0.7485053819E+02
   1   2   7   1   -0.5261841533E+03
   1   2   7   2   -0.5268690949E+03
   1   2   7   3   -0.1137112531E+03
   1   2   7   4   -0.1137120698E+03
   1   2   7   5   -0.2499418737E+03
   1   2   7   6   -0.2499389997E+03
   1   2   8   1                 NaN
   1   2   8   2                 NaN
   1   2   8   3   -0.2439583959E+03
   1   2   8   4   -0.8759751908E+02
   1   2   8   5   -0.1118007843E+03
   1   2   8   6   -0.4313871270E+01
   1   3   1   1    0.0000000000E+00
   1   3   1   2    0.0000000000E+00
   1   3   1   3    0.0000000000E+00
   1   3   1   4   -0.6326147041E+02
   1   3   1   5   -0.1523520374E+03
   1   3   1   6   -0.6947382684E+02
   1   3   2   1                 NaN
   1   3   2   2                 NaN
   1   3   2   3   -0.3016396275E+03
   1   3   2   4   -0.1247149856E+03
   1   3   2   5   -0.6224229210E+02
   1   3   2   6   -0.5602813692E+02
   1   3   3   1                 NaN
   1   3   3   2                 NaN
   1   3   3   3   -0.1585998545E+03
   1   3   3   4   -0.3266988499E+02
   1   3   3   5   -0.7414123936E+02
   1   3   3   6   -0.3878321717E+02
   1   3   4   1   -0.9870492737E+03
   1   3   4   2   -0.9246472850E+03
   1   3   4   3   -0.1881036115E+03
   1   3   4   4   -0.1881063623E+03
   1   3   4   5   -0.1045841862E+03
   1   3   4   6   -0.1045825435E+03
   1   3   5   1                 NaN
   1   3   5   2                 NaN
   1   3   5   3   -0.1613067107E+03
   1   3   5   4   -0.3441172968E+02
   1   3   5   5    0.1606398131E+02
   1   3   5   6   -0.1290896101E+03
   1   3   6   1   -0.5725726424E+03
   1   3   6   2   -0.5153742619E+03
   1   3   6   3   -0.1274641906E+03
   1   3   6   4   -0.1060055305E+03
   1   3   6   5   -0.2440348189E+03
   1   3   6   6   -0.2440319836E+03
   1   3   7   1   -0.1220650173E+04
   1   3   7   2   -0.8426284671E+03
   1   3   7   3   -0.2012444076E+03
   1   3   7   4   -0.2012318767E+03
   1   3   7   5   -0.7892320379E+02
   1   3   7   6   -0.7892179180E+02
   1   3   8   1                 NaN
   1   3   8   2                 NaN
   1   3   8   3   -0.3588423533E+03
   1   3   8   4   -0.1615245391E+03
   1   3   8   5   -0.8971105021E+02
   1   3   8   6   -0.3069726038E+02
   1   4   1   1    0.0000000000E+00
   1   4   1   2    0.0000000000E+00
   1   4   1   3    0.0000000000E+00
   1   4   1   4   -0.6516489905E+02
   1   4   1   5   -0.6387742341E+02
   1   4   1   6   -0.1560450151E+03
   1   4   2   1                 NaN
   1   4   2   2                 NaN
   1   4   2   3   -0.1877256335E+03
   1   4   2   4   -0.5141212410E+02
   1   4   2   5    0.5331898325E+01
   1   4   2   6   -0.1193449097E+03
   1   4   3   1                 NaN
   1   4   3   2                 NaN
   1   4   3   3   -0.2413860874E+03
   1   4   3   4   -0.8594225828E+02
   1   4   3   5   -0.6691670246E+02
   1   4   3   6   -0.4910180212E+02
   1   4   4   1   -0.6779506483E+03
   1   4   4   2   -0.5507341790E+03
   1   4   4   3   -0.1289303576E+03
   1   4   4   4   -0.1289265924E+03
   1   4   4   5   -0.2202096120E+03
   1   4   4   6   -0.2202069899E+03
   1   4   5   1                 NaN
   1   4   5   2                 NaN
   1   4   5   3   -0.4187861412E+03
   1   4   5   4   -0.2000979658E+03
   1   4   5   5   -0.5658723008E+02
   1   4   5   6   -0.6606141633E+02
   1   4   6   1   -0.8217266493E+03
   1   4   6   2   -0.1065920312E+04
   1   4   6   3   -0.1402212055E+03
   1   4   6   4   -0.2318214428E+03
   1   4   6   5   -0.1086554586E+03
   1   4   6   6   -0.1086537942E+03
   1   4   7   1   -0.7846266966E+03
   1   4   7   2   -0.1161963385E+04
   1   4   7   3   -0.1911223303E+03
   1   4   7   4   -0.1911340444E+03
   1   4   7   5   -0.9867712106E+02
   1   4   7   6   -0.9867553012E+02
   1   4   8   1                 NaN
   1   4   8   2                 NaN
   1   4   8   3   -0.1324906492E+03
   1   4   8   4   -0.1586879236E+02
   1   4   8   5    0.2727602783E+02
   1   4   8   6   -0.1392246869E+03
   1   5   1   1    0.0000000000E+00
   1   5   1   2    0.0000000000E+00
   1   5   1   3    0.0000000000E+00
   1   5   1   4   -0.6282111441E+02
   1   5   1   5   -0.7170896560E+02
   1   5   1   6   -0.1523406810E+03
   1   5   2   1                 NaN
   1   5   2   2                 NaN
   1   5   2   3   -0.1292330921E+03
   1   5   2   4   -0.7575612459E+02
   1   5   2   5   -0.3236160318E+03
   1   5   2   6   -0.3359547049E+03
   1   5   3   1                 NaN
   1   5   3   2                 NaN
   1   5   3   3   -0.1447833829E+03
   1   5   3   4   -0.8402869703E+02
   1   5   3   5   -0.2221866173E+03
   1   5   3   6   -0.4138785699E+03
   1   5   4   1   -0.8797592617E+03
   1   5   4   2   -0.6498085583E+03
   1   5   4   3    0.3526227773E+03
   1   5   4   4    0.3525661538E+03
   1   5   4   5   -0.8086838268E+02
   1   5   4   6   -0.8086674783E+02
   1   5   5   1                 NaN
   1   5   5   2                 NaN
   1   5   5   3   -0.3822829696E+03
   1   5   5   4   -0.2103756784E+03
   1   5   5   5   -0.1179802140E+03
   1   5   5   6   -0.1590851086E+03
   1   5   6   1   -0.4494548238E+03
   1   5   6   2   -0.5181715179E+03
   1   5   6   3   -0.4856536256E+02
   1   5   6   4    0.1438194063E+03
   1   5   6   5   -0.1373375568E+03
   1   5   6   6   -0.1373375207E+03
   1   5   7   1   -0.6078024369E+03
   1   5   7   2   -0.7013169318E+03
   1   5   7   3    0.2329469088E+03
   1   5   7   4    0.2329659326E+03
   1   5   7   5   -0.1030210997E+03
   1   5   7   6   -0.1030200783E+03
   1   5   8   1                 NaN
   1   5   8   2                 NaN
   1   5   8   3   -0.2580919046E+03
   1   5   8   4   -0.1443074902E+03
   1   5   8   5   -0.1681995010E+03
   1   5   8   6   -0.2965906642E+03
   1   6   1   1    0.0000000000E+00
   1   6   1   2    0.0000000000E+00
   1   6   1   3    0.0000000000E+00
   1   6   1   4   -0.8405904150E+02
   1   6   1   5   -0.1348217374E+03
   1   6   1   6   -0.6799001967E+02
   1   6   2   1                 NaN
   1   6   2   2                 NaN
   1   6   2   3   -0.2174330823E+03
   1   6   2   4   -0.1226774743E+03
   1   6   2   5   -0.2543610394E+03
   1   6   2   6   -0.2718883113E+03
   1   6   3   1                 NaN
   1   6   3   2                 NaN
   1   6   3   3   -0.2685014004E+03
   1   6   3   4   -0.1498452262E+03
   1   6   3   5   -0.2787719149E+03
   1   6   3   6   -0.1702835240E+03
   1   6   4   1   -0.3869158582E+03
   1   6   4   2   -0.4229912064E+03
   1   6   4   3   -0.3797220736E+02
   1   6   4   4   -0.3796347956E+02
   1   6   4   5   -0.1531867298E+03
   1   6   4   6   -0.1531871263E+03
   1   6   5   1                 NaN
   1   6   5   2                 NaN
   1   6   5   3   -0.1711571175E+03
   1   6   5   4   -0.9805921006E+02
   1   6   5   5   -0.2948971442E+03
   1   6   5   6   -0.3013020632E+03
   1   6   6   1   -0.7995097253E+03
   1   6   6   2   -0.7127423837E+03
   1   6   6   3    0.4646854358E+03
   1   6   6   4    0.2217087930E+03
   1   6   6   5   -0.8260846412E+02
   1   6   6   6   -0.8260687221E+02
   1   6   7   1   -0.7538276510E+03
   1   6   7   2   -0.7303272268E+03
   1   6   7   3    0.3279527052E+03
   1   6   7   4    0.3279445979E+03
   1   6   7   5   -0.8543193215E+02
   1   6   7   6   -0.8543042301E+02
   1   6   8   1                 NaN
   1   6   8   2                 NaN
   1   6   8   3   -0.2572998341E+03
   1   6   8   4   -0.1438861198E+03
   1   6   8   5   -0.2094811539E+03
   1   6   8   6   -0.2565063940E+03
   1   7   1   1    0.0000000000E+00
   1   7   1   2    0.0000000000E+00
   1   7   1   3    0.0000000000E+00
   1   7   1   4   -0.1399906212E+03
   1   7   1   5   -0.8034008019E+02
   1   7   1   6   -0.6654007233E+02
   1   7   2   1                 NaN
   1   7   2   2                 NaN
   1   7   2   3   -0.3391273793E+03
   1   7   2   4   -0.1874174046E+03
   1   7   2   5   -0.1860822385E+03
   1   7   2   6   -0.1562162929E+03
   1   7   3   1                 NaN
   1   7   3   2                 NaN
   1   7   3   3   -0.2725087618E+03
   1   7   3   4   -0.1519770816E+03
   1   7   3   5   -0.2631007735E+03
   1   7   3   6   -0.1798971897E+03
   1   7   4   1   -0.6364817552E+03
   1   7   4   2   -0.8303570425E+03
   1   7   4   3    0.3185273492E+03
   1   7   4   4    0.3185752038E+03
   1   7   4   5   -0.8717198473E+02
   1   7   4   6   -0.8717052371E+02
   1   7   5   1                 NaN
   1   7   5   2                 NaN
   1   7   5   3   -0.1323534547E+03
   1   7   5   4   -0.7741611549E+02
   1   7   5   5   -0.3511819477E+03
   1   7   5   6   -0.3036721326E+03
   1   7   6   1   -0.6541923449E+03
   1   7   6   2   -0.6722429530E+03
   1   7   6   3    0.2170578388E+03
   1   7   6   4    0.2676497504E+03
   1   7   6   5   -0.1012810501E+03
   1   7   6   6   -0.1012799810E+03
   1   7   7   1   -0.5415268419E+03
   1   7   7   2   -0.4715126502E+03
   1   7   7   3    0.7227831581E+02
   1   7   7   4    0.7226735235E+02
   1   7   7   5   -0.1327740271E+03
   1   7   7   6   -0.1327738608E+03
   1   7   8   1                 NaN
   1   7   8   2                 NaN
   1   7   8   3   -0.1704017992E+03
   1   7   8   4   -0.9765739178E+02
   1   7   8   5   -0.3863786592E+03
   1   7   8   6   -0.2109622570E+03
   1   8   1   1    0.0000000000E+00
   1   8   1   2    0.0000000000E+00
   1   8   1   3    0.0000000000E+00
   1   8   1   4   -0.1404550436E+02
   1   8   1   5   -0.1404550331E+02
   1   8   1   6   -0.1404550524E+02
   1   8   2   1                 NaN
   1   8   2   2                 NaN
   1   8   2   3   -0.3306447708E+03
   1   8   2   4   -0.7738219637E+02
   1   8   2   5   -0.1811478469E+02
   1   8   2   6   -0.1811478602E+02
   1   8   3   1                 NaN
   1   8   3   2                 NaN
   1   8   3   3   -0.3306448139E+03
   1   8   3   4   -0.7738220221E+02
   1   8   3   5   -0.1811478420E+02
   1   8   3   6   -0.1811478864E+02
   1   8   4   1   -0.2026504205E+03
   1   8   4   2   -0.2026504233E+03
   1   8   4   3   -0.2544705561E+03
   1   8   4   4   -0.2544705600E+03
   1   8   4   5   -0.9335590608E+02
   1   8   4   6   -0.9335593037E+02
   1   8   5   1                 NaN
   1   8   5   2                 NaN
   1   8   5   3   -0.3306448001E+03
   1   8   5   4   -0.7738219541E+02
   1   8   5   5   -0.1811478824E+02
   1   8   5   6   -0.1811478560E+02
   1   8   6   1   -0.2026504353E+03
   1   8   6   2   -0.2026504128E+03
   1   8   6   3   -0.2544705793E+03
   1   8   6   4   -0.2544705664E+03
   1   8   6   5   -0.9335590642E+02
   1   8   6   6   -0.9335591916E+02
   1   8   7   1   -0.2026504271E+03
   1   8   7   2   -0.2026504317E+03
   1   8   7   3   -0.2544705559E+03
   1   8   7   4   -0.2544705839E+03
   1   8   7   5   -0.9335590224E+02
   1   8   7   6   -0.9335591683E+02
   1   8   8   1                 NaN
   1   8   8   2                 NaN
   1   8   8   3   -0.3306448015E+03
   1   8   8   4   -0.7738219575E+02
   1   8   8   5   -0.1811477634E+02
   1   8   8   6   -0.1811478318E+02
   2   1   1   1    0.0000000000E+00
   2   1   1   2    0.0000000000E+00
   2   1   1   3    0.0000000000E+00
   2   1   1   4   -0.1867140709E+02
   2   1   1   5   -0.1781476864E+02
   2   1   1   6   -0.1911729468E+02
   2   1   2   1                 NaN
   2   1   2   2                 NaN
   2   1   2   3   -0.4442266636E+02
   2   1   2   4   -0.9941966000E+01
   2   1   2   5   -0.2278208697E+02
   2   1   2   6   -0.2278208760E+02
   2   1   3   1                 NaN
   2   1   3   2                 NaN
   2   1   3   3   -0.9553524443E+02
   2   1   3   4   -0.4002307048E+02
   2   1   3   5   -0.3506545992E+02
   2   1   3   6   -0.3256143475E+02
   2   1   4   1   -0.7160064821E+02
   2   1   4   2   -0.9295367266E+02
   2   1   4   3   -0.6073319021E+02
   2   1   4   4   -0.6073655081E+02
   2   1   4   5   -0.4232204912E+02
   2   1   4   6   -0.4232155462E+02
   2   1   5   1                 NaN
   2   1   5   2                 NaN
   2   1   5   3   -0.9553524322E+02
   2   1   5   4   -0.4002307055E+02
   2   1   5   5   -0.3298723592E+02
   2   1   5   6   -0.3463965926E+02
   2   1   6   1   -0.7151560293E+02
   2   1   6   2   -0.9303871853E+02
   2   1   6   3   -0.4075997837E+02
   2   1   6   4   -0.8070975427E+02
   2   1   6   5   -0.4232205134E+02
   2   1   6   6   -0.4232155425E+02
   2   1   7   1   -0.9365749775E+02
   2   1   7   2   -0.7089683422E+02
   2   1   7   3   -0.6073613743E+02
   2   1   7   4   -0.6073359445E+02
   2   1   7   5   -0.4232204593E+02
   2   1   7   6   -0.4232155129E+02
   2   1   8   1                 NaN
   2   1   8   2                 NaN
   2   1   8   3   -0.9553524413E+02
   2   1   8   4   -0.4002307031E+02
   2   1   8   5   -0.3464800713E+02
   2   1   8   6   -0.3297888801E+02
   2   2   1   1    0.0000000000E+00
   2   2   1   2    0.0000000000E+00
   2   2   1   3    0.0000000000E+00
   2   2   1   4   -0.3668285527E+02
   2   2   1   5   -0.5934786170E+02
   2   2   1   6   -0.2488552328E+02
   2   2   2   1                 NaN
   2   2   2   2                 NaN
   2   2   2   3   -0.1538678152E+03
   2   2   2   4   -0.9335714120E+02
   2   2   2   5   -0.3442273124E+02
   2   2   2   6   -0.3442273073E+02
   2   2   3   1                 NaN
   2   2   3   2                 NaN
   2   2   3   3   -0.1339207183E+03
   2   2   3   4   -0.1065033902E+03
   2   2   3   5   -0.1944565645E+03
   2   2   3   6   -0.3315996049E+02
   2   2   4   1   -0.2188011713E+03
   2   2   4   2   -0.3001688235E+03
   2   2   4   3   -0.4945043871E+02
   2   2   4   4   -0.4945062850E+02
   2   2   4   5   -0.4136972610E+02
   2   2   4   6   -0.4136923831E+02
   2   2   5   1                 NaN
   2   2   5   2                 NaN
   2   2   5   3   -0.1339207081E+03
   2   2   5   4   -0.1065033840E+03
   2   2   5   5   -0.6058783211E+02
   2   2   5   6   -0.1670286954E+03
   2   2   6   1   -0.2184770965E+03
   2   2   6   2   -0.3004929298E+03
   2   2   6   3   -0.4829632447E+02
   2   2   6   4   -0.5060476079E+02
   2   2   6   5   -0.4136971768E+02
   2   2   6   6   -0.4136922515E+02
   2   2   7   1   -0.3028508024E+03
   2   2   7   2   -0.2161192325E+03
   2   2   7   3   -0.4945060538E+02
   2   2   7   4   -0.4945046046E+02
   2   2   7   5   -0.4136972426E+02
   2   2   7   6   -0.4136924655E+02
   2   2   8   1                 NaN
   2   2   8   2                 NaN
   2   2   8   3   -0.1339207229E+03
   2   2   8   4   -0.1065033844E+03
   2   2   8   5   -0.1675664195E+03
   2   2   8   6   -0.6005010811E+02
   2   3   1   1    0.0000000000E+00
   2   3   1   2    0.0000000000E+00
   2   3   1   3    0.0000000000E+00
   2   3   1   4   -0.1334066171E+03
   2   3   1   5   -0.8477078008E+02
   2   3   1   6   -0.4695270903E+02
   2   3   2   1                 NaN
   2   3   2   2                 NaN
   2   3   2   3   -0.1425843044E+03
   2   3   2   4   -0.1247111300E+03
   2   3   2   5   -0.2785633663E+03
   2   3   2   6   -0.2299481647E+03
   2   3   3   1                 NaN
   2   3   3   2                 NaN
   2   3   3   3   -0.3110927488E+03
   2   3   3   4   -0.1721349646E+03
   2   3   3   5   -0.1088396363E+03
   2   3   3   6   -0.7082775513E+02
   2   3   4   1   -0.5230287567E+03
   2   3   4   2   -0.5455907825E+03
   2   3   4   3   -0.1537568248E+03
   2   3   4   4   -0.1537574264E+03
   2   3   4   5   -0.1800513789E+03
   2   3   4   6   -0.1800493528E+03
   2   3   5   1                 NaN
   2   3   5   2                 NaN
   2   3   5   3   -0.1179333487E+03
   2   3   5   4   -0.2258879456E+02
   2   3   5   5   -0.1838819122E+03
   2   3   5   6   -0.8600920899E+02
   2   3   6   1   -0.1005759698E+04
   2   3   6   2   -0.6610102711E+03
   2   3   6   3   -0.2671496816E+03
   2   3   6   4   -0.1272034186E+03
   2   3   6   5   -0.8519203824E+02
   2   3   6   6   -0.8519080305E+02
   2   3   7   1   -0.5715444673E+03
   2   3   7   2   -0.6410004726E+03
   2   3   7   3   -0.1642028265E+03
   2   3   7   4   -0.1642063707E+03
   2   3   7   5   -0.1572265655E+03
   2   3   7   6   -0.1572247298E+03
   2   3   8   1                 NaN
   2   3   8   2                 NaN
   2   3   8   3   -0.2646152281E+03
   2   3   8   4   -0.1361515531E+03
   2   3   8   5   -0.1185736315E+03
   2   3   8   6   -0.8280316330E+02
   2   4   1   1    0.0000000000E+00
   2   4   1   2    0.0000000000E+00
   2   4   1   3    0.0000000000E+00
   2   4   1   4   -0.4951991055E+02
   2   4   1   5   -0.5953279880E+02
   2   4   1   6   -0.1560774055E+03
   2   4   2   1                 NaN
   2   4   2   2                 NaN
   2   4   2   3   -0.1425843010E+03
   2   4   2   4   -0.1247111503E+03
   2   4   2   5   -0.2299481508E+03
   2   4   2   6   -0.2785633738E+03
   2   4   3   1                 NaN
   2   4   3   2                 NaN
   2   4   3   3   -0.1513348003E+03
   2   4   3   4   -0.4844858454E+02
   2   4   3   5   -0.6696842856E+02
   2   4   3   6   -0.1873210563E+03
   2   4   4   1   -0.9211646542E+03
   2   4   4   2   -0.6421721428E+03
   2   4   4   3   -0.1896718407E+03
   2   4   4   4   -0.1896649463E+03
   2   4   4   5   -0.1015952784E+03
   2   4   4   6   -0.1015939046E+03
   2   4   5   1                 NaN
   2   4   5   2                 NaN
   2   4   5   3   -0.3444942065E+03
   2   4   5   4   -0.1979947531E+03
   2   4   5   5   -0.6026516676E+02
   2   4   5   6   -0.1038005871E+03
   2   4   6   1   -0.4394550153E+03
   2   4   6   2   -0.5257313418E+03
   2   4   6   3   -0.1136682531E+03
   2   4   6   4   -0.1788296829E+03
   2   4   6   5   -0.1964546233E+03
   2   4   6   6   -0.1964524626E+03
   2   4   7   1   -0.6077662825E+03
   2   4   7   2   -0.8116450330E+03
   2   4   7   3   -0.1792203162E+03
   2   4   7   4   -0.1792215243E+03
   2   4   7   5   -0.1244200932E+03
   2   4   7   6   -0.1244185261E+03
   2   4   8   1                 NaN
   2   4   8   2                 NaN
   2   4   8   3   -0.1978123253E+03
   2   4   8   4   -0.8443199898E+02
   2   4   8   5   -0.7096166130E+02
   2   4   8   6   -0.1616184206E+03
   2   5   1   1    0.0000000000E+00
   2   5   1   2    0.0000000000E+00
   2   5   1   3    0.0000000000E+00
   2   5   1   4   -0.1864404799E+03
   2   5   1   5   -0.1285587331E+03
   2   5   1   6   -0.7240354304E+02
   2   5   2   1                 NaN
   2   5   2   2                 NaN
   2   5   2   3   -0.9780183336E+02
   2   5   2   4   -0.7630654813E+02
   2   5   2   5   -0.4189350522E+02
   2   5   2   6    0.9396888782E+02
   2   5   3   1                 NaN
   2   5   3   2                 NaN
   2   5   3   3   -0.2059236452E+03
   2   5   3   4   -0.1317489179E+03
   2   5   3   5   -0.8070960044E+02
   2   5   3   6   -0.5161791836E+02
   2   5   4   1   -0.7779738178E+03
   2   5   4   2   -0.6879423573E+03
   2   5   4   3   -0.2869586037E+03
   2   5   4   4   -0.2869312343E+03
   2   5   4   5   -0.1391036962E+03
   2   5   4   6   -0.1391014959E+03
   2   5   5   1                 NaN
   2   5   5   2                 NaN
   2   5   5   3   -0.1215021687E+03
   2   5   5   4   -0.8871040467E+02
   2   5   5   5   -0.1466461267E+02
   2   5   5   6   -0.7597247706E+02
   2   5   6   1   -0.1039172177E+04
   2   5   6   2   -0.7375115219E+03
   2   5   6   3   -0.6880249361E+03
   2   5   6   4   -0.1296134595E+03
   2   5   6   5   -0.7980507248E+02
   2   5   6   6   -0.7980379508E+02
   2   5   7   1   -0.6425393842E+03
   2   5   7   2   -0.5227668064E+03
   2   5   7   3   -0.1690527785E+03
   2   5   7   4   -0.1690555655E+03
   2   5   7   5   -0.1964641914E+03
   2   5   7   6   -0.1964610902E+03
   2   5   8   1                 NaN
   2   5   8   2                 NaN
   2   5   8   3   -0.2875858823E+03
   2   5   8   4   -0.1733807520E+03
   2   5   8   5   -0.9075289899E+02
   2   5   8   6   -0.8190241718E+02
   2   6   1   1    0.0000000000E+00
   2   6   1   2    0.0000000000E+00
   2   6   1   3    0.0000000000E+00
   2   6   1   4   -0.8728379387E+02
   2   6   1   5   -0.4846459224E+02
   2   6   1   6   -0.2516544087E+03
   2   6   2   1                 NaN
   2   6   2   2                 NaN
   2   6   2   3   -0.9780183529E+02
   2   6   2   4   -0.7630655939E+02
   2   6   2   5    0.9396889931E+02
   2   6   2   6   -0.4189353180E+02
   2   6   3   1                 NaN
   2   6   3   2                 NaN
   2   6   3   3   -0.2040841460E+03
   2   6   3   4   -0.1308111362E+03
   2   6   3   5   -0.4716015300E+02
   2   6   3   6   -0.8425895152E+02
   2   6   4   1   -0.7836439797E+03
   2   6   4   2   -0.6890437304E+03
   2   6   4   3   -0.2896109432E+03
   2   6   4   4   -0.2895901252E+03
   2   6   4   5   -0.1378116080E+03
   2   6   4   6   -0.1378094290E+03
   2   6   5   1                 NaN
   2   6   5   2                 NaN
   2   6   5   3   -0.2885056704E+03
   2   6   5   4   -0.1738496716E+03
   2   6   5   5   -0.1198506717E+03
   2   6   5   6   -0.5325885935E+02
   2   6   6   1   -0.5231811933E+03
   2   6   6   2   -0.6387394138E+03
   2   6   6   3   -0.1741847344E+03
   2   6   6   4   -0.1612680940E+03
   2   6   6   5   -0.1971102544E+03
   2   6   6   6   -0.1971071483E+03
   2   6   7   1   -0.7283611989E+03
   2   6   7   2   -0.1044936724E+04
   2   6   7   3   -0.4074746331E+03
   2   6   7   4   -0.4075081185E+03
   2   6   7   5   -0.8045112849E+02
   2   6   7   6   -0.8044984337E+02
   2   6   8   1                 NaN
   2   6   8   2                 NaN
   2   6   8   3   -0.1224219428E+03
   2   6   8   4   -0.8917930705E+02
   2   6   8   5   -0.3845174373E+02
   2   6   8   6   -0.5263956874E+02
   2   7   1   1    0.0000000000E+00
   2   7   1   2    0.0000000000E+00
   2   7   1   3    0.0000000000E+00
   2   7   1   4    0.8830984863E+02
   2   7   1   5    0.3414326185E+02
   2   7   1   6    0.1165040169E+03
   2   7   2   1                 NaN
   2   7   2   2                 NaN
   2   7   2   3   -0.5080304898E+02
   2   7   2   4   -0.1141199614E+02
   2   7   2   5    0.4558048248E+02
   2   7   2   6    0.4558047707E+02
   2   7   3   1                 NaN
   2   7   3   2                 NaN
   2   7   3   3   -0.4421440009E+02
   2   7   3   4   -0.3896699877E+02
   2   7   3   5   -0.2316596597E+02
   2   7   3   6   -0.1073370406E+03
   2   7   4   1   -0.4438457189E+02
   2   7   4   2   -0.6489191691E+02
   2   7   4   3    0.2391264459E+03
   2   7   4   4    0.2390865727E+03
   2   7   4   5   -0.6426171874E+02
   2   7   4   6   -0.6426150324E+02
   2   7   5   1                 NaN
   2   7   5   2                 NaN
   2   7   5   3   -0.4421438835E+02
   2   7   5   4   -0.3896699783E+02
   2   7   5   5   -0.9302407541E+02
   2   7   5   6   -0.3747892985E+02
   2   7   6   1   -0.4430284808E+02
   2   7   6   2   -0.6497358582E+02
   2   7   6   3    0.4762053739E+03
   2   7   6   4    0.2007636338E+01
   2   7   6   5   -0.6426171736E+02
   2   7   6   6   -0.6426151461E+02
   2   7   7   1   -0.6556787085E+02
   2   7   7   2   -0.4370857015E+02
   2   7   7   3    0.2390914468E+03
   2   7   7   4    0.2391216035E+03
   2   7   7   5   -0.6426172340E+02
   2   7   7   6   -0.6426151645E+02
   2   7   8   1                 NaN
   2   7   8   2                 NaN
   2   7   8   3   -0.4421438988E+02
   2   7   8   4   -0.3896699785E+02
   2   7   8   5   -0.3719833258E+02
   2   7   8   6   -0.9330466928E+02
   2   8   1   1    0.0000000000E+00
   2   8   1   2    0.0000000000E+00
   2   8   1   3    0.0000000000E+00
   2   8   1   4   -0.9303905361E+02
   2   8   1   5   -0.1405689796E+03
   2   8   1   6   -0.6829933495E+02
   2   8   2   1                 NaN
   2   8   2   2                 NaN
   2   8   2   3   -0.8286303865E+02
   2   8   2   4   -0.3326699854E+03
   2   8   2   5   -0.7065687258E+02
   2   8   2   6   -0.7065687250E+02
   2   8   3   1                 NaN
   2   8   3   2                 NaN
   2   8   3   3   -0.1377278528E+03
   2   8   3   4   -0.5736081292E+02
   2   8   3   5   -0.3570146354E+03
   2   8   3   6   -0.8413187188E+02
   2   8   4   1   -0.4932691918E+03
   2   8   4   2   -0.8608122512E+03
   2   8   4   3   -0.1361196650E+03
   2   8   4   4   -0.1361263205E+03
   2   8   4   5   -0.9690276706E+02
   2   8   4   6   -0.9690187805E+02
   2   8   5   1                 NaN
   2   8   5   2                 NaN
   2   8   5   3   -0.1377278515E+03
   2   8   5   4   -0.5736081468E+02
   2   8   5   5   -0.1305341648E+03
   2   8   5   6   -0.3106116448E+03
   2   8   6   1   -0.4918053423E+03
   2   8   6   2   -0.8622760927E+03
   2   8   6   3   -0.9678659645E+02
   2   8   6   4   -0.1754659114E+03
   2   8   6   5   -0.9690274281E+02
   2   8   6   6   -0.9690189824E+02
   2   8   7   1   -0.8729269625E+03
   2   8   7   2   -0.4811547814E+03
   2   8   7   3   -0.1361255126E+03
   2   8   7   4   -0.1361204740E+03
   2   8   7   5   -0.9690274445E+02
   2   8   7   6   -0.9690186524E+02
   2   8   8   1                 NaN
   2   8   8   2                 NaN
   2   8   8   3   -0.1377278503E+03
   2   8   8   4   -0.5736082739E+02
   2   8   8   5   -0.3115213753E+03
   2   8   8   6   -0.1296244190E+03
   3   1   1   1    0.0000000000E+00
   3   1   1   2    0.0000000000E+00
   3   1   1   3    0.0000000000E+00
   3   1   1   4   -0.3362592835E+02
   3   1   1   5   -0.4282627076E+02
   3   1   1   6   -0.3584913696E+02
   3   1   2   1                 NaN
   3   1   2   2                 NaN
   3   1   2   3   -0.1858262643E+02
   3   1   2   4    0.1205661930E+02
   3   1   2   5   -0.2686532826E+02
   3   1   2   6   -0.6656201311E+01
   3   1   3   1                 NaN
   3   1   3   2                 NaN
   3   1   3   3   -0.1858262824E+02
   3   1   3   4    0.1205662538E+02
   3   1   3   5    0.2198714641E+01
   3   1   3   6   -0.3572025829E+02
   3   1   4   1   -0.1078669310E+03
   3   1   4   2   -0.1078669279E+03
   3   1   4   3   -0.4970550093E+02
   3   1   4   4   -0.4970550212E+02
   3   1   4   5   -0.1202219336E+03
   3   1   4   6   -0.1646369324E+02
   3   1   5   1                 NaN
   3   1   5   2                 NaN
   3   1   5   3   -0.1858263711E+02
   3   1   5   4    0.1205662291E+02
   3   1   5   5   -0.2426692778E+02
   3   1   5   6   -0.9254609162E+01
   3   1   6   1   -0.1424618561E+03
   3   1   6   2   -0.3300823835E+03
   3   1   6   3   -0.5010306792E+02
   3   1   6   4   -0.7767134845E+02
   3   1   6   5   -0.4480530004E+02
   3   1   6   6   -0.3328588736E+02
   3   1   7   1   -0.3293222706E+03
   3   1   7   2   -0.1432219677E+03
   3   1   7   3   -0.8845725644E+02
   3   1   7   4   -0.3931715982E+02
   3   1   7   5   -0.4480530012E+02
   3   1   7   6   -0.3328588705E+02
   3   1   8   1                 NaN
   3   1   8   2                 NaN
   3   1   8   3   -0.1858263998E+02
   3   1   8   4    0.1205662228E+02
   3   1   8   5   -0.3675473663E+02
   3   1   8   6    0.3233202430E+01
   3   2   1   1    0.0000000000E+00
   3   2   1   2    0.0000000000E+00
   3   2   1   3    0.0000000000E+00
   3   2   1   4   -0.3362516943E+02
   3   2   1   5   -0.4282224439E+02
   3   2   1   6   -0.3584758761E+02
   3   2   2   1                 NaN
   3   2   2   2                 NaN
   3   2   2   3   -0.1858014274E+02
   3   2   2   4    0.1205522333E+02
   3   2   2   5   -0.2686584239E+02
   3   2   2   6   -0.6656854150E+01
   3   2   3   1                 NaN
   3   2   3   2                 NaN
   3   2   3   3   -0.1858014109E+02
   3   2   3   4    0.1205522177E+02
   3   2   3   5    0.2198001731E+01
   3   2   3   6   -0.3572070818E+02
   3   2   4   1   -0.1078629347E+03
   3   2   4   2   -0.1078629264E+03
   3   2   4   3   -0.4970656720E+02
   3   2   4   4   -0.4970656637E+02
   3   2   4   5   -0.1646376266E+02
   3   2   4   6   -0.1202206795E+03
   3   2   5   1                 NaN
   3   2   5   2                 NaN
   3   2   5   3   -0.1858014595E+02
   3   2   5   4    0.1205522090E+02
   3   2   5   5   -0.2426745800E+02
   3   2   5   6   -0.9255243484E+01
   3   2   6   1   -0.3300671484E+03
   3   2   6   2   -0.1424575320E+03
   3   2   6   3   -0.7761913285E+02
   3   2   6   4   -0.5008904829E+02
   3   2   6   5   -0.3328644732E+02
   3   2   6   6   -0.4480468043E+02
   3   2   7   1   -0.1432176174E+03
   3   2   7   2   -0.3293070637E+03
   3   2   7   3   -0.3931808325E+02
   3   2   7   4   -0.8839009811E+02
   3   2   7   5   -0.3328644762E+02
   3   2   7   6   -0.4480468049E+02
   3   2   8   1                 NaN
   3   2   8   2                 NaN
   3   2   8   3   -0.1858014718E+02
   3   2   8   4    0.1205522233E+02
   3   2   8   5   -0.3675518070E+02
   3   2   8   6    0.3232484221E+01
   3   3   1   1    0.0000000000E+00
   3   3   1   2    0.0000000000E+00
   3   3   1   3    0.0000000000E+00
   3   3   1   4   -0.8326082920E+02
   3   3   1   5   -0.6120552631E+02
   3   3   1   6   -0.6451842180E+02
   3   3   2   1                 NaN
   3   3   2   2                 NaN
   3   3   2   3   -0.2223441638E+03
   3   3   2   4   -0.1222180850E+03
   3   3   2   5   -0.1091149961E+03
   3   3   2   6   -0.1027166622E+03
   3   3   3   1                 NaN
   3   3   3   2                 NaN
   3   3   3   3   -0.2223441685E+03
   3   3   3   4   -0.1222180809E+03
   3   3   3   5   -0.9991252167E+02
   3   3   3   6   -0.1119191409E+03
   3   3   4   1   -0.3365870341E+03
   3   3   4   2   -0.9966552676E+03
   3   3   4   3   -0.1173694122E+03
   3   3   4   4   -0.2435338459E+03
   3   3   4   5   -0.9538081703E+02
   3   3   4   6   -0.9537988890E+02
   3   3   5   1                 NaN
   3   3   5   2                 NaN
   3   3   5   3   -0.1787354354E+03
   3   3   5   4   -0.1133450114E+03
   3   3   5   5   -0.1296196401E+03
   3   3   5   6   -0.1080414204E+03
   3   3   6   1   -0.5839490233E+03
   3   3   6   2   -0.3049831664E+03
   3   3   6   3   -0.1649366328E+03
   3   3   6   4   -0.1129544024E+03
   3   3   6   5   -0.7451684684E+02
   3   3   6   6   -0.1945347618E+03
   3   3   7   1   -0.5828013933E+03
   3   3   7   2   -0.3061136435E+03
   3   3   7   3   -0.1852787653E+03
   3   3   7   4   -0.9261644065E+02
   3   3   7   5   -0.1945365982E+03
   3   3   7   6   -0.7451585972E+02
   3   3   8   1                 NaN
   3   3   8   2                 NaN
   3   3   8   3   -0.1787354304E+03
   3   3   8   4   -0.1133450081E+03
   3   3   8   5   -0.1475703331E+03
   3   3   8   6   -0.9009071415E+02
   3   4   1   1    0.0000000000E+00
   3   4   1   2    0.0000000000E+00
   3   4   1   3    0.0000000000E+00
   3   4   1   4   -0.6800475030E+02
   3   4   1   5   -0.6120541982E+02
   3   4   1   6   -0.7977460861E+02
   3   4   2   1                 NaN
   3   4   2   2                 NaN
   3   4   2   3   -0.1787354312E+03
   3   4   2   4   -0.1133450127E+03
   3   4   2   5   -0.1333555214E+03
   3   4   2   6   -0.1043055328E+03
   3   4   3   1                 NaN
   3   4   3   2                 NaN
   3   4   3   3   -0.1787354325E+03
   3   4   3   4   -0.1133450086E+03
   3   4   3   5   -0.9157746490E+02
   3   4   3   6   -0.1460835927E+03
   3   4   4   1   -0.9966553011E+03
   3   4   4   2   -0.3365870435E+03
   3   4   4   3   -0.2435338469E+03
   3   4   4   4   -0.1173694150E+03
   3   4   4   5   -0.9538082702E+02
   3   4   4   6   -0.9537988170E+02
   3   4   5   1                 NaN
   3   4   5   2                 NaN
   3   4   5   3   -0.2223441662E+03
   3   4   5   4   -0.1222180820E+03
   3   4   5   5   -0.1082930891E+03
   3   4   5   6   -0.1035385711E+03
   3   4   6   1   -0.3049835254E+03
   3   4   6   2   -0.5839315055E+03
   3   4   6   3   -0.1129551726E+03
   3   4   6   4   -0.1649400313E+03
   3   4   6   5   -0.1945365983E+03
   3   4   6   6   -0.7451585984E+02
   3   4   7   1   -0.3061133723E+03
   3   4   7   2   -0.5828188228E+03
   3   4   7   3   -0.9261669988E+02
   3   4   7   4   -0.1852743356E+03
   3   4   7   5   -0.7451684656E+02
   3   4   7   6   -0.1945347580E+03
   3   4   8   1                 NaN
   3   4   8   2                 NaN
   3   4   8   3   -0.2223441677E+03
   3   4   8   4   -0.1222180858E+03
   3   4   8   5   -0.1122469482E+03
   3   4   8   6   -0.9958471303E+02
   3   5   1   1    0.0000000000E+00
   3   5   1   2    0.0000000000E+00
   3   5   1   3    0.0000000000E+00
   3   5   1   4   -0.3950648004E+02
   3   5   1   5   -0.3264638961E+02
   3   5   1   6   -0.3784877965E+02
   3   5   2   1                 NaN
   3   5   2   2                 NaN
   3   5   2   3   -0.8764992959E+02
   3   5   2   4   -0.4891833651E+02
   3   5   2   5   -0.8767030867E+02
   3   5   2   6   -0.4819207232E+02
   3   5   3   1                 NaN
   3   5   3   2                 NaN
   3   5   3   3   -0.8764992402E+02
   3   5   3   4   -0.4891833276E+02
   3   5   3   5   -0.3089409739E+02
   3   5   3   6   -0.1049682807E+03
   3   5   4   1    0.6871772294E+02
   3   5   4   2    0.6871765101E+02
   3   5   4   3   -0.5918820565E+03
   3   5   4   4   -0.5918820324E+03
   3   5   4   5   -0.9328634389E+02
   3   5   4   6   -0.1132344494E+03
   3   5   5   1                 NaN
   3   5   5   2                 NaN
   3   5   5   3   -0.8764992875E+02
   3   5   5   4   -0.4891833489E+02
   3   5   5   5   -0.8259436876E+02
   3   5   5   6   -0.5326801963E+02
   3   5   6   1   -0.1461794623E+03
   3   5   6   2   -0.2945403321E+03
   3   5   6   3   -0.1011784453E+02
   3   5   6   4   -0.4882514240E+02
   3   5   6   5   -0.1579007062E+02
   3   5   6   6   -0.2316398468E+02
   3   5   7   1   -0.2939392696E+03
   3   5   7   2   -0.1467805212E+03
   3   5   7   3   -0.6396911655E+02
   3   5   7   4    0.5026128153E+01
   3   5   7   5   -0.1579007078E+02
   3   5   7   6   -0.2316398553E+02
   3   5   8   1                 NaN
   3   5   8   2                 NaN
   3   5   8   3   -0.8764992796E+02
   3   5   8   4   -0.4891833472E+02
   3   5   8   5   -0.1069891243E+03
   3   5   8   6   -0.2887325856E+02
   3   6   1   1    0.0000000000E+00
   3   6   1   2    0.0000000000E+00
   3   6   1   3    0.0000000000E+00
   3   6   1   4   -0.3950325523E+02
   3   6   1   5   -0.3263319319E+02
   3   6   1   6   -0.3784314414E+02
   3   6   2   1                 NaN
   3   6   2   2                 NaN
   3   6   2   3   -0.8764668296E+02
   3   6   2   4   -0.4891974674E+02
   3   6   2   5   -0.8766970561E+02
   3   6   2   6   -0.4819209696E+02
   3   6   3   1                 NaN
   3   6   3   2                 NaN
   3   6   3   3   -0.8764668245E+02
   3   6   3   4   -0.4891974488E+02
   3   6   3   5   -0.3089439525E+02
   3   6   3   6   -0.1049674115E+03
   3   6   4   1    0.6873887977E+02
   3   6   4   2    0.6873889917E+02
   3   6   4   3   -0.5918812926E+03
   3   6   4   4   -0.5918812764E+03
   3   6   4   5   -0.1132388021E+03
   3   6   4   6   -0.9328540679E+02
   3   6   5   1                 NaN
   3   6   5   2                 NaN
   3   6   5   3   -0.8764668708E+02
   3   6   5   4   -0.4891974863E+02
   3   6   5   5   -0.8259384733E+02
   3   6   5   6   -0.5326796625E+02
   3   6   6   1   -0.2945340174E+03
   3   6   6   2   -0.1461766843E+03
   3   6   6   3   -0.4878693787E+02
   3   6   6   4   -0.1010697249E+02
   3   6   6   5   -0.2316426406E+02
   3   6   6   6   -0.1578964442E+02
   3   6   7   1   -0.1467777403E+03
   3   6   7   2   -0.2939329630E+03
   3   6   7   3    0.5026308883E+01
   3   6   7   4   -0.6392022284E+02
   3   6   7   5   -0.2316426376E+02
   3   6   7   6   -0.1578964439E+02
   3   6   8   1                 NaN
   3   6   8   2                 NaN
   3   6   8   3   -0.8764667957E+02
   3   6   8   4   -0.4891974693E+02
   3   6   8   5   -0.1069882239E+03
   3   6   8   6   -0.2887358472E+02
   3   7   1   1    0.0000000000E+00
   3   7   1   2    0.0000000000E+00
   3   7   1   3    0.0000000000E+00
   3   7   1   4   -0.2011460340E+03
   3   7   1   5   -0.1099441475E+03
   3   7   1   6   -0.9663222555E+02
   3   7   2   1                 NaN
   3   7   2   2                 NaN
   3   7   2   3   -0.4932497666E+03
   3   7   2   4   -0.3788346706E+03
   3   7   2   5   -0.1102639553E+03
   3   7   2   6   -0.8206128921E+02
   3   7   3   1                 NaN
   3   7   3   2                 NaN
   3   7   3   3   -0.4932497815E+03
   3   7   3   4   -0.3788346792E+03
   3   7   3   5   -0.6970477687E+02
   3   7   3   6   -0.1226207637E+03
   3   7   4   1   -0.2656547524E+04
   3   7   4   2   -0.2198245849E+04
   3   7   4   3   -0.2932778915E+03
   3   7   4   4   -0.1614428457E+03
   3   7   4   5   -0.1228166641E+03
   3   7   4   6   -0.1228151273E+03
   3   7   5   1                 NaN
   3   7   5   2                 NaN
   3   7   5   3   -0.2081717203E+03
   3   7   5   4   -0.1168111901E+03
   3   7   5   5   -0.1965960257E+03
   3   7   5   6   -0.1487049677E+03
   3   7   6   1   -0.1020108985E+04
   3   7   6   2   -0.1358760801E+04
   3   7   6   3   -0.2231898723E+03
   3   7   6   4   -0.2805061841E+03
   3   7   6   5   -0.4131927280E+03
   3   7   6   6   -0.2518443565E+03
   3   7   7   1   -0.1021465165E+04
   3   7   7   2   -0.1357430629E+04
   3   7   7   3   -0.2007695531E+03
   3   7   7   4   -0.3029205999E+03
   3   7   7   5   -0.2518477006E+03
   3   7   7   6   -0.4131876050E+03
   3   7   8   1                 NaN
   3   7   8   2                 NaN
   3   7   8   3   -0.2081717209E+03
   3   7   8   4   -0.1168112155E+03
   3   7   8   5   -0.2364335506E+03
   3   7   8   6   -0.1088733802E+03
   3   8   1   1    0.0000000000E+00
   3   8   1   2    0.0000000000E+00
   3   8   1   3    0.0000000000E+00
   3   8   1   4   -0.1073363338E+03
   3   8   1   5   -0.1099441378E+03
   3   8   1   6   -0.1904419107E+03
   3   8   2   1                 NaN
   3   8   2   2                 NaN
   3   8   2   3   -0.2081717213E+03
   3   8   2   4   -0.1168112152E+03
   3   8   2   5   -0.2048840448E+03
   3   8   2   6   -0.1404175009E+03
   3   8   3   1                 NaN
   3   8   3   2                 NaN
   3   8   3   3   -0.2081717087E+03
   3   8   3   4   -0.1168112010E+03
   3   8   3   5   -0.1121728542E+03
   3   8   3   6   -0.2331330151E+03
   3   8   4   1   -0.2198246057E+04
   3   8   4   2   -0.2656547754E+04
   3   8   4   3   -0.1614428412E+03
   3   8   4   4   -0.2932778832E+03
   3   8   4   5   -0.1228166456E+03
   3   8   4   6   -0.1228151130E+03
   3   8   5   1                 NaN
   3   8   5   2                 NaN
   3   8   5   3   -0.4932497755E+03
   3   8   5   4   -0.3788346807E+03
   3   8   5   5   -0.1066367206E+03
   3   8   5   6   -0.8568850415E+02
   3   8   6   1   -0.1358802921E+04
   3   8   6   2   -0.1020092919E+04
   3   8   6   3   -0.2804991019E+03
   3   8   6   4   -0.2231909249E+03
   3   8   6   5   -0.2518476981E+03
   3   8   6   6   -0.4131876097E+03
   3   8   7   1   -0.1357388808E+04
   3   8   7   2   -0.1021480969E+04
   3   8   7   3   -0.3029308710E+03
   3   8   7   4   -0.2007653171E+03
   3   8   7   5   -0.4131927299E+03
   3   8   7   6   -0.2518443604E+03
   3   8   8   1                 NaN
   3   8   8   2                 NaN
   3   8   8   3   -0.4932497728E+03
   3   8   8   4   -0.3788346842E+03
   3   8   8   5   -0.1240641118E+03
   3   8   8   6   -0.6826154911E+02
