 ikr ibn iq imode EPCE[meV]
   1   1   1   1    0.0000000000E+00
   1   1   1   2    0.0000000000E+00
   1   1   1   3    0.0000000000E+00
   1   1   1   4    0.5300789033E+01
   1   1   1   5    0.5300769279E+01
   1   1   1   6    0.5300794055E+01
   1   1   2   1   -0.1879604295E+02
   1   1   2   2   -0.1879589515E+02
   1   1   2   3    0.1213673689E+02
   1   1   2   4    0.7320274208E+01
   1   1   2   5    0.7100094210E+01
   1   1   2   6    0.7100160603E+01
   1   1   3   1   -0.1879589491E+02
   1   1   3   2   -0.1879590955E+02
   1   1   3   3    0.1213682319E+02
   1   1   3   4    0.7320326258E+01
   1   1   3   5    0.7100098457E+01
   1   1   3   6    0.7100105871E+01
   1   1   4   1    0.4156682278E+02
   1   1   4   2    0.4156684119E+02
   1   1   4   3    0.9404585389E+01
   1   1   4   4    0.9404585279E+01
   1   1   4   5    0.8324460334E+01
   1   1   4   6    0.8324345696E+01
   1   1   5   1   -0.1879587973E+02
   1   1   5   2   -0.1879595740E+02
   1   1   5   3    0.1213680209E+02
   1   1   5   4    0.7320313533E+01
   1   1   5   5    0.7100123064E+01
   1   1   5   6    0.7100093606E+01
   1   1   6   1    0.4156688156E+02
   1   1   6   2    0.4156686270E+02
   1   1   6   3    0.9404599448E+01
   1   1   6   4    0.9404589386E+01
   1   1   6   5    0.8324444425E+01
   1   1   6   6    0.8324329447E+01
   1   1   7   1    0.4156687651E+02
   1   1   7   2    0.4156702015E+02
   1   1   7   3    0.9404611558E+01
   1   1   7   4    0.9404611756E+01
   1   1   7   5    0.8324413806E+01
   1   1   7   6    0.8324299027E+01
   1   1   8   1   -0.1879604692E+02
   1   1   8   2   -0.1879589162E+02
   1   1   8   3    0.1213673661E+02
   1   1   8   4    0.7320274040E+01
   1   1   8   5    0.7100107874E+01
   1   1   8   6    0.7100147101E+01
   1   2   1   1    0.0000000000E+00
   1   2   1   2    0.0000000000E+00
   1   2   1   3    0.0000000000E+00
   1   2   1   4    0.1662249622E+03
   1   2   1   5    0.7017343033E+02
   1   2   1   6    0.6797551178E+02
   1   2   2   1   -0.2077173254E+03
   1   2   2   2   -0.5106994926E+03
   1   2   2   3    0.2330094228E+03
   1   2   2   4    0.1405396593E+03
   1   2   2   5    0.1798166086E+03
   1   2   2   6    0.9156343702E+02
   1   2   3   1   -0.2730540481E+03
   1   2   3   2   -0.3268187073E+03
   1   2   3   3    0.3095548148E+03
   1   2   3   4    0.1867080211E+03
   1   2   3   5    0.1009139867E+03
   1   2   3   6    0.1256863541E+03
   1   2   4   1    0.8230299203E+03
   1   2   4   2    0.9607283996E+03
   1   2   4   3    0.2017891390E+03
   1   2   4   4    0.2017900258E+03
   1   2   4   5    0.1207673126E+03
   1   2   4   6    0.1207659085E+03
   1   2   5   1   -0.2411054383E+03
   1   2   5   2   -0.5976412153E+03
   1   2   5   3    0.1553109347E+03
   1   2   5   4    0.9367580756E+02
   1   2   5   5    0.2256856945E+03
   1   2   5   6    0.9114862706E+02
   1   2   6   1    0.1027321958E+04
   1   2   6   2    0.8915279439E+03
   1   2   6   3    0.2537681700E+03
   1   2   6   4    0.1803757564E+03
   1   2   6   5    0.9371312329E+02
   1   2   6   6    0.9371193109E+02
   1   2   7   1    0.5352404948E+03
   1   2   7   2    0.5357374274E+03
   1   2   7   3    0.1211550901E+03
   1   2   7   4    0.1211559733E+03
   1   2   7   5    0.2635126790E+03
   1   2   7   6    0.2635101341E+03
   1   2   8   1   -0.3015404594E+03
   1   2   8   2   -0.4194848447E+03
   1   2   8   3    0.2313250905E+03
   1   2   8   4    0.1395237541E+03
   1   2   8   5    0.1893550257E+03
   1   2   8   6    0.8301036859E+02
   1   3   1   1    0.0000000000E+00
   1   3   1   2    0.0000000000E+00
   1   3   1   3    0.0000000000E+00
   1   3   1   4    0.6821554920E+02
   1   3   1   5    0.1577476204E+03
   1   3   1   6    0.7841056668E+02
   1   3   2   1   -0.2949521152E+03
   1   3   2   2   -0.3495700056E+03
   1   3   2   3    0.2807237733E+03
   1   3   2   4    0.1693185752E+03
   1   3   2   5    0.1452397471E+03
   1   3   2   6    0.9822677290E+02
   1   3   3   1   -0.4563301501E+03
   1   3   3   2   -0.3779060866E+03
   1   3   3   3    0.1582229829E+03
   1   3   3   4    0.9543220978E+02
   1   3   3   5    0.1812703909E+03
   1   3   3   6    0.1338601327E+03
   1   3   4   1    0.9100939465E+03
   1   3   4   2    0.8647740518E+03
   1   3   4   3    0.2007823375E+03
   1   3   4   4    0.2007853729E+03
   1   3   4   5    0.1225474758E+03
   1   3   4   6    0.1225460537E+03
   1   3   5   1   -0.6038563642E+03
   1   3   5   2   -0.2267886325E+03
   1   3   5   3    0.1605418916E+03
   1   3   5   4    0.9683085985E+02
   1   3   5   5    0.8531703016E+02
   1   3   5   6    0.2284569120E+03
   1   3   6   1    0.5705568912E+03
   1   3   6   2    0.5290249139E+03
   1   3   6   3    0.1356174705E+03
   1   3   6   4    0.1131652831E+03
   1   3   6   5    0.2577840485E+03
   1   3   6   6    0.2577815374E+03
   1   3   7   1    0.1086814883E+04
   1   3   7   2    0.8123188222E+03
   1   3   7   3    0.2148481671E+03
   1   3   7   4    0.2148349272E+03
   1   3   7   5    0.9766133548E+02
   1   3   7   6    0.9766010997E+02
   1   3   8   1   -0.3067927982E+03
   1   3   8   2   -0.2618637899E+03
   1   3   8   3    0.3297111019E+03
   1   3   8   4    0.1988652879E+03
   1   3   8   5    0.1386867832E+03
   1   3   8   6    0.7612173321E+02
   1   4   1   1    0.0000000000E+00
   1   4   1   2    0.0000000000E+00
   1   4   1   3    0.0000000000E+00
   1   4   1   4    0.6993374561E+02
   1   4   1   5    0.7645336834E+02
   1   4   1   6    0.1579875600E+03
   1   4   2   1   -0.5766043121E+03
   1   4   2   2   -0.2190031290E+03
   1   4   2   3    0.1831682288E+03
   1   4   2   4    0.1104779377E+03
   1   4   2   5    0.8263575271E+02
   1   4   2   6    0.2179028459E+03
   1   4   3   1   -0.3498911953E+03
   1   4   3   2   -0.3745462012E+03
   1   4   3   3    0.2291236217E+03
   1   4   3   4    0.1381959380E+03
   1   4   3   5    0.1255090262E+03
   1   4   3   6    0.1481452770E+03
   1   4   4   1    0.6536672800E+03
   1   4   4   2    0.5612913659E+03
   1   4   4   3    0.1374454715E+03
   1   4   4   4    0.1374415410E+03
   1   4   4   5    0.2346795031E+03
   1   4   4   6    0.2346771968E+03
   1   4   5   1   -0.2343128546E+03
   1   4   5   2   -0.2548443684E+03
   1   4   5   3    0.3810469886E+03
   1   4   5   4    0.2298285337E+03
   1   4   5   5    0.9669024224E+02
   1   4   5   6    0.8808760005E+02
   1   4   6   1    0.7889163746E+03
   1   4   6   2    0.9662422137E+03
   1   4   6   3    0.1506319429E+03
   1   4   6   4    0.2464764710E+03
   1   4   6   5    0.1264960645E+03
   1   4   6   6    0.1264946106E+03
   1   4   7   1    0.7647409707E+03
   1   4   7   2    0.1038740009E+04
   1   4   7   3    0.2040145442E+03
   1   4   7   4    0.2040269149E+03
   1   4   7   5    0.1168187513E+03
   1   4   7   6    0.1168173794E+03
   1   4   8   1   -0.4709413612E+03
   1   4   8   2   -0.3979253867E+03
   1   4   8   3    0.1358637731E+03
   1   4   8   4    0.8194624991E+02
   1   4   8   5    0.7965128270E+02
   1   4   8   6    0.2485608245E+03
   1   5   1   1    0.0000000000E+00
   1   5   1   2    0.0000000000E+00
   1   5   1   3    0.0000000000E+00
   1   5   1   4    0.4784780198E+02
   1   5   1   5    0.6445912342E+02
   1   5   1   6    0.1610196210E+03
   1   5   2   1   -0.4854672097E+03
   1   5   2   2   -0.3019920655E+03
   1   5   2   3    0.1173412272E+03
   1   5   2   4    0.7077437428E+02
   1   5   2   5    0.1434369570E+03
   1   5   2   6    0.1540236936E+03
   1   5   3   1   -0.1813197518E+03
   1   5   3   2   -0.5840213459E+03
   1   5   3   3    0.1316232126E+03
   1   5   3   4    0.7938855534E+02
   1   5   3   5    0.6988080059E+02
   1   5   3   6    0.2192247671E+03
   1   5   4   1    0.1006463028E+04
   1   5   4   2    0.7093456543E+03
   1   5   4   3    0.1941084011E+03
   1   5   4   4    0.1940970116E+03
   1   5   4   5    0.8561828026E+02
   1   5   4   6    0.8561687511E+02
   1   5   5   1   -0.2584242929E+03
   1   5   5   2   -0.1690940096E+03
   1   5   5   3    0.3497596400E+03
   1   5   5   4    0.2109575658E+03
   1   5   5   5    0.6392440833E+02
   1   5   5   6    0.9756949540E+02
   1   5   6   1    0.5043804879E+03
   1   5   6   2    0.5931817761E+03
   1   5   6   3    0.1001600230E+03
   1   5   6   4    0.1481658050E+03
   1   5   6   5    0.2094319823E+03
   1   5   6   6    0.2094291154E+03
   1   5   7   1    0.6762390629E+03
   1   5   7   2    0.7970512203E+03
   1   5   7   3    0.1666674326E+03
   1   5   7   4    0.1666676696E+03
   1   5   7   5    0.1341864527E+03
   1   5   7   6    0.1341844811E+03
   1   5   8   1   -0.3604006126E+03
   1   5   8   2   -0.2437684342E+03
   1   5   8   3    0.2356940328E+03
   1   5   8   4    0.1421588822E+03
   1   5   8   5    0.6985609675E+02
   1   5   8   6    0.1583671566E+03
   1   6   1   1    0.0000000000E+00
   1   6   1   2    0.0000000000E+00
   1   6   1   3    0.0000000000E+00
   1   6   1   4    0.8969583317E+02
   1   6   1   5    0.1226266266E+03
   1   6   1   6    0.6100692742E+02
   1   6   2   1   -0.3005076061E+03
   1   6   2   2   -0.3615018234E+03
   1   6   2   3    0.1983522746E+03
   1   6   2   4    0.1196361966E+03
   1   6   2   5    0.1148918763E+03
   1   6   2   6    0.1351804281E+03
   1   6   3   1   -0.4195154858E+03
   1   6   3   2   -0.1698534594E+03
   1   6   3   3    0.2452571489E+03
   1   6   3   4    0.1479268767E+03
   1   6   3   5    0.1589908841E+03
   1   6   3   6    0.6364167023E+02
   1   6   4   1    0.4387160237E+03
   1   6   4   2    0.4853303079E+03
   1   6   4   3    0.1045327605E+03
   1   6   4   4    0.1045347138E+03
   1   6   4   5    0.2441857688E+03
   1   6   4   6    0.2441825048E+03
   1   6   5   1   -0.3809249522E+03
   1   6   5   2   -0.3469090421E+03
   1   6   5   3    0.1558485254E+03
   1   6   5   4    0.9400005544E+02
   1   6   5   5    0.1324857938E+03
   1   6   5   6    0.1424515651E+03
   1   6   6   1    0.9044638828E+03
   1   6   6   2    0.7923199446E+03
   1   6   6   3    0.2222665119E+03
   1   6   6   4    0.1616344865E+03
   1   6   6   5    0.8943277062E+02
   1   6   6   6    0.8943132306E+02
   1   6   7   1    0.8481073608E+03
   1   6   7   2    0.8177682625E+03
   1   6   7   3    0.1884521593E+03
   1   6   7   4    0.1884557913E+03
   1   6   7   5    0.9562263096E+02
   1   6   7   6    0.9562111095E+02
   1   6   8   1   -0.3298941287E+03
   1   6   8   2   -0.2754080864E+03
   1   6   8   3    0.2349688362E+03
   1   6   8   4    0.1417214797E+03
   1   6   8   5    0.8921112899E+02
   1   6   8   6    0.1394401757E+03
   1   7   1   1    0.0000000000E+00
   1   7   1   2    0.0000000000E+00
   1   7   1   3    0.0000000000E+00
   1   7   1   4    0.1357822268E+03
   1   7   1   5    0.8624276270E+02
   1   7   1   6    0.5129963123E+02
   1   7   2   1   -0.1832094243E+03
   1   7   2   2   -0.3056889597E+03
   1   7   2   3    0.3101213404E+03
   1   7   2   4    0.1870497210E+03
   1   7   2   5    0.1077768616E+03
   1   7   2   6    0.7690320490E+02
   1   7   3   1   -0.3683544192E+03
   1   7   3   2   -0.2153039888E+03
   1   7   3   3    0.2489336011E+03
   1   7   3   4    0.1501443293E+03
   1   7   3   5    0.1372371537E+03
   1   7   3   6    0.8323826031E+02
   1   7   4   1    0.6981436721E+03
   1   7   4   2    0.9486471475E+03
   1   7   4   3    0.1862902725E+03
   1   7   4   4    0.1862997001E+03
   1   7   4   5    0.9943718259E+02
   1   7   4   6    0.9943561595E+02
   1   7   5   1   -0.3298388684E+03
   1   7   5   2   -0.4531781818E+03
   1   7   5   3    0.1202052187E+03
   1   7   5   4    0.7250179106E+02
   1   7   5   5    0.1696954804E+03
   1   7   5   6    0.1260871315E+03
   1   7   6   1    0.7344920752E+03
   1   7   6   2    0.7578341196E+03
   1   7   6   3    0.1625080509E+03
   1   7   6   4    0.1751339674E+03
   1   7   6   5    0.1303711892E+03
   1   7   6   6    0.1303692517E+03
   1   7   7   1    0.6189946650E+03
   1   7   7   2    0.5285193485E+03
   1   7   7   3    0.1298156894E+03
   1   7   7   4    0.1298118297E+03
   1   7   7   5    0.1994253221E+03
   1   7   7   6    0.1994225770E+03
   1   7   8   1   -0.2788891214E+03
   1   7   8   2   -0.4500065502E+03
   1   7   8   3    0.1551520735E+03
   1   7   8   4    0.9357999046E+02
   1   7   8   5    0.2070378232E+03
   1   7   8   6    0.6830058152E+02
   1   8   1   1    0.0000000000E+00
   1   8   1   2    0.0000000000E+00
   1   8   1   3    0.0000000000E+00
   1   8   1   4    0.5422791623E+01
   1   8   1   5    0.5422926178E+01
   1   8   1   6    0.5422762237E+01
   1   8   2   1   -0.1922800172E+02
   1   8   2   2   -0.1922898460E+02
   1   8   2   3    0.1241645717E+02
   1   8   2   4    0.7488987516E+01
   1   8   2   5    0.7263734319E+01
   1   8   2   6    0.7263290153E+01
   1   8   3   1   -0.1922898676E+02
   1   8   3   2   -0.1922889818E+02
   1   8   3   3    0.1241587692E+02
   1   8   3   4    0.7488637538E+01
   1   8   3   5    0.7263705115E+01
   1   8   3   6    0.7263658808E+01
   1   8   4   1    0.4252432520E+02
   1   8   4   2    0.4252417906E+02
   1   8   4   3    0.9621204891E+01
   1   8   4   4    0.9621202496E+01
   1   8   4   5    0.8516147100E+01
   1   8   4   6    0.8515646921E+01
   1   8   5   1   -0.1922909163E+02
   1   8   5   2   -0.1922856199E+02
   1   8   5   3    0.1241602628E+02
   1   8   5   4    0.7488727628E+01
   1   8   5   5    0.7263537830E+01
   1   8   5   6    0.7263738713E+01
   1   8   6   1    0.4252390207E+02
   1   8   6   2    0.4252404168E+02
   1   8   6   3    0.9621104797E+01
   1   8   6   4    0.9621175775E+01
   1   8   6   5    0.8516259084E+01
   1   8   6   6    0.8515759436E+01
   1   8   7   1    0.4252395167E+02
   1   8   7   2    0.4252299412E+02
   1   8   7   3    0.9621027558E+01
   1   8   7   4    0.9621027222E+01
   1   8   7   5    0.8516456832E+01
   1   8   7   6    0.8515961401E+01
   1   8   8   1   -0.1922797068E+02
   1   8   8   2   -0.1922900794E+02
   1   8   8   3    0.1241646214E+02
   1   8   8   4    0.7488990515E+01
   1   8   8   5    0.7263640700E+01
   1   8   8   6    0.7263380863E+01
   2   1   1   1    0.0000000000E+00
   2   1   1   2    0.0000000000E+00
   2   1   1   3    0.0000000000E+00
   2   1   1   4    0.1154625140E+02
   2   1   1   5    0.1663400211E+02
   2   1   1   6    0.8898034405E+01
   2   1   2   1   -0.2825513357E+02
   2   1   2   2   -0.2825509227E+02
   2   1   2   3    0.4840577958E+02
   2   1   2   4    0.2919595135E+02
   2   1   2   5    0.1067328459E+02
   2   1   2   6    0.1067330319E+02
   2   1   3   1   -0.6915671898E+02
   2   1   3   2   -0.2887330724E+02
   2   1   3   3    0.2159592232E+02
   2   1   3   4    0.1302558295E+02
   2   1   3   5    0.2586653873E+02
   2   1   3   6    0.1116404340E+02
   2   1   4   1    0.8508218639E+02
   2   1   4   2    0.1087543632E+03
   2   1   4   3    0.2192742551E+02
   2   1   4   4    0.2192851165E+02
   2   1   4   5    0.1940945992E+02
   2   1   4   6    0.1940919620E+02
   2   1   5   1   -0.6136688256E+02
   2   1   5   2   -0.3666314472E+02
   2   1   5   3    0.2159592163E+02
   2   1   5   4    0.1302558254E+02
   2   1   5   5    0.1366415010E+02
   2   1   5   6    0.2336643244E+02
   2   1   6   1    0.8498792995E+02
   2   1   6   2    0.1088486700E+03
   2   1   6   3    0.1547898363E+02
   2   1   6   4    0.2837696493E+02
   2   1   6   5    0.1940945043E+02
   2   1   6   6    0.1940918551E+02
   2   1   7   1    0.1095346346E+03
   2   1   7   2    0.8430199357E+02
   2   1   7   3    0.2192838723E+02
   2   1   7   4    0.2192756771E+02
   2   1   7   5    0.1940944509E+02
   2   1   7   6    0.1940917956E+02
   2   1   8   1   -0.3106555540E+02
   2   1   8   2   -0.6696450449E+02
   2   1   8   3    0.2159590058E+02
   2   1   8   4    0.1302556984E+02
   2   1   8   5    0.2341544905E+02
   2   1   8   6    0.1361514581E+02
   2   2   1   1    0.0000000000E+00
   2   2   1   2    0.0000000000E+00
   2   2   1   3    0.0000000000E+00
   2   2   1   4    0.3305710023E+02
   2   2   1   5    0.4854564513E+02
   2   2   1   6    0.2499517762E+02
   2   2   2   1   -0.7859525308E+02
   2   2   2   2   -0.7859512584E+02
   2   2   2   3    0.1425687982E+03
   2   2   2   4    0.8599038653E+02
   2   2   2   5    0.2968909565E+02
   2   2   2   6    0.2968915266E+02
   2   2   3   1   -0.2031112178E+03
   2   2   3   2   -0.8047714822E+02
   2   2   3   3    0.6095202833E+02
   2   2   3   4    0.3676322269E+02
   2   2   3   5    0.7594164783E+02
   2   2   3   6    0.3118310452E+02
   2   2   4   1    0.2426020272E+03
   2   2   4   2    0.3146668019E+03
   2   2   4   3    0.6303998610E+02
   2   2   4   4    0.6304328767E+02
   2   2   4   5    0.5580102671E+02
   2   2   4   6    0.5580034818E+02
   2   2   5   1   -0.1793967579E+03
   2   2   5   2   -0.1041916186E+03
   2   2   5   3    0.6095202159E+02
   2   2   5   4    0.3676321862E+02
   2   2   5   5    0.3879413726E+02
   2   2   5   6    0.6833061904E+02
   2   2   6   1    0.2423150546E+03
   2   2   6   2    0.3149538983E+03
   2   2   6   3    0.4340910216E+02
   2   2   6   4    0.8267419963E+02
   2   2   6   5    0.5580100454E+02
   2   2   6   6    0.5580032076E+02
   2   2   7   1    0.3170421539E+03
   2   2   7   2    0.2402268808E+03
   2   2   7   3    0.6304290714E+02
   2   2   7   4    0.6304041317E+02
   2   2   7   5    0.5580098466E+02
   2   2   7   6    0.5580030785E+02
   2   2   8   1   -0.8715097401E+02
   2   2   8   2   -0.1964375048E+03
   2   2   8   3    0.6095195548E+02
   2   2   8   4    0.3676317875E+02
   2   2   8   5    0.6847984473E+02
   2   2   8   6    0.3864495023E+02
   2   3   1   1    0.0000000000E+00
   2   3   1   2    0.0000000000E+00
   2   3   1   3    0.0000000000E+00
   2   3   1   4    0.1351240724E+03
   2   3   1   5    0.8195485764E+02
   2   3   1   6    0.5517155425E+02
   2   3   2   1   -0.2727321703E+03
   2   3   2   2   -0.5261167776E+03
   2   3   2   3    0.1075230003E+03
   2   3   2   4    0.6485250965E+02
   2   3   2   5    0.1737549363E+03
   2   3   2   6    0.1280081328E+03
   2   3   3   1   -0.2255080640E+03
   2   3   3   2   -0.2444218097E+03
   2   3   3   3    0.3199101831E+03
   2   3   3   4    0.1929538626E+03
   2   3   3   5    0.8705464643E+02
   2   3   3   6    0.9046011569E+02
   2   3   4   1    0.5835628310E+03
   2   3   4   2    0.6045285273E+03
   2   3   4   3    0.1344049962E+03
   2   3   4   4    0.1344032346E+03
   2   3   4   5    0.1896119415E+03
   2   3   4   6    0.1896098729E+03
   2   3   5   1   -0.2398476049E+03
   2   3   5   2   -0.5248335965E+03
   2   3   5   3    0.1295855440E+03
   2   3   5   4    0.7815953530E+02
   2   3   5   5    0.2001491944E+03
   2   3   5   6    0.8870709919E+02
   2   3   6   1    0.1037210041E+04
   2   3   6   2    0.7195586100E+03
   2   3   6   3    0.2845910641E+03
   2   3   6   4    0.1128816301E+03
   2   3   6   5    0.7572541833E+02
   2   3   6   6    0.7572435160E+02
   2   3   7   1    0.6305358897E+03
   2   3   7   2    0.6943891283E+03
   2   3   7   3    0.1498807389E+03
   2   3   7   4    0.1498864023E+03
   2   3   7   5    0.1622088620E+03
   2   3   7   6    0.1622070321E+03
   2   3   8   1   -0.3565151438E+03
   2   3   8   2   -0.1843376590E+03
   2   3   8   3    0.2741143558E+03
   2   3   8   4    0.1653321043E+03
   2   3   8   5    0.1017235417E+03
   2   3   8   6    0.1025821686E+03
   2   4   1   1    0.0000000000E+00
   2   4   1   2    0.0000000000E+00
   2   4   1   3    0.0000000000E+00
   2   4   1   4    0.5448579248E+02
   2   4   1   5    0.5691727801E+02
   2   4   1   6    0.1608474462E+03
   2   4   2   1   -0.5261170768E+03
   2   4   2   2   -0.2727321017E+03
   2   4   2   3    0.1075229254E+03
   2   4   2   4    0.6485246447E+02
   2   4   2   5    0.1280080146E+03
   2   4   2   6    0.1737551416E+03
   2   4   3   1   -0.1654505919E+03
   2   4   3   2   -0.5482615304E+03
   2   4   3   3    0.1624969933E+03
   2   4   3   4    0.9801007964E+02
   2   4   3   5    0.6319412244E+02
   2   4   3   6    0.2064087369E+03
   2   4   4   1    0.9577330168E+03
   2   4   4   2    0.7006978268E+03
   2   4   4   3    0.1876163119E+03
   2   4   4   4    0.1876072412E+03
   2   4   4   5    0.9541915342E+02
   2   4   4   6    0.9541791324E+02
   2   4   5   1   -0.2287944245E+03
   2   4   5   2   -0.1901670020E+03
   2   4   5   3    0.3528212245E+03
   2   4   5   4    0.2128041609E+03
   2   4   5   5    0.7178784000E+02
   2   4   5   6    0.8647372653E+02
   2   4   6   1    0.5050277701E+03
   2   4   6   2    0.5847285025E+03
   2   4   6   3    0.1017375447E+03
   2   4   6   4    0.1448221610E+03
   2   4   6   5    0.2093051334E+03
   2   4   6   6    0.2093028875E+03
   2   4   7   1    0.6669093030E+03
   2   4   7   2    0.8546891156E+03
   2   4   7   3    0.1721312019E+03
   2   4   7   4    0.1721337202E+03
   2   4   7   5    0.1228219838E+03
   2   4   7   6    0.1228205086E+03
   2   4   8   1   -0.4143074028E+03
   2   4   8   2   -0.2284830014E+03
   2   4   8   3    0.2082920387E+03
   2   4   8   4    0.1256313664E+03
   2   4   8   5    0.7296872641E+02
   2   4   8   6    0.1698436422E+03
   2   5   1   1    0.0000000000E+00
   2   5   1   2    0.0000000000E+00
   2   5   1   3    0.0000000000E+00
   2   5   1   4    0.1111383973E+03
   2   5   1   5    0.8928971581E+02
   2   5   1   6    0.5373085636E+02
   2   5   2   1   -0.1583247668E+03
   2   5   2   2   -0.5711003699E+03
   2   5   2   3    0.1109281568E+03
   2   5   2   4    0.6690633015E+02
   2   5   2   5    0.2060201117E+03
   2   5   2   6    0.6951829708E+02
   2   5   3   1   -0.2153327242E+03
   2   5   3   2   -0.3407511178E+03
   2   5   3   3    0.2228568107E+03
   2   5   3   4    0.1344161103E+03
   2   5   3   5    0.8560124473E+02
   2   5   3   6    0.1244579502E+03
   2   5   4   1    0.7107906527E+03
   2   5   4   2    0.6151471414E+03
   2   5   4   3    0.1500020105E+03
   2   5   4   4    0.1499942735E+03
   2   5   4   5    0.1335948161E+03
   2   5   4   6    0.1335933917E+03
   2   5   5   1   -0.2852179231E+03
   2   5   5   2   -0.4410477646E+03
   2   5   5   3    0.1129682528E+03
   2   5   5   4    0.6813681426E+02
   2   5   5   5    0.1685172640E+03
   2   5   5   6    0.1058276713E+03
   2   5   6   1    0.9350774402E+03
   2   5   6   2    0.6430548920E+03
   2   5   6   3    0.2574527931E+03
   2   5   6   4    0.9960304873E+02
   2   5   6   5    0.8308900925E+02
   2   5   6   6    0.8308784065E+02
   2   5   7   1    0.5900526711E+03
   2   5   7   2    0.4919276416E+03
   2   5   7   3    0.1224009350E+03
   2   5   7   4    0.1223994430E+03
   2   5   7   5    0.1824510175E+03
   2   5   7   6    0.1824493637E+03
   2   5   8   1   -0.2061443357E+03
   2   5   8   2   -0.1853262908E+03
   2   5   8   3    0.3291496342E+03
   2   5   8   4    0.1985266386E+03
   2   5   8   5    0.8871312657E+02
   2   5   8   6    0.5916386325E+02
   2   6   1   1    0.0000000000E+00
   2   6   1   2    0.0000000000E+00
   2   6   1   3    0.0000000000E+00
   2   6   1   4    0.6501935833E+02
   2   6   1   5    0.4483936612E+02
   2   6   1   6    0.1443007054E+03
   2   6   2   1   -0.5711019620E+03
   2   6   2   2   -0.1583248522E+03
   2   6   2   3    0.1109281277E+03
   2   6   2   4    0.6690631257E+02
   2   6   2   5    0.6951806438E+02
   2   6   2   6    0.2060209781E+03
   2   6   3   1   -0.1762272022E+03
   2   6   3   2   -0.3835659663E+03
   2   6   3   3    0.2204627060E+03
   2   6   3   4    0.1329721057E+03
   2   6   3   5    0.6443427788E+02
   2   6   3   6    0.1470261053E+03
   2   6   4   1    0.7156643295E+03
   2   6   4   2    0.6157704830E+03
   2   6   4   3    0.1506206110E+03
   2   6   4   4    0.1506193852E+03
   2   6   4   5    0.1324946686E+03
   2   6   4   6    0.1324932668E+03
   2   6   5   1   -0.1706892131E+03
   2   6   5   2   -0.2189278030E+03
   2   6   5   3    0.3303475878E+03
   2   6   5   4    0.1992491844E+03
   2   6   5   5    0.8231701878E+02
   2   6   5   6    0.6485977463E+02
   2   6   6   1    0.4921569519E+03
   2   6   6   2    0.5870779585E+03
   2   6   6   3    0.9643659615E+02
   2   6   6   4    0.1477426286E+03
   2   6   6   5    0.1830015407E+03
   2   6   6   6    0.1829999010E+03
   2   6   7   1    0.6344139005E+03
   2   6   7   2    0.9409740353E+03
   2   6   7   3    0.1782133295E+03
   2   6   7   4    0.1782215868E+03
   2   6   7   5    0.8363933646E+02
   2   6   7   6    0.8363817106E+02
   2   6   8   1   -0.5000693790E+03
   2   6   8   2   -0.2243432680E+03
   2   6   8   3    0.1141658384E+03
   2   6   8   4    0.6885913819E+02
   2   6   8   5    0.8157136775E+02
   2   6   8   6    0.1920735864E+03
   2   7   1   1    0.0000000000E+00
   2   7   1   2    0.0000000000E+00
   2   7   1   3    0.0000000000E+00
   2   7   1   4    0.6923583359E+01
   2   7   1   5    0.1380840236E+02
   2   7   1   6    0.3340037640E+01
   2   7   2   1   -0.7382285879E+01
   2   7   2   2   -0.7383786834E+01
   2   7   2   3    0.4558111711E+02
   2   7   2   4    0.2749225587E+02
   2   7   2   5    0.2789259804E+01
   2   7   2   6    0.2788584930E+01
   2   7   3   1   -0.6273079220E+02
   2   7   3   2   -0.8220192689E+01
   2   7   3   3    0.9301812743E+01
   2   7   3   4    0.5610389366E+01
   2   7   3   5    0.2334832521E+02
   2   7   3   6    0.3453220948E+01
   2   7   4   1    0.4690581307E+02
   2   7   4   2    0.7893810508E+02
   2   7   4   3    0.1423550170E+02
   2   7   4   4    0.1423695599E+02
   2   7   4   5    0.1260124374E+02
   2   7   4   6    0.1260024205E+02
   2   7   5   1   -0.5218994340E+02
   2   7   5   2   -0.1876068020E+02
   2   7   5   3    0.9302046029E+01
   2   7   5   4    0.5610530073E+01
   2   7   5   5    0.6836113726E+01
   2   7   5   6    0.1996529596E+02
   2   7   6   1    0.4677762854E+02
   2   7   6   2    0.7906555414E+02
   2   7   6   3    0.5509486207E+01
   2   7   6   4    0.2296280508E+02
   2   7   6   5    0.1260140645E+02
   2   7   6   6    0.1260037392E+02
   2   7   7   1    0.7999357614E+02
   2   7   7   2    0.4584799958E+02
   2   7   7   3    0.1423651011E+02
   2   7   7   4    0.1423541760E+02
   2   7   7   5    0.1260171501E+02
   2   7   7   6    0.1260070899E+02
   2   7   8   1   -0.1118522524E+02
   2   7   8   2   -0.5976438748E+02
   2   7   8   3    0.9302698766E+01
   2   7   8   4    0.5610923772E+01
   2   7   8   5    0.2003147269E+02
   2   7   8   6    0.6769555131E+01
   2   8   1   1    0.0000000000E+00
   2   8   1   2    0.0000000000E+00
   2   8   1   3    0.0000000000E+00
   2   8   1   4    0.8508188281E+02
   2   8   1   5    0.1383118397E+03
   2   8   1   6    0.5737539399E+02
   2   8   2   1   -0.1689583071E+03
   2   8   2   2   -0.1689621560E+03
   2   8   2   3    0.4246547396E+03
   2   8   2   4    0.2561305536E+03
   2   8   2   5    0.6382514473E+02
   2   8   2   6    0.6382341304E+02
   2   8   3   1   -0.5968857464E+03
   2   8   3   2   -0.1754296788E+03
   2   8   3   3    0.1441604496E+03
   2   8   3   4    0.8695039124E+02
   2   8   3   5    0.2227808437E+03
   2   8   3   6    0.6895925775E+02
   2   8   4   1    0.6100667999E+03
   2   8   4   2    0.8577309057E+03
   2   8   4   3    0.1660405030E+03
   2   8   4   4    0.1660518918E+03
   2   8   4   5    0.1469740919E+03
   2   8   4   6    0.1469724916E+03
   2   8   5   1   -0.5153868713E+03
   2   8   5   2   -0.2569276139E+03
   2   8   5   3    0.1441610565E+03
   2   8   5   4    0.8695075732E+02
   2   8   5   5    0.9511553057E+02
   2   8   5   6    0.1966242158E+03
   2   8   6   1    0.6090789443E+03
   2   8   6   2    0.8587168900E+03
   2   8   6   3    0.9857479684E+02
   2   8   6   4    0.2335171745E+03
   2   8   6   5    0.1469744382E+03
   2   8   6   6    0.1469728949E+03
   2   8   7   1    0.8658932785E+03
   2   8   7   2    0.6018984425E+03
   2   8   7   3    0.1660498271E+03
   2   8   7   4    0.1660412136E+03
   2   8   7   5    0.1469752875E+03
   2   8   7   6    0.1469736931E+03
   2   8   8   1   -0.1983615660E+03
   2   8   8   2   -0.5739503264E+03
   2   8   8   3    0.1441627308E+03
   2   8   8   4    0.8695176714E+02
   2   8   8   5    0.1971366319E+03
   2   8   8   6    0.9460213501E+02
   3   1   1   1    0.0000000000E+00
   3   1   1   2    0.0000000000E+00
   3   1   1   3    0.0000000000E+00
   3   1   1   4    0.2006858116E+02
   3   1   1   5    0.3567067674E+02
   3   1   1   6    0.2383874510E+02
   3   1   2   1   -0.1005493444E+03
   3   1   2   2   -0.8756831303E+02
   3   1   2   3    0.6073542746E+02
   3   1   2   4    0.3663133173E+02
   3   1   2   5    0.2827164493E+02
   3   1   2   6    0.4278808092E+02
   3   1   3   1   -0.1313737404E+03
   3   1   3   2   -0.5674377203E+02
   3   1   3   3    0.6073552108E+02
   3   1   3   4    0.3663138820E+02
   3   1   3   5    0.4914856447E+02
   3   1   3   6    0.2191110661E+02
   3   1   4   1    0.1229554890E+03
   3   1   4   2    0.1229559075E+03
   3   1   4   3    0.2781835449E+02
   3   1   4   4    0.2781844641E+02
   3   1   4   5    0.1366554366E+03
   3   1   4   6    0.1479107699E+02
   3   1   5   1   -0.1093875548E+03
   3   1   5   2   -0.7873000592E+02
   3   1   5   3    0.6073548985E+02
   3   1   5   4    0.3663136937E+02
   3   1   5   5    0.3013813307E+02
   3   1   5   6    0.4092155628E+02
   3   1   6   1    0.1311171698E+03
   3   1   6   2    0.3699603090E+03
   3   1   6   3    0.4052445356E+02
   3   1   6   4    0.7284119102E+02
   3   1   6   5    0.3456622639E+02
   3   1   6   6    0.1468081459E+02
   3   1   7   1    0.3689929302E+03
   3   1   7   2    0.1320848423E+03
   3   1   7   3    0.8548499000E+02
   3   1   7   4    0.2788072103E+02
   3   1   7   5    0.3456624893E+02
   3   1   7   6    0.1468067444E+02
   3   1   8   1   -0.9395129185E+02
   3   1   8   2   -0.9416638202E+02
   3   1   8   3    0.6073541682E+02
   3   1   8   4    0.3663132532E+02
   3   1   8   5    0.2116804377E+02
   3   1   8   6    0.4989168830E+02
   3   2   1   1    0.0000000000E+00
   3   2   1   2    0.0000000000E+00
   3   2   1   3    0.0000000000E+00
   3   2   1   4    0.2006856530E+02
   3   2   1   5    0.3567066042E+02
   3   2   1   6    0.2383872909E+02
   3   2   2   1   -0.1005474980E+03
   3   2   2   2   -0.8756681662E+02
   3   2   2   3    0.6073332117E+02
   3   2   2   4    0.3663255755E+02
   3   2   2   5    0.2827204273E+02
   3   2   2   6    0.4278885996E+02
   3   2   3   1   -0.1313710782E+03
   3   2   3   2   -0.5674309318E+02
   3   2   3   3    0.6073341366E+02
   3   2   3   4    0.3663261333E+02
   3   2   3   5    0.4914951277E+02
   3   2   3   6    0.2191133583E+02
   3   2   4   1    0.1229531427E+03
   3   2   4   2    0.1229527879E+03
   3   2   4   3    0.2781901160E+02
   3   2   4   4    0.2781891787E+02
   3   2   4   5    0.1479115930E+02
   3   2   4   6    0.1366538461E+03
   3   2   5   1   -0.1093854774E+03
   3   2   5   2   -0.7872874104E+02
   3   2   5   3    0.6073338325E+02
   3   2   5   4    0.3663259499E+02
   3   2   5   5    0.3013857887E+02
   3   2   5   6    0.4092228751E+02
   3   2   6   1    0.3699447882E+03
   3   2   6   2    0.1311138048E+03
   3   2   6   3    0.7284415979E+02
   3   2   6   4    0.4052564197E+02
   3   2   6   5    0.1468098736E+02
   3   2   6   6    0.3456576773E+02
   3   2   7   1    0.1320812852E+03
   3   2   7   2    0.3689775961E+03
   3   2   7   3    0.2788122960E+02
   3   2   7   4    0.8548863741E+02
   3   2   7   5    0.1468084663E+02
   3   2   7   6    0.3456579294E+02
   3   2   8   1   -0.9394962021E+02
   3   2   8   2   -0.9416470755E+02
   3   2   8   3    0.6073331269E+02
   3   2   8   4    0.3663255243E+02
   3   2   8   5    0.2116825228E+02
   3   2   8   6    0.4989265537E+02
   3   3   1   1    0.0000000000E+00
   3   3   1   2    0.0000000000E+00
   3   3   1   3    0.0000000000E+00
   3   3   1   4    0.9634098431E+02
   3   3   1   5    0.5790777858E+02
   3   3   1   6    0.6822088143E+02
   3   3   2   1   -0.2401990927E+03
   3   3   2   2   -0.2518346859E+03
   3   3   2   3    0.1916582693E+03
   3   3   2   4    0.1155987065E+03
   3   3   2   5    0.9943710515E+02
   3   3   2   6    0.8642734838E+02
   3   3   3   1   -0.2125723849E+03
   3   3   3   2   -0.2794607459E+03
   3   3   3   3    0.1916586876E+03
   3   3   3   4    0.1155989588E+03
   3   3   3   5    0.8072600290E+02
   3   3   3   6    0.1051382059E+03
   3   3   4   1    0.4060111434E+03
   3   3   4   2    0.1059260655E+04
   3   3   4   3    0.9636799643E+02
   3   3   4   4    0.2351529063E+03
   3   3   4   5    0.5592572099E+02
   3   3   4   6    0.5592490470E+02
   3   3   5   1   -0.2391478151E+03
   3   3   5   2   -0.3206192158E+03
   3   3   5   3    0.1479220564E+03
   3   3   5   4    0.8921920483E+02
   3   3   5   5    0.1200532149E+03
   3   3   5   6    0.9139729491E+02
   3   3   6   1    0.6498048422E+03
   3   3   6   2    0.3620953096E+03
   3   3   6   3    0.1339343378E+03
   3   3   6   4    0.9500659984E+02
   3   3   6   5    0.8530142226E+02
   3   3   6   6    0.2081404335E+03
   3   3   7   1    0.6486203929E+03
   3   3   7   2    0.3632650185E+03
   3   3   7   3    0.1491691499E+03
   3   3   7   4    0.7977575834E+02
   3   3   7   5    0.2081427686E+03
   3   3   7   6    0.8529998873E+02
   3   3   8   1   -0.2801691127E+03
   3   3   8   2   -0.2795981955E+03
   3   3   8   3    0.1479218773E+03
   3   3   8   4    0.8921909682E+02
   3   3   8   5    0.1438911131E+03
   3   3   8   6    0.6755950147E+02
   3   4   1   1    0.0000000000E+00
   3   4   1   2    0.0000000000E+00
   3   4   1   3    0.0000000000E+00
   3   4   1   4    0.7491986625E+02
   3   4   1   5    0.5790774407E+02
   3   4   1   6    0.8964200577E+02
   3   4   2   1   -0.2626373170E+03
   3   4   2   2   -0.2971298964E+03
   3   4   2   3    0.1479218740E+03
   3   4   2   4    0.8921909477E+02
   3   4   2   5    0.1250138477E+03
   3   4   2   6    0.8643673104E+02
   3   4   3   1   -0.1807231746E+03
   3   4   3   2   -0.3790436769E+03
   3   4   3   3    0.1479221076E+03
   3   4   3   4    0.8921923572E+02
   3   4   3   5    0.6953382211E+02
   3   4   3   6    0.1419166199E+03
   3   4   4   1    0.1059260469E+04
   3   4   4   2    0.4060111027E+03
   3   4   4   3    0.2351528825E+03
   3   4   4   4    0.9636796897E+02
   3   4   4   5    0.5592572344E+02
   3   4   4   6    0.5592490434E+02
   3   4   5   1   -0.2322788216E+03
   3   4   5   2   -0.2597543904E+03
   3   4   5   3    0.1916585704E+03
   3   4   5   4    0.1155988881E+03
   3   4   5   5    0.9776506869E+02
   3   4   5   6    0.8809917084E+02
   3   4   6   1    0.3620983802E+03
   3   4   6   2    0.6497862631E+03
   3   4   6   3    0.9500696153E+02
   3   4   6   4    0.1339377730E+03
   3   4   6   5    0.2081427098E+03
   3   4   6   6    0.8530026646E+02
   3   4   7   1    0.3632614475E+03
   3   4   7   2    0.6486392561E+03
   3   4   7   3    0.7977663923E+02
   3   4   7   4    0.1491644233E+03
   3   4   7   5    0.8530109589E+02
   3   4   7   6    0.2081404502E+03
   3   4   8   1   -0.2461145389E+03
   3   4   8   2   -0.2459191657E+03
   3   4   8   3    0.1916582524E+03
   3   4   8   4    0.1155986963E+03
   3   4   8   5    0.1058044333E+03
   3   4   8   6    0.8005999233E+02
   3   5   1   1    0.0000000000E+00
   3   5   1   2    0.0000000000E+00
   3   5   1   3    0.0000000000E+00
   3   5   1   4    0.7100233239E+01
   3   5   1   5    0.1944496008E+02
   3   5   1   6    0.1008321724E+02
   3   5   2   1   -0.4842830535E+02
   3   5   2   2   -0.3815880789E+02
   3   5   2   3    0.2795574221E+02
   3   5   2   4    0.1686088732E+02
   3   5   2   5    0.1061118009E+02
   3   5   2   6    0.2209626444E+02
   3   5   3   1   -0.7281809724E+02
   3   5   3   2   -0.1376982065E+02
   3   5   3   3    0.2795522265E+02
   3   5   3   4    0.1686057393E+02
   3   5   3   5    0.2712922835E+02
   3   5   3   6    0.5578520134E+01
   3   5   4   1    0.2844783399E+02
   3   5   4   2    0.2844706861E+02
   3   5   4   3    0.6436297934E+01
   3   5   4   4    0.6436168620E+01
   3   5   4   5    0.8423637708E+02
   3   5   4   6    0.8019038781E+01
   3   5   5   1   -0.5542233635E+02
   3   5   5   2   -0.3116528217E+02
   3   5   5   3    0.2795541595E+02
   3   5   5   4    0.1686069053E+02
   3   5   5   5    0.1208774152E+02
   3   5   5   6    0.2061989388E+02
   3   5   6   1    0.4265521035E+02
   3   5   6   2    0.2161306393E+03
   3   5   6   3    0.1753822202E+02
   3   5   6   4    0.4101030398E+02
   3   5   6   5    0.6771321365E+01
   3   5   6   6    0.4622318058E+01
   3   5   7   1    0.2154270295E+03
   3   5   7   2    0.4335701802E+02
   3   5   7   3    0.5019327849E+02
   3   5   7   4    0.8354839776E+01
   3   5   7   5    0.6771567824E+01
   3   5   7   6    0.4622793396E+01
   3   5   8   1   -0.4320775135E+02
   3   5   8   2   -0.4337925997E+02
   3   5   8   3    0.2795580803E+02
   3   5   8   4    0.1686092702E+02
   3   5   8   5    0.4990510857E+01
   3   5   8   6    0.2771689517E+02
   3   6   1   1    0.0000000000E+00
   3   6   1   2    0.0000000000E+00
   3   6   1   3    0.0000000000E+00
   3   6   1   4    0.7100316667E+01
   3   6   1   5    0.1944502268E+02
   3   6   1   6    0.1008329573E+02
   3   6   2   1   -0.4842763113E+02
   3   6   2   2   -0.3815840222E+02
   3   6   2   3    0.2795488416E+02
   3   6   2   4    0.1686161321E+02
   3   6   2   5    0.1061145395E+02
   3   6   2   6    0.2209679787E+02
   3   6   3   1   -0.7281679290E+02
   3   6   3   2   -0.1377004850E+02
   3   6   3   3    0.2795436238E+02
   3   6   3   4    0.1686129851E+02
   3   6   3   5    0.2712987688E+02
   3   6   3   6    0.5578680182E+01
   3   6   4   1    0.2844771526E+02
   3   6   4   2    0.2844801845E+02
   3   6   4   3    0.6436391130E+01
   3   6   4   4    0.6436519041E+01
   3   6   4   5    0.8019135274E+01
   3   6   4   6    0.8423551822E+02
   3   6   5   1   -0.5542148121E+02
   3   6   5   2   -0.3116505866E+02
   3   6   5   3    0.2795455709E+02
   3   6   5   4    0.1686141594E+02
   3   6   5   5    0.1208804906E+02
   3   6   5   6    0.2062039410E+02
   3   6   6   1    0.2161214335E+03
   3   6   6   2    0.4265518695E+02
   3   6   6   3    0.4101227123E+02
   3   6   6   4    0.1753882723E+02
   3   6   6   5    0.4622657624E+01
   3   6   6   6    0.6771232662E+01
   3   6   7   1    0.4335769096E+02
   3   6   7   2    0.2154171119E+03
   3   6   7   3    0.8354798698E+01
   3   6   7   4    0.5019588855E+02
   3   6   7   5    0.4623134844E+01
   3   6   7   6    0.6771483401E+01
   3   6   8   1   -0.4320721205E+02
   3   6   8   2   -0.4337872322E+02
   3   6   8   3    0.2795494749E+02
   3   6   8   4    0.1686165141E+02
   3   6   8   5    0.4990657816E+01
   3   6   8   6    0.2771755696E+02
   3   7   1   1    0.0000000000E+00
   3   7   1   2    0.0000000000E+00
   3   7   1   3    0.0000000000E+00
   3   7   1   4    0.2812121767E+03
   3   7   1   5    0.1420526113E+03
   3   7   1   6    0.1052405278E+03
   3   7   2   1   -0.5156694119E+03
   3   7   2   2   -0.4777000203E+03
   3   7   2   3    0.5686445431E+03
   3   7   2   4    0.3429780196E+03
   3   7   2   5    0.1663920565E+03
   3   7   2   6    0.2088506091E+03
   3   7   3   1   -0.6058285821E+03
   3   7   3   2   -0.3875417393E+03
   3   7   3   3    0.5686439689E+03
   3   7   3   4    0.3429776733E+03
   3   7   3   5    0.2274559446E+03
   3   7   3   6    0.1477870569E+03
   3   7   4   1    0.1825607951E+04
   3   7   4   2    0.1571906889E+04
   3   7   4   3    0.4852212676E+03
   3   7   4   4    0.2834737883E+03
   3   7   4   5    0.1495663869E+03
   3   7   4   6    0.1495642426E+03
   3   7   5   1   -0.5934531877E+03
   3   7   5   2   -0.9118653534E+03
   3   7   5   3    0.2380725651E+03
   3   7   5   4    0.1435934942E+03
   3   7   5   5    0.3403163884E+03
   3   7   5   6    0.2283136940E+03
   3   7   6   1    0.1013661492E+04
   3   7   6   2    0.1431923073E+04
   3   7   6   3    0.2483608695E+03
   3   7   6   4    0.3049632207E+03
   3   7   6   5    0.4295028458E+03
   3   7   6   6    0.2509003253E+03
   3   7   7   1    0.1015344710E+04
   3   7   7   2    0.1430261377E+04
   3   7   7   3    0.2262185232E+03
   3   7   7   4    0.3270998145E+03
   3   7   7   5    0.2509037713E+03
   3   7   7   6    0.4294980530E+03
   3   7   8   1   -0.7537777470E+03
   3   7   8   2   -0.7515398722E+03
   3   7   8   3    0.2380731605E+03
   3   7   8   4    0.1435938533E+03
   3   7   8   5    0.4334832836E+03
   3   7   8   6    0.1351464504E+03
   3   8   1   1    0.0000000000E+00
   3   8   1   2    0.0000000000E+00
   3   8   1   3    0.0000000000E+00
   3   8   1   4    0.1193058270E+03
   3   8   1   5    0.1420526340E+03
   3   8   1   6    0.2671468279E+03
   3   8   2   1   -0.6852461014E+03
   3   8   2   2   -0.8200713767E+03
   3   8   2   3    0.2380731898E+03
   3   8   2   4    0.1435938710E+03
   3   8   2   5    0.3597012454E+03
   3   8   2   6    0.2089284354E+03
   3   8   3   1   -0.3650991675E+03
   3   8   3   2   -0.1140219543E+04
   3   8   3   3    0.2380723943E+03
   3   8   3   4    0.1435933911E+03
   3   8   3   5    0.1428650808E+03
   3   8   3   6    0.4257650654E+03
   3   8   4   1    0.1571906872E+04
   3   8   4   2    0.1825607745E+04
   3   8   4   3    0.2834737643E+03
   3   8   4   4    0.4852212411E+03
   3   8   4   5    0.1495663864E+03
   3   8   4   6    0.1495642478E+03
   3   8   5   1   -0.5415193744E+03
   3   8   5   2   -0.4518506859E+03
   3   8   5   3    0.5686440758E+03
   3   8   5   4    0.3429777377E+03
   3   8   5   5    0.1718500405E+03
   3   8   5   6    0.2033928624E+03
   3   8   6   1    0.1431957348E+04
   3   8   6   2    0.1013650185E+04
   3   8   6   3    0.3049571674E+03
   3   8   6   4    0.2483614974E+03
   3   8   6   5    0.2509034992E+03
   3   8   6   6    0.4294976612E+03
   3   8   7   1    0.1430228147E+04
   3   8   7   2    0.1015354772E+04
   3   8   7   3    0.3271083058E+03
   3   8   7   4    0.2262154120E+03
   3   8   7   5    0.4295031906E+03
   3   8   7   6    0.2509005550E+03
   3   8   8   1   -0.4963676235E+03
   3   8   8   2   -0.4970017870E+03
   3   8   8   3    0.5686444954E+03
   3   8   8   4    0.3429779908E+03
   3   8   8   5    0.1456132759E+03
   3   8   8   6    0.2296293816E+03
