Dynamical matrix file
                                                                           
  1    2  2  6.7034255  0.0000000  0.0000000  0.0000000  0.0000000  0.0000000
           1  'C   '    10947.3567922507     
    1    1      0.0000000000      0.0000000000      0.0000000000
    2    1     -0.2500000000      0.2500000000      0.2500000000

     Dynamical  Matrix in cartesian axes

     q = (    0.000000000   0.000000000   0.000000000 ) 

    1    1
  0.77214697  0.00000000   -0.00000000  0.00000000   -0.00000000  0.00000000
  0.00000000  0.00000000    0.77214697  0.00000000    0.00000000  0.00000000
 -0.00000000  0.00000000    0.00000000  0.00000000    0.77214697  0.00000000
    1    2
 -0.79812517  0.00000000   -0.00000000  0.00000000    0.00000000  0.00000000
 -0.00000000  0.00000000   -0.79812517  0.00000000   -0.00000000  0.00000000
  0.00000000  0.00000000   -0.00000000  0.00000000   -0.79812517  0.00000000
    2    1
 -0.79812517  0.00000000    0.00000000  0.00000000   -0.00000000  0.00000000
 -0.00000000  0.00000000   -0.79812517  0.00000000   -0.00000000  0.00000000
 -0.00000000  0.00000000    0.00000000  0.00000000   -0.79812517  0.00000000
    2    2
  0.77214749  0.00000000    0.00000000  0.00000000   -0.00000000  0.00000000
 -0.00000000  0.00000000    0.77214749  0.00000000    0.00000000  0.00000000
  0.00000000  0.00000000    0.00000000  0.00000000    0.77214749  0.00000000

     Dielectric Tensor:

          7.232706159134         -0.000000000000          0.000000000000
         -0.000000000000          7.232706159134         -0.000000000000
          0.000000000000         -0.000000000000          7.232706159134

     Effective Charges E-U: Z_{alpha}{s,beta}

     atom #    1
         -0.349082708760         -0.000000000000          0.000000000000
         -0.000000000000         -0.349082708760          0.000000000000
          0.000000000000          0.000000000000         -0.349082708760
     atom #    2
         -0.349082345697          0.000000000000         -0.000000000000
          0.000000000000         -0.349082345697          0.000000000000
         -0.000000000000          0.000000000000         -0.349082345697

     Diagonalizing the dynamical matrix

     q = (    0.000000000   0.000000000   0.000000000 ) 

 **************************************************************************
     freq (    1) =       0.000000 [THz] =       0.000008 [cm-1]
 ( -0.606453  0.000000  0.269751  0.000000 -0.243823  0.000000 ) 
 ( -0.606453  0.000000  0.269751  0.000000 -0.243823  0.000000 ) 
     freq (    2) =       0.000001 [THz] =       0.000018 [cm-1]
 ( -0.289426  0.000000 -0.071088  0.000000  0.641232  0.000000 ) 
 ( -0.289426  0.000000 -0.071088  0.000000  0.641232  0.000000 ) 
     freq (    3) =       0.000001 [THz] =       0.000022 [cm-1]
 ( -0.220108  0.000000 -0.649755  0.000000 -0.171381  0.000000 ) 
 ( -0.220108  0.000000 -0.649755  0.000000 -0.171381  0.000000 ) 
     freq (    4) =      39.725640 [THz] =    1325.104711 [cm-1]
 ( -0.622587  0.000000  0.335239  0.000000  0.000000  0.000000 ) 
 (  0.622587  0.000000 -0.335239  0.000000 -0.000000  0.000000 ) 
     freq (    5) =      39.725640 [THz] =    1325.104711 [cm-1]
 ( -0.335239  0.000000 -0.622587  0.000000  0.000000  0.000000 ) 
 (  0.335239  0.000000  0.622587  0.000000 -0.000000  0.000000 ) 
     freq (    6) =      39.725640 [THz] =    1325.104711 [cm-1]
 ( -0.000000  0.000000 -0.000000  0.000000 -0.707107  0.000000 ) 
 (  0.000000  0.000000 -0.000000  0.000000  0.707107  0.000000 ) 
 **************************************************************************
