Dynamical matrix file
                                                                           
  1    2  2  6.7034255  0.0000000  0.0000000  0.0000000  0.0000000  0.0000000
           1  'C   '    10947.3567922507     
    1    1      0.0000000000      0.0000000000      0.0000000000
    2    1     -0.2500000000      0.2500000000      0.2500000000

     Dynamical  Matrix in cartesian axes

     q = (    0.500000000  -0.500000000   0.500000000 ) 

    1    1
  0.91711596  0.00000000   -0.13311561  0.00000000    0.13311561  0.00000000
 -0.13311561  0.00000000    0.91711596  0.00000000   -0.13311561  0.00000000
  0.13311561  0.00000000   -0.13311561  0.00000000    0.91711596  0.00000000
    1    2
 -0.43886681  0.00000000   -0.09621727  0.00000000    0.09621727  0.00000000
 -0.09621727  0.00000000   -0.43886681  0.00000000   -0.09621727  0.00000000
  0.09621727  0.00000000   -0.09621727  0.00000000   -0.43886681  0.00000000
    2    1
 -0.43886681  0.00000000   -0.09621727  0.00000000    0.09621727  0.00000000
 -0.09621727  0.00000000   -0.43886681  0.00000000   -0.09621727  0.00000000
  0.09621727  0.00000000   -0.09621727  0.00000000   -0.43886681  0.00000000
    2    2
  0.91712110  0.00000000   -0.13311196  0.00000000    0.13311196  0.00000000
 -0.13311196  0.00000000    0.91712110  0.00000000   -0.13311196  0.00000000
  0.13311196  0.00000000   -0.13311196  0.00000000    0.91712110  0.00000000

     Dynamical  Matrix in cartesian axes

     q = (   -0.500000000  -0.500000000  -0.500000000 ) 

    1    1
  0.91711596  0.00000000    0.13311561  0.00000000    0.13311561  0.00000000
  0.13311561  0.00000000    0.91711596  0.00000000    0.13311561  0.00000000
  0.13311561  0.00000000    0.13311561  0.00000000    0.91711596  0.00000000
    1    2
 -0.43886681  0.00000000    0.09621727  0.00000000    0.09621727  0.00000000
  0.09621727  0.00000000   -0.43886681  0.00000000    0.09621727  0.00000000
  0.09621727  0.00000000    0.09621727  0.00000000   -0.43886681  0.00000000
    2    1
 -0.43886681  0.00000000    0.09621727  0.00000000    0.09621727  0.00000000
  0.09621727  0.00000000   -0.43886681  0.00000000    0.09621727  0.00000000
  0.09621727  0.00000000    0.09621727  0.00000000   -0.43886681  0.00000000
    2    2
  0.91712110  0.00000000    0.13311196  0.00000000    0.13311196  0.00000000
  0.13311196  0.00000000    0.91712110  0.00000000    0.13311196  0.00000000
  0.13311196  0.00000000    0.13311196  0.00000000    0.91712110  0.00000000

     Dynamical  Matrix in cartesian axes

     q = (   -0.500000000   0.500000000   0.500000000 ) 

    1    1
  0.91711596  0.00000000   -0.13311561  0.00000000   -0.13311561  0.00000000
 -0.13311561  0.00000000    0.91711596  0.00000000    0.13311561  0.00000000
 -0.13311561  0.00000000    0.13311561  0.00000000    0.91711596  0.00000000
    1    2
  0.43886681  0.00000000    0.09621727  0.00000000    0.09621727  0.00000000
  0.09621727  0.00000000    0.43886681  0.00000000   -0.09621727 -0.00000000
  0.09621727  0.00000000   -0.09621727 -0.00000000    0.43886681  0.00000000
    2    1
  0.43886681 -0.00000000    0.09621727 -0.00000000    0.09621727 -0.00000000
  0.09621727 -0.00000000    0.43886681 -0.00000000   -0.09621727  0.00000000
  0.09621727 -0.00000000   -0.09621727  0.00000000    0.43886681 -0.00000000
    2    2
  0.91712110  0.00000000   -0.13311196  0.00000000   -0.13311196  0.00000000
 -0.13311196  0.00000000    0.91712110  0.00000000    0.13311196  0.00000000
 -0.13311196  0.00000000    0.13311196  0.00000000    0.91712110  0.00000000

     Dynamical  Matrix in cartesian axes

     q = (    0.500000000   0.500000000  -0.500000000 ) 

    1    1
  0.91711596  0.00000000    0.13311561  0.00000000   -0.13311561  0.00000000
  0.13311561  0.00000000    0.91711596  0.00000000   -0.13311561  0.00000000
 -0.13311561  0.00000000   -0.13311561  0.00000000    0.91711596  0.00000000
    1    2
 -0.43886681  0.00000000    0.09621727  0.00000000   -0.09621727  0.00000000
  0.09621727  0.00000000   -0.43886681  0.00000000   -0.09621727  0.00000000
 -0.09621727  0.00000000   -0.09621727  0.00000000   -0.43886681  0.00000000
    2    1
 -0.43886681  0.00000000    0.09621727  0.00000000   -0.09621727  0.00000000
  0.09621727  0.00000000   -0.43886681  0.00000000   -0.09621727  0.00000000
 -0.09621727  0.00000000   -0.09621727  0.00000000   -0.43886681  0.00000000
    2    2
  0.91712110  0.00000000    0.13311196  0.00000000   -0.13311196  0.00000000
  0.13311196  0.00000000    0.91712110  0.00000000   -0.13311196  0.00000000
 -0.13311196  0.00000000   -0.13311196  0.00000000    0.91712110  0.00000000

     Diagonalizing the dynamical matrix

     q = (    0.500000000  -0.500000000   0.500000000 ) 

 **************************************************************************
     freq (    1) =      15.687397 [THz] =     523.275225 [cm-1]
 ( -0.085890  0.000000  0.451493  0.000000  0.537383  0.000000 ) 
 ( -0.085889  0.000000  0.451490  0.000000  0.537379  0.000000 ) 
     freq (    2) =      15.687397 [THz] =     523.275225 [cm-1]
 ( -0.570928  0.000000 -0.359847  0.000000  0.211081  0.000000 ) 
 ( -0.570924  0.000000 -0.359844  0.000000  0.211080  0.000000 ) 
     freq (    3) =      30.434784 [THz] =    1015.195119 [cm-1]
 (  0.408247  0.000000 -0.408247  0.000000  0.408247  0.000000 ) 
 (  0.408249  0.000000 -0.408249  0.000000  0.408249  0.000000 ) 
     freq (    4) =      36.112489 [THz] =    1204.582964 [cm-1]
 (  0.288668  0.000000 -0.288680  0.000000 -0.577348  0.000000 ) 
 ( -0.288670  0.000000  0.288682  0.000000  0.577353  0.000000 ) 
     freq (    5) =      36.112489 [THz] =    1204.582964 [cm-1]
 (  0.500002  0.000000  0.499994  0.000000 -0.000007  0.000000 ) 
 ( -0.500006  0.000000 -0.499998  0.000000  0.000007  0.000000 ) 
     freq (    6) =      37.597136 [THz] =    1254.105459 [cm-1]
 (  0.408249  0.000000 -0.408249  0.000000  0.408249  0.000000 ) 
 ( -0.408247  0.000000  0.408247  0.000000 -0.408247  0.000000 ) 
 **************************************************************************
