Dynamical matrix file
                                                                           
  1    2  2  6.7034255  0.0000000  0.0000000  0.0000000  0.0000000  0.0000000
           1  'C   '    10947.3567922507     
    1    1      0.0000000000      0.0000000000      0.0000000000
    2    1     -0.2500000000      0.2500000000      0.2500000000

     Dynamical  Matrix in cartesian axes

     q = (    0.750000000  -0.250000000   0.750000000 ) 

    1    1
  0.84034644  0.00000000   -0.06063224 -0.06260945    0.06592254  0.00000000
 -0.06063224  0.06260945    1.08569339  0.00000000   -0.06063224  0.06260945
  0.06592254  0.00000000   -0.06063224 -0.06260945    0.84034644  0.00000000
    1    2
 -0.20196499  0.18594831   -0.04373543  0.02067415    0.13674488  0.02673462
 -0.04373566  0.02067428   -0.22299590  0.18656886   -0.04373566  0.02067428
  0.13674488  0.02673462   -0.04373543  0.02067415   -0.20196499  0.18594831
    2    1
 -0.20196499 -0.18594831   -0.04373566 -0.02067428    0.13674488 -0.02673462
 -0.04373543 -0.02067415   -0.22299590 -0.18656886   -0.04373543 -0.02067415
  0.13674488 -0.02673462   -0.04373566 -0.02067428   -0.20196499 -0.18594831
    2    2
  0.84034696  0.00000000   -0.06063230  0.06260928    0.06592220  0.00000000
 -0.06063230 -0.06260928    1.08569320  0.00000000   -0.06063230 -0.06260928
  0.06592220  0.00000000   -0.06063230  0.06260928    0.84034696  0.00000000

     Dynamical  Matrix in cartesian axes

     q = (   -0.750000000   0.250000000  -0.750000000 ) 

    1    1
  0.84034644  0.00000000   -0.06063224  0.06260945    0.06592254  0.00000000
 -0.06063224 -0.06260945    1.08569339  0.00000000   -0.06063224 -0.06260945
  0.06592254  0.00000000   -0.06063224  0.06260945    0.84034644  0.00000000
    1    2
 -0.20196499 -0.18594831   -0.04373543 -0.02067415    0.13674488 -0.02673462
 -0.04373566 -0.02067428   -0.22299590 -0.18656886   -0.04373566 -0.02067428
  0.13674488 -0.02673462   -0.04373543 -0.02067415   -0.20196499 -0.18594831
    2    1
 -0.20196499  0.18594831   -0.04373566  0.02067428    0.13674488  0.02673462
 -0.04373543  0.02067415   -0.22299590  0.18656886   -0.04373543  0.02067415
  0.13674488  0.02673462   -0.04373566  0.02067428   -0.20196499  0.18594831
    2    2
  0.84034696  0.00000000   -0.06063230 -0.06260928    0.06592220  0.00000000
 -0.06063230  0.06260928    1.08569320  0.00000000   -0.06063230  0.06260928
  0.06592220  0.00000000   -0.06063230 -0.06260928    0.84034696  0.00000000

     Dynamical  Matrix in cartesian axes

     q = (   -0.750000000  -0.250000000  -0.750000000 ) 

    1    1
  0.84034644  0.00000000    0.06063224  0.06260945    0.06592254  0.00000000
  0.06063224 -0.06260945    1.08569339  0.00000000    0.06063224 -0.06260945
  0.06592254  0.00000000    0.06063224  0.06260945    0.84034644  0.00000000
    1    2
 -0.20196499  0.18594831    0.04373543 -0.02067415    0.13674488  0.02673462
  0.04373566 -0.02067428   -0.22299590  0.18656886    0.04373566 -0.02067428
  0.13674488  0.02673462    0.04373543 -0.02067415   -0.20196499  0.18594831
    2    1
 -0.20196499 -0.18594831    0.04373566  0.02067428    0.13674488 -0.02673462
  0.04373543  0.02067415   -0.22299590 -0.18656886    0.04373543  0.02067415
  0.13674488 -0.02673462    0.04373566  0.02067428   -0.20196499 -0.18594831
    2    2
  0.84034696  0.00000000    0.06063230 -0.06260928    0.06592220  0.00000000
  0.06063230  0.06260928    1.08569320  0.00000000    0.06063230  0.06260928
  0.06592220  0.00000000    0.06063230 -0.06260928    0.84034696  0.00000000

     Dynamical  Matrix in cartesian axes

     q = (    0.750000000   0.250000000   0.750000000 ) 

    1    1
  0.84034644  0.00000000    0.06063224 -0.06260945    0.06592254  0.00000000
  0.06063224  0.06260945    1.08569339  0.00000000    0.06063224  0.06260945
  0.06592254  0.00000000    0.06063224 -0.06260945    0.84034644  0.00000000
    1    2
 -0.20196499 -0.18594831    0.04373543  0.02067415    0.13674488 -0.02673462
  0.04373566  0.02067428   -0.22299590 -0.18656886    0.04373566  0.02067428
  0.13674488 -0.02673462    0.04373543  0.02067415   -0.20196499 -0.18594831
    2    1
 -0.20196499  0.18594831    0.04373566 -0.02067428    0.13674488  0.02673462
  0.04373543 -0.02067415   -0.22299590  0.18656886    0.04373543 -0.02067415
  0.13674488  0.02673462    0.04373566 -0.02067428   -0.20196499  0.18594831
    2    2
  0.84034696  0.00000000    0.06063230  0.06260928    0.06592220  0.00000000
  0.06063230 -0.06260928    1.08569320  0.00000000    0.06063230 -0.06260928
  0.06592220  0.00000000    0.06063230  0.06260928    0.84034696  0.00000000

     Dynamical  Matrix in cartesian axes

     q = (    0.250000000  -0.750000000   0.750000000 ) 

    1    1
  1.08569339  0.00000000   -0.06063224  0.06260945    0.06063224 -0.06260945
 -0.06063224 -0.06260945    0.84034644  0.00000000   -0.06592254  0.00000000
  0.06063224  0.06260945   -0.06592254  0.00000000    0.84034644  0.00000000
    1    2
 -0.22299590  0.18656886   -0.04373566  0.02067428    0.04373566 -0.02067428
 -0.04373543  0.02067415   -0.20196499  0.18594831   -0.13674488 -0.02673462
  0.04373543 -0.02067415   -0.13674488 -0.02673462   -0.20196499  0.18594831
    2    1
 -0.22299590 -0.18656886   -0.04373543 -0.02067415    0.04373543  0.02067415
 -0.04373566 -0.02067428   -0.20196499 -0.18594831   -0.13674488  0.02673462
  0.04373566  0.02067428   -0.13674488  0.02673462   -0.20196499 -0.18594831
    2    2
  1.08569320  0.00000000   -0.06063230 -0.06260928    0.06063230  0.06260928
 -0.06063230  0.06260928    0.84034696  0.00000000   -0.06592220  0.00000000
  0.06063230 -0.06260928   -0.06592220  0.00000000    0.84034696  0.00000000

     Dynamical  Matrix in cartesian axes

     q = (   -0.250000000   0.750000000  -0.750000000 ) 

    1    1
  1.08569339  0.00000000   -0.06063224 -0.06260945    0.06063224  0.06260945
 -0.06063224  0.06260945    0.84034644  0.00000000   -0.06592254  0.00000000
  0.06063224 -0.06260945   -0.06592254  0.00000000    0.84034644  0.00000000
    1    2
 -0.22299590 -0.18656886   -0.04373566 -0.02067428    0.04373566  0.02067428
 -0.04373543 -0.02067415   -0.20196499 -0.18594831   -0.13674488  0.02673462
  0.04373543  0.02067415   -0.13674488  0.02673462   -0.20196499 -0.18594831
    2    1
 -0.22299590  0.18656886   -0.04373543  0.02067415    0.04373543 -0.02067415
 -0.04373566  0.02067428   -0.20196499  0.18594831   -0.13674488 -0.02673462
  0.04373566 -0.02067428   -0.13674488 -0.02673462   -0.20196499  0.18594831
    2    2
  1.08569320  0.00000000   -0.06063230  0.06260928    0.06063230 -0.06260928
 -0.06063230 -0.06260928    0.84034696  0.00000000   -0.06592220  0.00000000
  0.06063230  0.06260928   -0.06592220  0.00000000    0.84034696  0.00000000

     Dynamical  Matrix in cartesian axes

     q = (    0.750000000  -0.750000000   0.250000000 ) 

    1    1
  0.84034644  0.00000000   -0.06592254  0.00000000    0.06063224  0.06260945
 -0.06592254  0.00000000    0.84034644  0.00000000   -0.06063224 -0.06260945
  0.06063224 -0.06260945   -0.06063224  0.06260945    1.08569339  0.00000000
    1    2
 -0.18594831 -0.20196499    0.02673462 -0.13674488    0.02067415  0.04373543
  0.02673462 -0.13674488   -0.18594831 -0.20196499   -0.02067415 -0.04373543
  0.02067428  0.04373566   -0.02067428 -0.04373566   -0.18656886 -0.22299590
    2    1
 -0.18594831  0.20196499    0.02673462  0.13674488    0.02067428 -0.04373566
  0.02673462  0.13674488   -0.18594831  0.20196499   -0.02067428  0.04373566
  0.02067415 -0.04373543   -0.02067415  0.04373543   -0.18656886  0.22299590
    2    2
  0.84034696  0.00000000   -0.06592220  0.00000000    0.06063230 -0.06260928
 -0.06592220  0.00000000    0.84034696  0.00000000   -0.06063230  0.06260928
  0.06063230  0.06260928   -0.06063230 -0.06260928    1.08569320  0.00000000

     Dynamical  Matrix in cartesian axes

     q = (   -0.750000000   0.750000000  -0.250000000 ) 

    1    1
  0.84034644  0.00000000   -0.06592254  0.00000000    0.06063224 -0.06260945
 -0.06592254  0.00000000    0.84034644  0.00000000   -0.06063224  0.06260945
  0.06063224  0.06260945   -0.06063224 -0.06260945    1.08569339  0.00000000
    1    2
 -0.18594831  0.20196499    0.02673462  0.13674488    0.02067415 -0.04373543
  0.02673462  0.13674488   -0.18594831  0.20196499   -0.02067415  0.04373543
  0.02067428 -0.04373566   -0.02067428  0.04373566   -0.18656886  0.22299590
    2    1
 -0.18594831 -0.20196499    0.02673462 -0.13674488    0.02067428  0.04373566
  0.02673462 -0.13674488   -0.18594831 -0.20196499   -0.02067428 -0.04373566
  0.02067415  0.04373543   -0.02067415 -0.04373543   -0.18656886 -0.22299590
    2    2
  0.84034696  0.00000000   -0.06592220  0.00000000    0.06063230  0.06260928
 -0.06592220  0.00000000    0.84034696  0.00000000   -0.06063230 -0.06260928
  0.06063230 -0.06260928   -0.06063230  0.06260928    1.08569320  0.00000000

     Dynamical  Matrix in cartesian axes

     q = (   -0.250000000  -0.750000000  -0.750000000 ) 

    1    1
  1.08569339  0.00000000    0.06063224 -0.06260945    0.06063224 -0.06260945
  0.06063224  0.06260945    0.84034644  0.00000000    0.06592254  0.00000000
  0.06063224  0.06260945    0.06592254  0.00000000    0.84034644  0.00000000
    1    2
 -0.18656886 -0.22299590    0.02067428  0.04373566    0.02067428  0.04373566
  0.02067415  0.04373543   -0.18594831 -0.20196499   -0.02673462  0.13674488
  0.02067415  0.04373543   -0.02673462  0.13674488   -0.18594831 -0.20196499
    2    1
 -0.18656886  0.22299590    0.02067415 -0.04373543    0.02067415 -0.04373543
  0.02067428 -0.04373566   -0.18594831  0.20196499   -0.02673462 -0.13674488
  0.02067428 -0.04373566   -0.02673462 -0.13674488   -0.18594831  0.20196499
    2    2
  1.08569320  0.00000000    0.06063230  0.06260928    0.06063230  0.06260928
  0.06063230 -0.06260928    0.84034696  0.00000000    0.06592220  0.00000000
  0.06063230 -0.06260928    0.06592220  0.00000000    0.84034696  0.00000000

     Dynamical  Matrix in cartesian axes

     q = (    0.250000000   0.750000000   0.750000000 ) 

    1    1
  1.08569339  0.00000000    0.06063224  0.06260945    0.06063224  0.06260945
  0.06063224 -0.06260945    0.84034644  0.00000000    0.06592254  0.00000000
  0.06063224 -0.06260945    0.06592254  0.00000000    0.84034644  0.00000000
    1    2
 -0.18656886  0.22299590    0.02067428 -0.04373566    0.02067428 -0.04373566
  0.02067415 -0.04373543   -0.18594831  0.20196499   -0.02673462 -0.13674488
  0.02067415 -0.04373543   -0.02673462 -0.13674488   -0.18594831  0.20196499
    2    1
 -0.18656886 -0.22299590    0.02067415  0.04373543    0.02067415  0.04373543
  0.02067428  0.04373566   -0.18594831 -0.20196499   -0.02673462  0.13674488
  0.02067428  0.04373566   -0.02673462  0.13674488   -0.18594831 -0.20196499
    2    2
  1.08569320  0.00000000    0.06063230 -0.06260928    0.06063230 -0.06260928
  0.06063230  0.06260928    0.84034696  0.00000000    0.06592220  0.00000000
  0.06063230  0.06260928    0.06592220  0.00000000    0.84034696  0.00000000

     Dynamical  Matrix in cartesian axes

     q = (   -0.750000000   0.250000000   0.750000000 ) 

    1    1
  0.84034644  0.00000000   -0.06063224 -0.06260945   -0.06592254  0.00000000
 -0.06063224  0.06260945    1.08569339  0.00000000    0.06063224 -0.06260945
 -0.06592254  0.00000000    0.06063224  0.06260945    0.84034644  0.00000000
    1    2
  0.20196499 -0.18594831    0.04373543 -0.02067415    0.13674488  0.02673462
  0.04373566 -0.02067428    0.22299590 -0.18656886   -0.04373566  0.02067428
  0.13674488  0.02673462   -0.04373543  0.02067415    0.20196499 -0.18594831
    2    1
  0.20196499  0.18594831    0.04373566  0.02067428    0.13674488 -0.02673462
  0.04373543  0.02067415    0.22299590  0.18656886   -0.04373543 -0.02067415
  0.13674488 -0.02673462   -0.04373566 -0.02067428    0.20196499  0.18594831
    2    2
  0.84034696  0.00000000   -0.06063230  0.06260928   -0.06592220  0.00000000
 -0.06063230 -0.06260928    1.08569320  0.00000000    0.06063230  0.06260928
 -0.06592220  0.00000000    0.06063230 -0.06260928    0.84034696  0.00000000

     Dynamical  Matrix in cartesian axes

     q = (    0.750000000  -0.250000000  -0.750000000 ) 

    1    1
  0.84034644  0.00000000   -0.06063224  0.06260945   -0.06592254  0.00000000
 -0.06063224 -0.06260945    1.08569339  0.00000000    0.06063224  0.06260945
 -0.06592254  0.00000000    0.06063224 -0.06260945    0.84034644  0.00000000
    1    2
  0.20196499  0.18594831    0.04373543  0.02067415    0.13674488 -0.02673462
  0.04373566  0.02067428    0.22299590  0.18656886   -0.04373566 -0.02067428
  0.13674488 -0.02673462   -0.04373543 -0.02067415    0.20196499  0.18594831
    2    1
  0.20196499 -0.18594831    0.04373566 -0.02067428    0.13674488  0.02673462
  0.04373543 -0.02067415    0.22299590 -0.18656886   -0.04373543  0.02067415
  0.13674488  0.02673462   -0.04373566  0.02067428    0.20196499 -0.18594831
    2    2
  0.84034696  0.00000000   -0.06063230 -0.06260928   -0.06592220  0.00000000
 -0.06063230  0.06260928    1.08569320  0.00000000    0.06063230 -0.06260928
 -0.06592220  0.00000000    0.06063230  0.06260928    0.84034696  0.00000000

     Dynamical  Matrix in cartesian axes

     q = (    0.750000000   0.750000000  -0.250000000 ) 

    1    1
  0.84034644  0.00000000    0.06592254  0.00000000   -0.06063224 -0.06260945
  0.06592254  0.00000000    0.84034644  0.00000000   -0.06063224 -0.06260945
 -0.06063224  0.06260945   -0.06063224  0.06260945    1.08569339  0.00000000
    1    2
 -0.20196499  0.18594831    0.13674488  0.02673462   -0.04373543  0.02067415
  0.13674488  0.02673462   -0.20196499  0.18594831   -0.04373543  0.02067415
 -0.04373566  0.02067428   -0.04373566  0.02067428   -0.22299590  0.18656886
    2    1
 -0.20196499 -0.18594831    0.13674488 -0.02673462   -0.04373566 -0.02067428
  0.13674488 -0.02673462   -0.20196499 -0.18594831   -0.04373566 -0.02067428
 -0.04373543 -0.02067415   -0.04373543 -0.02067415   -0.22299590 -0.18656886
    2    2
  0.84034696  0.00000000    0.06592220  0.00000000   -0.06063230  0.06260928
  0.06592220  0.00000000    0.84034696  0.00000000   -0.06063230  0.06260928
 -0.06063230 -0.06260928   -0.06063230 -0.06260928    1.08569320  0.00000000

     Dynamical  Matrix in cartesian axes

     q = (   -0.750000000  -0.750000000   0.250000000 ) 

    1    1
  0.84034644  0.00000000    0.06592254  0.00000000   -0.06063224  0.06260945
  0.06592254  0.00000000    0.84034644  0.00000000   -0.06063224  0.06260945
 -0.06063224 -0.06260945   -0.06063224 -0.06260945    1.08569339  0.00000000
    1    2
 -0.20196499 -0.18594831    0.13674488 -0.02673462   -0.04373543 -0.02067415
  0.13674488 -0.02673462   -0.20196499 -0.18594831   -0.04373543 -0.02067415
 -0.04373566 -0.02067428   -0.04373566 -0.02067428   -0.22299590 -0.18656886
    2    1
 -0.20196499  0.18594831    0.13674488  0.02673462   -0.04373566  0.02067428
  0.13674488  0.02673462   -0.20196499  0.18594831   -0.04373566  0.02067428
 -0.04373543  0.02067415   -0.04373543  0.02067415   -0.22299590  0.18656886
    2    2
  0.84034696  0.00000000    0.06592220  0.00000000   -0.06063230 -0.06260928
  0.06592220  0.00000000    0.84034696  0.00000000   -0.06063230 -0.06260928
 -0.06063230  0.06260928   -0.06063230  0.06260928    1.08569320  0.00000000

     Dynamical  Matrix in cartesian axes

     q = (   -0.750000000  -0.750000000  -0.250000000 ) 

    1    1
  0.84034644  0.00000000    0.06592254  0.00000000    0.06063224  0.06260945
  0.06592254  0.00000000    0.84034644  0.00000000    0.06063224  0.06260945
  0.06063224 -0.06260945    0.06063224 -0.06260945    1.08569339  0.00000000
    1    2
 -0.20196499  0.18594831    0.13674488  0.02673462    0.04373543 -0.02067415
  0.13674488  0.02673462   -0.20196499  0.18594831    0.04373543 -0.02067415
  0.04373566 -0.02067428    0.04373566 -0.02067428   -0.22299590  0.18656886
    2    1
 -0.20196499 -0.18594831    0.13674488 -0.02673462    0.04373566  0.02067428
  0.13674488 -0.02673462   -0.20196499 -0.18594831    0.04373566  0.02067428
  0.04373543  0.02067415    0.04373543  0.02067415   -0.22299590 -0.18656886
    2    2
  0.84034696  0.00000000    0.06592220  0.00000000    0.06063230 -0.06260928
  0.06592220  0.00000000    0.84034696  0.00000000    0.06063230 -0.06260928
  0.06063230  0.06260928    0.06063230  0.06260928    1.08569320  0.00000000

     Dynamical  Matrix in cartesian axes

     q = (    0.750000000   0.750000000   0.250000000 ) 

    1    1
  0.84034644  0.00000000    0.06592254  0.00000000    0.06063224 -0.06260945
  0.06592254  0.00000000    0.84034644  0.00000000    0.06063224 -0.06260945
  0.06063224  0.06260945    0.06063224  0.06260945    1.08569339  0.00000000
    1    2
 -0.20196499 -0.18594831    0.13674488 -0.02673462    0.04373543  0.02067415
  0.13674488 -0.02673462   -0.20196499 -0.18594831    0.04373543  0.02067415
  0.04373566  0.02067428    0.04373566  0.02067428   -0.22299590 -0.18656886
    2    1
 -0.20196499  0.18594831    0.13674488  0.02673462    0.04373566 -0.02067428
  0.13674488  0.02673462   -0.20196499  0.18594831    0.04373566 -0.02067428
  0.04373543 -0.02067415    0.04373543 -0.02067415   -0.22299590  0.18656886
    2    2
  0.84034696  0.00000000    0.06592220  0.00000000    0.06063230  0.06260928
  0.06592220  0.00000000    0.84034696  0.00000000    0.06063230  0.06260928
  0.06063230 -0.06260928    0.06063230 -0.06260928    1.08569320  0.00000000

     Dynamical  Matrix in cartesian axes

     q = (   -0.750000000   0.750000000   0.250000000 ) 

    1    1
  0.84034644  0.00000000   -0.06592254  0.00000000   -0.06063224 -0.06260945
 -0.06592254  0.00000000    0.84034644  0.00000000    0.06063224  0.06260945
 -0.06063224  0.06260945    0.06063224 -0.06260945    1.08569339  0.00000000
    1    2
  0.20196499 -0.18594831    0.13674488  0.02673462    0.04373543 -0.02067415
  0.13674488  0.02673462    0.20196499 -0.18594831   -0.04373543  0.02067415
  0.04373566 -0.02067428   -0.04373566  0.02067428    0.22299590 -0.18656886
    2    1
  0.20196499  0.18594831    0.13674488 -0.02673462    0.04373566  0.02067428
  0.13674488 -0.02673462    0.20196499  0.18594831   -0.04373566 -0.02067428
  0.04373543  0.02067415   -0.04373543 -0.02067415    0.22299590  0.18656886
    2    2
  0.84034696  0.00000000   -0.06592220  0.00000000   -0.06063230  0.06260928
 -0.06592220  0.00000000    0.84034696  0.00000000    0.06063230 -0.06260928
 -0.06063230 -0.06260928    0.06063230  0.06260928    1.08569320  0.00000000

     Dynamical  Matrix in cartesian axes

     q = (    0.750000000  -0.750000000  -0.250000000 ) 

    1    1
  0.84034644  0.00000000   -0.06592254  0.00000000   -0.06063224  0.06260945
 -0.06592254  0.00000000    0.84034644  0.00000000    0.06063224 -0.06260945
 -0.06063224 -0.06260945    0.06063224  0.06260945    1.08569339  0.00000000
    1    2
  0.20196499  0.18594831    0.13674488 -0.02673462    0.04373543  0.02067415
  0.13674488 -0.02673462    0.20196499  0.18594831   -0.04373543 -0.02067415
  0.04373566  0.02067428   -0.04373566 -0.02067428    0.22299590  0.18656886
    2    1
  0.20196499 -0.18594831    0.13674488  0.02673462    0.04373566 -0.02067428
  0.13674488  0.02673462    0.20196499 -0.18594831   -0.04373566  0.02067428
  0.04373543 -0.02067415   -0.04373543  0.02067415    0.22299590 -0.18656886
    2    2
  0.84034696  0.00000000   -0.06592220  0.00000000   -0.06063230 -0.06260928
 -0.06592220  0.00000000    0.84034696  0.00000000    0.06063230  0.06260928
 -0.06063230  0.06260928    0.06063230 -0.06260928    1.08569320  0.00000000

     Dynamical  Matrix in cartesian axes

     q = (    0.750000000   0.250000000  -0.750000000 ) 

    1    1
  0.84034644  0.00000000    0.06063224  0.06260945   -0.06592254  0.00000000
  0.06063224 -0.06260945    1.08569339  0.00000000   -0.06063224  0.06260945
 -0.06592254  0.00000000   -0.06063224 -0.06260945    0.84034644  0.00000000
    1    2
 -0.18594831 -0.20196499    0.02067415  0.04373543    0.02673462 -0.13674488
  0.02067428  0.04373566   -0.18656886 -0.22299590   -0.02067428 -0.04373566
  0.02673462 -0.13674488   -0.02067415 -0.04373543   -0.18594831 -0.20196499
    2    1
 -0.18594831  0.20196499    0.02067428 -0.04373566    0.02673462  0.13674488
  0.02067415 -0.04373543   -0.18656886  0.22299590   -0.02067415  0.04373543
  0.02673462  0.13674488   -0.02067428  0.04373566   -0.18594831  0.20196499
    2    2
  0.84034696  0.00000000    0.06063230 -0.06260928   -0.06592220  0.00000000
  0.06063230  0.06260928    1.08569320  0.00000000   -0.06063230 -0.06260928
 -0.06592220  0.00000000   -0.06063230  0.06260928    0.84034696  0.00000000

     Dynamical  Matrix in cartesian axes

     q = (   -0.750000000  -0.250000000   0.750000000 ) 

    1    1
  0.84034644  0.00000000    0.06063224 -0.06260945   -0.06592254  0.00000000
  0.06063224  0.06260945    1.08569339  0.00000000   -0.06063224 -0.06260945
 -0.06592254  0.00000000   -0.06063224  0.06260945    0.84034644  0.00000000
    1    2
 -0.18594831  0.20196499    0.02067415 -0.04373543    0.02673462  0.13674488
  0.02067428 -0.04373566   -0.18656886  0.22299590   -0.02067428  0.04373566
  0.02673462  0.13674488   -0.02067415  0.04373543   -0.18594831  0.20196499
    2    1
 -0.18594831 -0.20196499    0.02067428  0.04373566    0.02673462 -0.13674488
  0.02067415  0.04373543   -0.18656886 -0.22299590   -0.02067415 -0.04373543
  0.02673462 -0.13674488   -0.02067428 -0.04373566   -0.18594831 -0.20196499
    2    2
  0.84034696  0.00000000    0.06063230  0.06260928   -0.06592220  0.00000000
  0.06063230 -0.06260928    1.08569320  0.00000000   -0.06063230  0.06260928
 -0.06592220  0.00000000   -0.06063230 -0.06260928    0.84034696  0.00000000

     Dynamical  Matrix in cartesian axes

     q = (   -0.250000000   0.750000000   0.750000000 ) 

    1    1
  1.08569339  0.00000000   -0.06063224  0.06260945   -0.06063224  0.06260945
 -0.06063224 -0.06260945    0.84034644  0.00000000    0.06592254  0.00000000
 -0.06063224 -0.06260945    0.06592254  0.00000000    0.84034644  0.00000000
    1    2
  0.22299590 -0.18656886    0.04373566 -0.02067428    0.04373566 -0.02067428
  0.04373543 -0.02067415    0.20196499 -0.18594831   -0.13674488 -0.02673462
  0.04373543 -0.02067415   -0.13674488 -0.02673462    0.20196499 -0.18594831
    2    1
  0.22299590  0.18656886    0.04373543  0.02067415    0.04373543  0.02067415
  0.04373566  0.02067428    0.20196499  0.18594831   -0.13674488  0.02673462
  0.04373566  0.02067428   -0.13674488  0.02673462    0.20196499  0.18594831
    2    2
  1.08569320  0.00000000   -0.06063230 -0.06260928   -0.06063230 -0.06260928
 -0.06063230  0.06260928    0.84034696  0.00000000    0.06592220  0.00000000
 -0.06063230  0.06260928    0.06592220  0.00000000    0.84034696  0.00000000

     Dynamical  Matrix in cartesian axes

     q = (    0.250000000  -0.750000000  -0.750000000 ) 

    1    1
  1.08569339  0.00000000   -0.06063224 -0.06260945   -0.06063224 -0.06260945
 -0.06063224  0.06260945    0.84034644  0.00000000    0.06592254  0.00000000
 -0.06063224  0.06260945    0.06592254  0.00000000    0.84034644  0.00000000
    1    2
  0.22299590  0.18656886    0.04373566  0.02067428    0.04373566  0.02067428
  0.04373543  0.02067415    0.20196499  0.18594831   -0.13674488  0.02673462
  0.04373543  0.02067415   -0.13674488  0.02673462    0.20196499  0.18594831
    2    1
  0.22299590 -0.18656886    0.04373543 -0.02067415    0.04373543 -0.02067415
  0.04373566 -0.02067428    0.20196499 -0.18594831   -0.13674488 -0.02673462
  0.04373566 -0.02067428   -0.13674488 -0.02673462    0.20196499 -0.18594831
    2    2
  1.08569320  0.00000000   -0.06063230  0.06260928   -0.06063230  0.06260928
 -0.06063230 -0.06260928    0.84034696  0.00000000    0.06592220  0.00000000
 -0.06063230 -0.06260928    0.06592220  0.00000000    0.84034696  0.00000000

     Dynamical  Matrix in cartesian axes

     q = (    0.250000000   0.750000000  -0.750000000 ) 

    1    1
  1.08569339  0.00000000    0.06063224 -0.06260945   -0.06063224  0.06260945
  0.06063224  0.06260945    0.84034644  0.00000000   -0.06592254  0.00000000
 -0.06063224 -0.06260945   -0.06592254  0.00000000    0.84034644  0.00000000
    1    2
 -0.22299590  0.18656886    0.04373566 -0.02067428   -0.04373566  0.02067428
  0.04373543 -0.02067415   -0.20196499  0.18594831   -0.13674488 -0.02673462
 -0.04373543  0.02067415   -0.13674488 -0.02673462   -0.20196499  0.18594831
    2    1
 -0.22299590 -0.18656886    0.04373543  0.02067415   -0.04373543 -0.02067415
  0.04373566  0.02067428   -0.20196499 -0.18594831   -0.13674488  0.02673462
 -0.04373566 -0.02067428   -0.13674488  0.02673462   -0.20196499 -0.18594831
    2    2
  1.08569320  0.00000000    0.06063230  0.06260928   -0.06063230 -0.06260928
  0.06063230 -0.06260928    0.84034696  0.00000000   -0.06592220  0.00000000
 -0.06063230  0.06260928   -0.06592220  0.00000000    0.84034696  0.00000000

     Dynamical  Matrix in cartesian axes

     q = (   -0.250000000  -0.750000000   0.750000000 ) 

    1    1
  1.08569339  0.00000000    0.06063224  0.06260945   -0.06063224 -0.06260945
  0.06063224 -0.06260945    0.84034644  0.00000000   -0.06592254  0.00000000
 -0.06063224  0.06260945   -0.06592254  0.00000000    0.84034644  0.00000000
    1    2
 -0.22299590 -0.18656886    0.04373566  0.02067428   -0.04373566 -0.02067428
  0.04373543  0.02067415   -0.20196499 -0.18594831   -0.13674488  0.02673462
 -0.04373543 -0.02067415   -0.13674488  0.02673462   -0.20196499 -0.18594831
    2    1
 -0.22299590  0.18656886    0.04373543 -0.02067415   -0.04373543  0.02067415
  0.04373566 -0.02067428   -0.20196499  0.18594831   -0.13674488 -0.02673462
 -0.04373566  0.02067428   -0.13674488 -0.02673462   -0.20196499  0.18594831
    2    2
  1.08569320  0.00000000    0.06063230 -0.06260928   -0.06063230  0.06260928
  0.06063230  0.06260928    0.84034696  0.00000000   -0.06592220  0.00000000
 -0.06063230 -0.06260928   -0.06592220  0.00000000    0.84034696  0.00000000

     Diagonalizing the dynamical matrix

     q = (    0.750000000  -0.250000000   0.750000000 ) 

 **************************************************************************
     freq (    1) =      19.890126 [THz] =     663.463192 [cm-1]
 (  0.452502 -0.212703  0.000000 -0.000000 -0.452502  0.212703 ) 
 (  0.500000  0.000000  0.000000 -0.000000 -0.500000  0.000000 ) 
     freq (    2) =      24.235999 [THz] =     808.425893 [cm-1]
 (  0.256673 -0.317176  0.245841 -0.326495  0.256673 -0.317176 ) 
 (  0.408022  0.000000  0.408452  0.014282  0.408022  0.000000 ) 
     freq (    3) =      28.461874 [THz] =     949.385930 [cm-1]
 (  0.233865  0.244145  0.082492 -0.514388  0.233865  0.244145 ) 
 ( -0.338082 -0.000000  0.314400 -0.415395 -0.338082  0.000000 ) 
     freq (    4) =      33.699345 [THz] =    1124.089159 [cm-1]
 ( -0.452501  0.212702  0.000000 -0.000000  0.452501 -0.212702 ) 
 (  0.500000  0.000000  0.000000  0.000000 -0.500000  0.000000 ) 
     freq (    5) =      34.239714 [THz] =    1142.113923 [cm-1]
 (  0.059355 -0.461095  0.214172  0.147871  0.059355 -0.461095 ) 
 ( -0.464900 -0.000000  0.119319  0.231300 -0.464900  0.000000 ) 
     freq (    6) =      36.998259 [THz] =    1234.129091 [cm-1]
 (  0.034769 -0.043334  0.488671  0.505003  0.034769 -0.043334 ) 
 (  0.055558  0.000000 -0.088070 -0.697187  0.055558  0.000000 ) 
 **************************************************************************
