Dynamical matrix file
                                                                           
  1    2  2  6.7034255  0.0000000  0.0000000  0.0000000  0.0000000  0.0000000
           1  'C   '    10947.3567922507     
    1    1      0.0000000000      0.0000000000      0.0000000000
    2    1     -0.2500000000      0.2500000000      0.2500000000

     Dynamical  Matrix in cartesian axes

     q = (    0.000000000  -1.000000000   0.000000000 ) 

    1    1
  0.77277341  0.00000000    0.00000000  0.00000000   -0.00000000  0.00000000
  0.00000000  0.00000000    1.28482223  0.00000000    0.00000000  0.00000000
 -0.00000000  0.00000000    0.00000000  0.00000000    0.77277341  0.00000000
    1    2
  0.00000000 -0.00000000    0.00000000  0.00000000    0.22939850 -0.00000000
 -0.00000000  0.00000000   -0.00000000 -0.00000000    0.00000000  0.00000000
  0.22939850 -0.00000000    0.00000000  0.00000000   -0.00000000 -0.00000000
    2    1
 -0.00000000  0.00000000   -0.00000000  0.00000000    0.22939850  0.00000000
  0.00000000 -0.00000000   -0.00000000  0.00000000    0.00000000 -0.00000000
  0.22939850  0.00000000    0.00000000  0.00000000   -0.00000000  0.00000000
    2    2
  0.77277341  0.00000000    0.00000000  0.00000000    0.00000000  0.00000000
  0.00000000  0.00000000    1.28482500  0.00000000    0.00000000  0.00000000
  0.00000000  0.00000000    0.00000000  0.00000000    0.77277341  0.00000000

     Dynamical  Matrix in cartesian axes

     q = (    0.000000000   0.000000000  -1.000000000 ) 

    1    1
  0.77277341  0.00000000   -0.00000000  0.00000000    0.00000000  0.00000000
 -0.00000000  0.00000000    0.77277341  0.00000000    0.00000000  0.00000000
  0.00000000  0.00000000    0.00000000  0.00000000    1.28482223  0.00000000
    1    2
 -0.00000000 -0.00000000    0.22939850 -0.00000000    0.00000000  0.00000000
  0.22939850 -0.00000000   -0.00000000 -0.00000000   -0.00000000  0.00000000
 -0.00000000  0.00000000   -0.00000000  0.00000000    0.00000000 -0.00000000
    2    1
  0.00000000  0.00000000    0.22939850  0.00000000    0.00000000  0.00000000
  0.22939850  0.00000000    0.00000000  0.00000000    0.00000000 -0.00000000
  0.00000000  0.00000000    0.00000000  0.00000000    0.00000000  0.00000000
    2    2
  0.77277341  0.00000000    0.00000000  0.00000000    0.00000000  0.00000000
  0.00000000  0.00000000    0.77277341  0.00000000    0.00000000  0.00000000
  0.00000000  0.00000000    0.00000000  0.00000000    1.28482500  0.00000000

     Dynamical  Matrix in cartesian axes

     q = (   -1.000000000   0.000000000   0.000000000 ) 

    1    1
  1.28482223  0.00000000    0.00000000  0.00000000    0.00000000  0.00000000
  0.00000000  0.00000000    0.77277341  0.00000000    0.00000000  0.00000000
  0.00000000  0.00000000    0.00000000  0.00000000    0.77277341  0.00000000
    1    2
  0.00000000  0.00000000    0.00000000 -0.00000000    0.00000000  0.00000000
  0.00000000 -0.00000000    0.00000000  0.00000000   -0.22939850 -0.00000000
  0.00000000 -0.00000000   -0.22939850 -0.00000000    0.00000000  0.00000000
    2    1
  0.00000000 -0.00000000    0.00000000  0.00000000    0.00000000 -0.00000000
  0.00000000  0.00000000    0.00000000 -0.00000000   -0.22939850  0.00000000
  0.00000000 -0.00000000   -0.22939850  0.00000000    0.00000000 -0.00000000
    2    2
  1.28482500  0.00000000    0.00000000  0.00000000   -0.00000000  0.00000000
  0.00000000  0.00000000    0.77277341  0.00000000    0.00000000  0.00000000
 -0.00000000  0.00000000    0.00000000  0.00000000    0.77277341  0.00000000

     Diagonalizing the dynamical matrix

     q = (    0.000000000  -1.000000000   0.000000000 ) 

 **************************************************************************
     freq (    1) =      23.177692 [THz] =     773.124592 [cm-1]
 (  0.091827 -0.000000 -0.000000 -0.000000  0.701119 -0.000000 ) 
 ( -0.701119  0.000000 -0.000000  0.000000 -0.091827  0.000000 ) 
     freq (    2) =      23.177692 [THz] =     773.124592 [cm-1]
 ( -0.701119  0.000000 -0.000000 -0.000000  0.091827 -0.000000 ) 
 ( -0.091827  0.000000  0.000000  0.000000  0.701119  0.000000 ) 
     freq (    3) =      31.476868 [THz] =    1049.955294 [cm-1]
 ( -0.163570  0.000000 -0.000000 -0.000000 -0.687928  0.000000 ) 
 ( -0.687928 -0.000000 -0.000000 -0.000000 -0.163570  0.000000 ) 
     freq (    4) =      31.476868 [THz] =    1049.955294 [cm-1]
 ( -0.687928  0.000000  0.000000  0.000000  0.163570 -0.000000 ) 
 (  0.163570  0.000000  0.000000  0.000000 -0.687928  0.000000 ) 
     freq (    5) =      35.640347 [THz] =    1188.834000 [cm-1]
 (  0.000000 -0.000000  1.000000 -0.000000 -0.000000  0.000000 ) 
 ( -0.000000  0.000000 -0.000000 -0.000000  0.000000  0.000000 ) 
     freq (    6) =      35.640385 [THz] =    1188.835283 [cm-1]
 (  0.000000 -0.000000  0.000000 -0.000000 -0.000000  0.000000 ) 
 ( -0.000000 -0.000000  1.000000  0.000000  0.000000  0.000000 ) 
 **************************************************************************
