Dynamical matrix file
                                                                           
  1    2  2  6.7034255  0.0000000  0.0000000  0.0000000  0.0000000  0.0000000
           1  'C   '    10947.3567922507     
    1    1      0.0000000000      0.0000000000      0.0000000000
    2    1     -0.2500000000      0.2500000000      0.2500000000

     Dynamical  Matrix in cartesian axes

     q = (   -0.500000000  -1.000000000   0.000000000 ) 

    1    1
  0.79876067  0.00000000    0.00000000  0.00000000    0.00000000  0.00000000
  0.00000000  0.00000000    1.00676685  0.00000000    0.00000000  0.13067616
  0.00000000  0.00000000    0.00000000 -0.13067616    1.00676685  0.00000000
    1    2
  0.00000000  0.00000000    0.06803896  0.06803896    0.06803896 -0.06803896
  0.06803919  0.06803919    0.00000000  0.00000000   -0.00000000 -0.00000000
  0.06803919 -0.06803919   -0.00000000 -0.00000000    0.00000000  0.00000000
    2    1
 -0.00000000  0.00000000    0.06803919 -0.06803919    0.06803919  0.06803919
  0.06803896 -0.06803896   -0.00000000  0.00000000    0.00000000  0.00000000
  0.06803896  0.06803896   -0.00000000  0.00000000    0.00000000  0.00000000
    2    2
  0.79876091  0.00000000    0.00000000  0.00000000    0.00000000  0.00000000
  0.00000000  0.00000000    1.00676935  0.00000000    0.00000000 -0.13067263
  0.00000000  0.00000000    0.00000000  0.13067263    1.00676935  0.00000000

     Dynamical  Matrix in cartesian axes

     q = (    0.500000000   1.000000000   0.000000000 ) 

    1    1
  0.79876067  0.00000000    0.00000000  0.00000000    0.00000000  0.00000000
  0.00000000  0.00000000    1.00676685  0.00000000    0.00000000 -0.13067616
  0.00000000  0.00000000    0.00000000  0.13067616    1.00676685  0.00000000
    1    2
 -0.00000000  0.00000000    0.06803896 -0.06803896    0.06803896  0.06803896
  0.06803919 -0.06803919    0.00000000  0.00000000   -0.00000000 -0.00000000
  0.06803919  0.06803919    0.00000000 -0.00000000   -0.00000000  0.00000000
    2    1
  0.00000000  0.00000000    0.06803919  0.06803919    0.06803919 -0.06803919
  0.06803896  0.06803896    0.00000000  0.00000000    0.00000000  0.00000000
  0.06803896 -0.06803896    0.00000000  0.00000000   -0.00000000  0.00000000
    2    2
  0.79876091  0.00000000    0.00000000  0.00000000    0.00000000  0.00000000
  0.00000000  0.00000000    1.00676935  0.00000000    0.00000000  0.13067263
  0.00000000  0.00000000    0.00000000 -0.13067263    1.00676935  0.00000000

     Dynamical  Matrix in cartesian axes

     q = (    0.000000000  -1.000000000  -0.500000000 ) 

    1    1
  1.00676685  0.00000000    0.00000000 -0.13067616    0.00000000  0.00000000
  0.00000000  0.13067616    1.00676685  0.00000000    0.00000000  0.00000000
  0.00000000  0.00000000    0.00000000  0.00000000    0.79876067  0.00000000
    1    2
  0.00000000  0.00000000   -0.00000000  0.00000000    0.06803919  0.06803919
 -0.00000000 -0.00000000   -0.00000000 -0.00000000   -0.06803919  0.06803919
  0.06803896  0.06803896   -0.06803896  0.06803896   -0.00000000 -0.00000000
    2    1
  0.00000000  0.00000000   -0.00000000 -0.00000000    0.06803896 -0.06803896
  0.00000000  0.00000000    0.00000000  0.00000000   -0.06803896 -0.06803896
  0.06803919 -0.06803919   -0.06803919 -0.06803919   -0.00000000  0.00000000
    2    2
  1.00676935  0.00000000    0.00000000  0.13067263    0.00000000  0.00000000
  0.00000000 -0.13067263    1.00676935  0.00000000    0.00000000  0.00000000
  0.00000000  0.00000000    0.00000000  0.00000000    0.79876091  0.00000000

     Dynamical  Matrix in cartesian axes

     q = (    0.000000000   1.000000000   0.500000000 ) 

    1    1
  1.00676685  0.00000000    0.00000000  0.13067616    0.00000000  0.00000000
  0.00000000 -0.13067616    1.00676685  0.00000000    0.00000000  0.00000000
  0.00000000  0.00000000    0.00000000  0.00000000    0.79876067  0.00000000
    1    2
  0.00000000  0.00000000    0.00000000  0.00000000    0.06803919 -0.06803919
  0.00000000  0.00000000    0.00000000  0.00000000   -0.06803919 -0.06803919
  0.06803896 -0.06803896   -0.06803896 -0.06803896    0.00000000  0.00000000
    2    1
  0.00000000 -0.00000000    0.00000000 -0.00000000    0.06803896  0.06803896
 -0.00000000  0.00000000   -0.00000000  0.00000000   -0.06803896  0.06803896
  0.06803919  0.06803919   -0.06803919  0.06803919   -0.00000000  0.00000000
    2    2
  1.00676935  0.00000000    0.00000000 -0.13067263    0.00000000  0.00000000
  0.00000000  0.13067263    1.00676935  0.00000000    0.00000000  0.00000000
  0.00000000  0.00000000    0.00000000  0.00000000    0.79876091  0.00000000

     Dynamical  Matrix in cartesian axes

     q = (    0.000000000  -0.500000000  -1.000000000 ) 

    1    1
  1.00676685  0.00000000    0.00000000  0.00000000    0.00000000 -0.13067616
  0.00000000  0.00000000    0.79876067  0.00000000    0.00000000  0.00000000
  0.00000000  0.13067616    0.00000000  0.00000000    1.00676685  0.00000000
    1    2
  0.00000000  0.00000000    0.06803919  0.06803919    0.00000000  0.00000000
  0.06803896  0.06803896   -0.00000000 -0.00000000   -0.06803896  0.06803896
  0.00000000  0.00000000   -0.06803919  0.06803919    0.00000000  0.00000000
    2    1
  0.00000000  0.00000000    0.06803896 -0.06803896    0.00000000  0.00000000
  0.06803919 -0.06803919    0.00000000  0.00000000   -0.06803919 -0.06803919
  0.00000000  0.00000000   -0.06803896 -0.06803896    0.00000000  0.00000000
    2    2
  1.00676935  0.00000000   -0.00000000  0.00000000    0.00000000  0.13067263
  0.00000000  0.00000000    0.79876091  0.00000000    0.00000000  0.00000000
  0.00000000 -0.13067263   -0.00000000  0.00000000    1.00676935  0.00000000

     Dynamical  Matrix in cartesian axes

     q = (    0.000000000   0.500000000   1.000000000 ) 

    1    1
  1.00676685  0.00000000    0.00000000  0.00000000   -0.00000000  0.13067616
  0.00000000  0.00000000    0.79876067  0.00000000    0.00000000  0.00000000
 -0.00000000 -0.13067616    0.00000000  0.00000000    1.00676685  0.00000000
    1    2
  0.00000000  0.00000000    0.06803919 -0.06803919    0.00000000  0.00000000
  0.06803896 -0.06803896    0.00000000  0.00000000   -0.06803896 -0.06803896
  0.00000000  0.00000000   -0.06803919 -0.06803919    0.00000000  0.00000000
    2    1
  0.00000000 -0.00000000    0.06803896  0.06803896    0.00000000 -0.00000000
  0.06803919  0.06803919    0.00000000  0.00000000   -0.06803919  0.06803919
  0.00000000 -0.00000000   -0.06803896  0.06803896    0.00000000 -0.00000000
    2    2
  1.00676935  0.00000000   -0.00000000  0.00000000    0.00000000 -0.13067263
  0.00000000  0.00000000    0.79876091  0.00000000    0.00000000  0.00000000
 -0.00000000  0.13067263   -0.00000000  0.00000000    1.00676935  0.00000000

     Diagonalizing the dynamical matrix

     q = (   -0.500000000  -1.000000000   0.000000000 ) 

 **************************************************************************
     freq (    1) =      27.245834 [THz] =     908.823196 [cm-1]
 (  0.666991 -0.666991  0.000000  0.000000  0.000000 -0.000000 ) 
 ( -0.000000 -0.000000  0.000000  0.234783 -0.234783  0.000000 ) 
     freq (    2) =      27.245835 [THz] =     908.823222 [cm-1]
 (  0.000000 -0.000000 -0.007716 -0.234656 -0.234656  0.007716 ) 
 (  0.688552  0.644709  0.000000  0.000000 -0.000000  0.000000 ) 
     freq (    3) =      29.430316 [THz] =     981.689686 [cm-1]
 (  0.000000 -0.000000  0.500000  0.500000 -0.500000  0.500000 ) 
 (  0.000000  0.000000  0.000000  0.000000  0.000000  0.000000 ) 
     freq (    4) =      29.430418 [THz] =     981.693063 [cm-1]
 (  0.000000  0.000000  0.000000  0.000000 -0.000000  0.000000 ) 
 ( -0.000000 -0.000000 -0.000000 -0.707107 -0.707107  0.000000 ) 
     freq (    5) =      34.232784 [THz] =    1141.882747 [cm-1]
 (  0.234783 -0.234783 -0.000000 -0.000000 -0.000000  0.000000 ) 
 ( -0.000000  0.000000 -0.000000 -0.666991  0.666991  0.000000 ) 
     freq (    6) =      34.232801 [THz] =    1141.883340 [cm-1]
 (  0.000000 -0.000000  0.621805  0.241319  0.241319 -0.621805 ) 
 (  0.303823 -0.133933  0.000000 -0.000000  0.000000  0.000000 ) 
 **************************************************************************
