 iks ibn en[eV] re[meV] im[meV]
   1   1   -0.2354555528E+02    0.9488417000E+02   -0.1177631385E+00
   1   2   -0.2104639277E+01    0.1664984161E+04   -0.2347203578E+01
   1   3   -0.2104639277E+01    0.1664983023E+04   -0.2347178187E+01
   1   4   -0.2104639277E+01    0.1664983775E+04   -0.2347197691E+01
   1   5    0.3500201531E+01    0.1526894766E+04   -0.2342851377E+01
   1   6    0.3500201531E+01    0.1526899701E+04   -0.2343005709E+01
   1   7    0.3500201531E+01    0.1526886727E+04   -0.2342589051E+01
   1   8    0.1123063328E+02    0.2857727125E+03   -0.1833441978E+01
   2   1   -0.2244499971E+02    0.1288759931E+03   -0.1456261485E+00
   2   2   -0.6969620269E+01    0.1055061540E+04   -0.1129381837E+01
   2   3   -0.3420120106E+01    0.1543796576E+04   -0.2111037239E+01
   2   4   -0.3420120106E+01    0.1543796353E+04   -0.2111029739E+01
   2   5    0.5213902228E+01    0.1674395582E+04   -0.2412225606E+01
   2   6    0.5213902228E+01    0.1674399243E+04   -0.2412337411E+01
   2   7    0.5655948756E+01    0.1187652499E+04   -0.2206303223E+01
   2   8    0.1212170625E+02    0.1082641966E+04   -0.2219718447E+01
   3   1   -0.1928462748E+02    0.2198674893E+03   -0.2648484018E+00
   3   2   -0.1349309926E+02    0.6077012683E+03   -0.6048145682E+00
   3   3   -0.4725129613E+01    0.1481128170E+04   -0.2070066709E+01
   3   4   -0.4725129613E+01    0.1481127838E+04   -0.2070058382E+01
   3   5    0.6335212031E+01    0.1512285515E+04   -0.2412683847E+01
   3   6    0.6335212031E+01    0.1512285939E+04   -0.2412694666E+01
   3   7    0.6678007567E+01    0.3850913069E+03   -0.1699813064E+01
   3   8    0.1344902036E+02    0.1776596076E+04   -0.2709600312E+01
   4   1   -0.2207934032E+02    0.1410682341E+03   -0.1553199685E+00
   4   2   -0.5319740966E+01    0.1363238257E+04   -0.1811458543E+01
   4   3   -0.5319740966E+01    0.1363238512E+04   -0.1811447007E+01
   4   4   -0.5178552591E+01    0.1158924264E+04   -0.1427762770E+01
   4   5    0.2643799365E+01    0.1013568909E+04   -0.1861283891E+01
   4   6    0.7944969786E+01    0.2022314673E+04   -0.2665197839E+01
   4   7    0.7944969786E+01    0.2022315259E+04   -0.2663761237E+01
   4   8    0.9760325790E+01    0.4672894303E+03   -0.1666712360E+01
   5   1   -0.1958759032E+02    0.2227104516E+03   -0.2378554831E+00
   5   2   -0.1087858041E+02    0.7567493153E+03   -0.8276323395E+00
   5   3   -0.6793728308E+01    0.1115818297E+04   -0.1407392755E+01
   5   4   -0.6496307845E+01    0.1310746269E+04   -0.1813688061E+01
   5   5    0.4022406427E+01    0.8762138968E+03   -0.1736988940E+01
   5   6    0.9158616866E+01    0.8028227375E+03   -0.1502586927E+01
   5   7    0.9686273032E+01    0.2050844201E+04   -0.2689384108E+01
   5   8    0.9772295524E+01    0.1608207628E+04   -0.2246856966E+01
   6   1   -0.1718135799E+02    0.2682574196E+03   -0.4726010486E+00
   6   2   -0.1426395021E+02    0.5941590137E+03   -0.7607511181E+00
   6   3   -0.8460342557E+01    0.9891948892E+03   -0.1145168313E+01
   6   4   -0.5936759119E+01    0.1371325425E+04   -0.1896154510E+01
   6   5    0.5175786891E+01    0.7782448207E+03   -0.1725442016E+01
   6   6    0.8755638162E+01    0.1852442463E+04   -0.2595475042E+01
   6   7    0.9933668219E+01    0.1188224134E+04   -0.1955502597E+01
   6   8    0.1311963049E+02    0.2126497281E+04   -0.2801092004E+01
   7   1   -0.2064573938E+02    0.1868784114E+03   -0.1999955357E+00
   7   2   -0.9065809752E+01    0.8700116060E+03   -0.1175847344E+01
   7   3   -0.8093168581E+01    0.1034656677E+04   -0.1370161693E+01
   7   4   -0.4084043232E+01    0.1521751408E+04   -0.2101103427E+01
   7   5    0.6392145026E+01    0.1748091493E+04   -0.2521732056E+01
   7   6    0.6496376195E+01    0.1207378198E+04   -0.2202905186E+01
   7   7    0.8400939587E+01    0.1575772216E+04   -0.2473745615E+01
   7   8    0.1156288427E+02    0.1096585737E+04   -0.2239871668E+01
   8   1   -0.1782996126E+02    0.2947267631E+03   -0.3020912076E+00
   8   2   -0.1151719330E+02    0.6118076374E+03   -0.7025767038E+00
   8   3   -0.8036819112E+01    0.1218632930E+04   -0.1701227964E+01
   8   4   -0.8036819112E+01    0.1218633169E+04   -0.1701230499E+01
   8   5    0.2104639277E+01    0.4434520467E+03   -0.1417216507E+01
   8   6    0.4152912353E+01    0.2241332556E+03   -0.1256688633E+01
   8   7    0.1355709864E+02    0.2771908525E+04   -0.3478818425E+01
   8   8    0.1355709864E+02    0.2771909472E+04   -0.3473298947E+01
   9   1   -0.1479349816E+02    0.3857534468E+03   -0.8117902006E+00
   9   2   -0.1418305757E+02    0.4736812156E+03   -0.8554741327E+00
   9   3   -0.1086220261E+02    0.9163158075E+03   -0.1190149597E+01
   9   4   -0.7788174827E+01    0.1238142881E+04   -0.1725535111E+01
   9   5    0.3290093007E+01    0.3829954675E+03   -0.1381019248E+01
   9   6    0.6923663224E+01    0.8877570862E+03   -0.1241811840E+01
   9   7    0.1303275763E+02    0.2635421180E+04   -0.3331501929E+01
   9   8    0.1387333346E+02    0.2468424900E+04   -0.3204021599E+01
  10   1   -0.1662349137E+02    0.3280302485E+03   -0.4022712986E+00
  10   2   -0.1224782013E+02    0.5828295210E+03   -0.9499342669E+00
  10   3   -0.1040742977E+02    0.9076181467E+03   -0.1254926310E+01
  10   4   -0.8472100729E+01    0.1076738705E+04   -0.1389293818E+01
  10   5    0.6873573385E+01    0.1180568213E+04   -0.1748903396E+01
  10   6    0.7787497619E+01    0.1066485819E+04   -0.2057644283E+01
  10   7    0.9658583485E+01    0.1206772410E+04   -0.2329570844E+01
  10   8    0.1297175255E+02    0.2457118078E+04   -0.3214307786E+01
