Dynamical matrix file
                                                                           
  1    2  2  6.7034255  0.0000000  0.0000000  0.0000000  0.0000000  0.0000000
           1  'C   '    10947.3567922507     
    1    1     -0.0000000000     -0.0000000000     -0.0000000000
    2    1     -0.2479805790      0.2479805790      0.2479805790

     Dynamical  Matrix in cartesian axes

     q = (    0.000000000   0.000000000   0.000000000 ) 

    1    1
  0.86650993  0.00000000    0.00000000  0.00000000    0.00000000  0.00000000
  0.00000000  0.00000000    0.86650993  0.00000000   -0.00000000  0.00000000
  0.00000000  0.00000000   -0.00000000  0.00000000    0.86650993  0.00000000
    1    2
 -1.21357594  0.00000000    0.00000000  0.00000000    0.00000000  0.00000000
 -0.00000000  0.00000000   -1.21357594  0.00000000   -0.00000000  0.00000000
  0.00000000  0.00000000    0.00000000  0.00000000   -1.21357594  0.00000000
    2    1
 -1.21357594  0.00000000   -0.00000000  0.00000000    0.00000000  0.00000000
  0.00000000  0.00000000   -1.21357594  0.00000000   -0.00000000  0.00000000
  0.00000000  0.00000000   -0.00000000  0.00000000   -1.21357594  0.00000000
    2    2
  0.86650994  0.00000000    0.00000000  0.00000000   -0.00000000  0.00000000
  0.00000000  0.00000000    0.86650994  0.00000000   -0.00000000  0.00000000
 -0.00000000  0.00000000   -0.00000000  0.00000000    0.86650994  0.00000000

     Dielectric Tensor:

         15.627642102891          0.000000000000          0.000000000000
          0.000000000000         15.627642102891          0.000000000000
         -0.000000000000         -0.000000000000         15.627642102891

     Effective Charges E-U: Z_{alpha}{s,beta}

     atom #    1
         -2.415737663062         -0.000000000000         -0.000000000000
         -0.000000000000         -2.415737663062         -0.000000000000
          0.000000000000         -0.000000000000         -2.415737663062
     atom #    2
         -2.415737619253          0.000000000000         -0.000000000000
          0.000000000000         -2.415737619253         -0.000000000000
          0.000000000000          0.000000000000         -2.415737619253

     Diagonalizing the dynamical matrix

     q = (    0.000000000   0.000000000   0.000000000 ) 

 **************************************************************************
     freq (    1) =      -0.000001 [THz] =      -0.000025 [cm-1]
 ( -0.045088  0.000000 -0.687371  0.000000  0.159652  0.000000 ) 
 ( -0.045088  0.000000 -0.687371  0.000000  0.159652  0.000000 ) 
     freq (    2) =       0.000000 [THz] =       0.000012 [cm-1]
 (  0.705598  0.000000 -0.046160  0.000000  0.000531  0.000000 ) 
 (  0.705598  0.000000 -0.046160  0.000000  0.000531  0.000000 ) 
     freq (    3) =       0.000001 [THz] =       0.000026 [cm-1]
 ( -0.009906  0.000000 -0.159345  0.000000 -0.688848  0.000000 ) 
 ( -0.009906  0.000000 -0.159345  0.000000 -0.688848  0.000000 ) 
     freq (    4) =      48.985650 [THz] =    1633.985406 [cm-1]
 (  0.206146  0.000000 -0.163357  0.000000  0.656367  0.000000 ) 
 ( -0.206146  0.000000  0.163357  0.000000 -0.656367  0.000000 ) 
     freq (    5) =      48.985650 [THz] =    1633.985406 [cm-1]
 (  0.439164  0.000000  0.554198  0.000000 -0.000000  0.000000 ) 
 ( -0.439164  0.000000 -0.554198  0.000000  0.000000  0.000000 ) 
     freq (    6) =      48.985650 [THz] =    1633.985406 [cm-1]
 ( -0.514431  0.000000  0.407651  0.000000  0.263024  0.000000 ) 
 (  0.514431  0.000000 -0.407651  0.000000 -0.263024  0.000000 ) 
 **************************************************************************
