Dynamical matrix file
                                                                           
  1    2  2  6.7034255  0.0000000  0.0000000  0.0000000  0.0000000  0.0000000
           1  'C   '    10947.3567922507     
    1    1     -0.0000000000     -0.0000000000     -0.0000000000
    2    1     -0.2479805790      0.2479805790      0.2479805790

     Dynamical  Matrix in cartesian axes

     q = (    0.504071732  -0.504071732   0.504071732 ) 

    1    1
  0.67537917  0.00000000   -0.09496794  0.00000000    0.09496794  0.00000000
 -0.09496794  0.00000000    0.67537917  0.00000000   -0.09496794  0.00000000
  0.09496794  0.00000000   -0.09496794  0.00000000    0.67537917  0.00000000
    1    2
 -0.65112369  0.00000000   -0.12184471  0.00000000    0.12184471  0.00000000
 -0.12184471  0.00000000   -0.65112369 -0.00000000   -0.12184471 -0.00000000
  0.12184471  0.00000000   -0.12184471 -0.00000000   -0.65112369  0.00000000
    2    1
 -0.65112369 -0.00000000   -0.12184471 -0.00000000    0.12184471 -0.00000000
 -0.12184471 -0.00000000   -0.65112369  0.00000000   -0.12184471  0.00000000
  0.12184471 -0.00000000   -0.12184471 -0.00000000   -0.65112369 -0.00000000
    2    2
  0.67537923  0.00000000   -0.09496788  0.00000000    0.09496788  0.00000000
 -0.09496788  0.00000000    0.67537923  0.00000000   -0.09496788  0.00000000
  0.09496788  0.00000000   -0.09496788  0.00000000    0.67537923  0.00000000

     Dynamical  Matrix in cartesian axes

     q = (   -0.504071732  -0.504071732  -0.504071732 ) 

    1    1
  0.67537917  0.00000000    0.09496794  0.00000000    0.09496794  0.00000000
  0.09496794  0.00000000    0.67537917  0.00000000    0.09496794  0.00000000
  0.09496794  0.00000000    0.09496794  0.00000000    0.67537917  0.00000000
    1    2
 -0.65112369  0.00000000    0.12184471 -0.00000000    0.12184471 -0.00000000
  0.12184471 -0.00000000   -0.65112369  0.00000000    0.12184471 -0.00000000
  0.12184471 -0.00000000    0.12184471 -0.00000000   -0.65112369  0.00000000
    2    1
 -0.65112369 -0.00000000    0.12184471  0.00000000    0.12184471  0.00000000
  0.12184471  0.00000000   -0.65112369 -0.00000000    0.12184471  0.00000000
  0.12184471  0.00000000    0.12184471  0.00000000   -0.65112369 -0.00000000
    2    2
  0.67537923  0.00000000    0.09496788  0.00000000    0.09496788  0.00000000
  0.09496788  0.00000000    0.67537923  0.00000000    0.09496788  0.00000000
  0.09496788  0.00000000    0.09496788  0.00000000    0.67537923  0.00000000

     Dynamical  Matrix in cartesian axes

     q = (   -0.504071732   0.504071732   0.504071732 ) 

    1    1
  0.67537917  0.00000000   -0.09496794  0.00000000   -0.09496794  0.00000000
 -0.09496794  0.00000000    0.67537917  0.00000000    0.09496794  0.00000000
 -0.09496794  0.00000000    0.09496794  0.00000000    0.67537917  0.00000000
    1    2
  0.65112369  0.00000000    0.12184471  0.00000000    0.12184471  0.00000000
  0.12184471  0.00000000    0.65112369  0.00000000   -0.12184471 -0.00000000
  0.12184471  0.00000000   -0.12184471 -0.00000000    0.65112369  0.00000000
    2    1
  0.65112369 -0.00000000    0.12184471 -0.00000000    0.12184471 -0.00000000
  0.12184471 -0.00000000    0.65112369 -0.00000000   -0.12184471  0.00000000
  0.12184471 -0.00000000   -0.12184471  0.00000000    0.65112369 -0.00000000
    2    2
  0.67537923  0.00000000   -0.09496788  0.00000000   -0.09496788  0.00000000
 -0.09496788  0.00000000    0.67537923  0.00000000    0.09496788  0.00000000
 -0.09496788  0.00000000    0.09496788  0.00000000    0.67537923  0.00000000

     Dynamical  Matrix in cartesian axes

     q = (    0.504071732   0.504071732  -0.504071732 ) 

    1    1
  0.67537917  0.00000000    0.09496794  0.00000000   -0.09496794  0.00000000
  0.09496794  0.00000000    0.67537917  0.00000000   -0.09496794  0.00000000
 -0.09496794  0.00000000   -0.09496794  0.00000000    0.67537917  0.00000000
    1    2
 -0.65112369 -0.00000000    0.12184471  0.00000000   -0.12184471 -0.00000000
  0.12184471  0.00000000   -0.65112369 -0.00000000   -0.12184471 -0.00000000
 -0.12184471 -0.00000000   -0.12184471 -0.00000000   -0.65112369 -0.00000000
    2    1
 -0.65112369  0.00000000    0.12184471 -0.00000000   -0.12184471  0.00000000
  0.12184471 -0.00000000   -0.65112369  0.00000000   -0.12184471  0.00000000
 -0.12184471  0.00000000   -0.12184471  0.00000000   -0.65112369  0.00000000
    2    2
  0.67537923  0.00000000    0.09496788  0.00000000   -0.09496788  0.00000000
  0.09496788  0.00000000    0.67537923  0.00000000   -0.09496788  0.00000000
 -0.09496788  0.00000000   -0.09496788  0.00000000    0.67537923  0.00000000

     Diagonalizing the dynamical matrix

     q = (    0.504071732  -0.504071732   0.504071732 ) 

 **************************************************************************
     freq (    1) =     -13.797493 [THz] =    -460.234824 [cm-1]
 ( -0.034112  0.000000 -0.516182  0.000000 -0.482071  0.000000 ) 
 ( -0.034112 -0.000000 -0.516182  0.000000 -0.482071  0.000000 ) 
     freq (    2) =     -13.797493 [THz] =    -460.234824 [cm-1]
 ( -0.576342 -0.000000 -0.258629 -0.000000  0.317712  0.000000 ) 
 ( -0.576342 -0.000000 -0.258629 -0.000000  0.317712  0.000000 ) 
     freq (    3) =      21.276324 [THz] =     709.701765 [cm-1]
 (  0.408248 -0.000000 -0.408248  0.000000  0.408248 -0.000000 ) 
 (  0.408248 -0.000000 -0.408248  0.000000  0.408248  0.000000 ) 
     freq (    4) =      35.472503 [THz] =    1183.235337 [cm-1]
 ( -0.408248  0.000000  0.408248 -0.000000 -0.408248  0.000000 ) 
 (  0.408248 -0.000000 -0.408248  0.000000  0.408248  0.000000 ) 
     freq (    5) =      36.578865 [THz] =    1220.139602 [cm-1]
 (  0.426082 -0.000000 -0.124362  0.000000 -0.550444  0.000000 ) 
 ( -0.426082  0.000000  0.124362 -0.000000  0.550444  0.000000 ) 
     freq (    6) =      36.578865 [THz] =    1220.139602 [cm-1]
 ( -0.389599 -0.000000 -0.563797 -0.000000 -0.174198  0.000000 ) 
 (  0.389599  0.000000  0.563797  0.000000  0.174198  0.000000 ) 
 **************************************************************************
