Dynamical matrix file
                                                                           
  1    2  2  6.7034255  0.0000000  0.0000000  0.0000000  0.0000000  0.0000000
           1  'C   '    10947.3567922507     
    1    1     -0.0000000000     -0.0000000000     -0.0000000000
    2    1     -0.2479805790      0.2479805790      0.2479805790

     Dynamical  Matrix in cartesian axes

     q = (    0.000000000  -1.008143465   0.000000000 ) 

    1    1
  0.40536385  0.00000000   -0.00000000  0.00000000    0.00000000  0.00000000
  0.00000000  0.00000000    0.98255159  0.00000000   -0.00000000  0.00000000
  0.00000000  0.00000000   -0.00000000  0.00000000    0.40536385  0.00000000
    1    2
 -0.00000000  0.00000000   -0.00000000  0.00000000    0.36541335 -0.00000000
  0.00000000  0.00000000    0.00000000 -0.00000000   -0.00000000  0.00000000
  0.36541335 -0.00000000   -0.00000000 -0.00000000   -0.00000000  0.00000000
    2    1
 -0.00000000 -0.00000000   -0.00000000 -0.00000000    0.36541335  0.00000000
 -0.00000000 -0.00000000   -0.00000000 -0.00000000    0.00000000  0.00000000
  0.36541335  0.00000000    0.00000000  0.00000000    0.00000000 -0.00000000
    2    2
  0.40536393  0.00000000   -0.00000000  0.00000000    0.00000000  0.00000000
 -0.00000000  0.00000000    0.98255159  0.00000000   -0.00000000  0.00000000
  0.00000000  0.00000000   -0.00000000  0.00000000    0.40536393  0.00000000

     Dynamical  Matrix in cartesian axes

     q = (    0.000000000  -0.000000000  -1.008143465 ) 

    1    1
  0.40536385  0.00000000    0.00000000  0.00000000    0.00000000  0.00000000
  0.00000000  0.00000000    0.40536385  0.00000000    0.00000000  0.00000000
  0.00000000  0.00000000    0.00000000  0.00000000    0.98255159  0.00000000
    1    2
  0.00000000 -0.00000000    0.36541335 -0.00000000    0.00000000  0.00000000
  0.36541335 -0.00000000    0.00000000 -0.00000000   -0.00000000 -0.00000000
  0.00000000  0.00000000   -0.00000000 -0.00000000    0.00000000  0.00000000
    2    1
 -0.00000000 -0.00000000    0.36541335  0.00000000    0.00000000  0.00000000
  0.36541335  0.00000000   -0.00000000 -0.00000000    0.00000000 -0.00000000
 -0.00000000  0.00000000   -0.00000000  0.00000000    0.00000000 -0.00000000
    2    2
  0.40536393  0.00000000    0.00000000  0.00000000   -0.00000000  0.00000000
  0.00000000  0.00000000    0.40536393  0.00000000    0.00000000  0.00000000
  0.00000000  0.00000000   -0.00000000  0.00000000    0.98255159  0.00000000

     Dynamical  Matrix in cartesian axes

     q = (    1.008143465   0.000000000   0.000000000 ) 

    1    1
  0.98255159  0.00000000    0.00000000  0.00000000    0.00000000  0.00000000
 -0.00000000  0.00000000    0.40536385  0.00000000   -0.00000000  0.00000000
  0.00000000  0.00000000   -0.00000000  0.00000000    0.40536385  0.00000000
    1    2
  0.00000000  0.00000000    0.00000000 -0.00000000    0.00000000 -0.00000000
  0.00000000  0.00000000    0.00000000 -0.00000000   -0.36541335  0.00000000
 -0.00000000  0.00000000   -0.36541335  0.00000000   -0.00000000 -0.00000000
    2    1
 -0.00000000 -0.00000000   -0.00000000 -0.00000000   -0.00000000 -0.00000000
 -0.00000000 -0.00000000   -0.00000000 -0.00000000   -0.36541335 -0.00000000
  0.00000000 -0.00000000   -0.36541335 -0.00000000   -0.00000000 -0.00000000
    2    2
  0.98255159  0.00000000   -0.00000000  0.00000000    0.00000000  0.00000000
 -0.00000000  0.00000000    0.40536393  0.00000000   -0.00000000  0.00000000
  0.00000000  0.00000000   -0.00000000  0.00000000    0.40536393  0.00000000

     Diagonalizing the dynamical matrix

     q = (    0.000000000  -1.008143465   0.000000000 ) 

 **************************************************************************
     freq (    1) =       6.284659 [THz] =     209.633674 [cm-1]
 (  0.675343 -0.000000  0.000000 -0.000000 -0.209552  0.000000 ) 
 (  0.209552 -0.000000 -0.000000  0.000000 -0.675343  0.000000 ) 
     freq (    2) =       6.284659 [THz] =     209.633674 [cm-1]
 ( -0.209552  0.000000 -0.000000  0.000000 -0.675343  0.000000 ) 
 (  0.675343 -0.000000 -0.000000  0.000000  0.209552  0.000000 ) 
     freq (    3) =      27.604815 [THz] =     920.797511 [cm-1]
 (  0.120620 -0.000000 -0.000000  0.000000 -0.696743  0.000000 ) 
 ( -0.696743 -0.000000  0.000000 -0.000000  0.120620  0.000000 ) 
     freq (    4) =      27.604815 [THz] =     920.797511 [cm-1]
 (  0.696743 -0.000000  0.000000 -0.000000  0.120620 -0.000000 ) 
 (  0.120620  0.000000  0.000000  0.000000  0.696743  0.000000 ) 
     freq (    5) =      31.167221 [THz] =    1039.626588 [cm-1]
 (  0.000000 -0.000000  0.000000  0.000000 -0.000000 -0.000000 ) 
 (  0.000000 -0.000000 -1.000000 -0.000000  0.000000  0.000000 ) 
     freq (    6) =      31.167221 [THz] =    1039.626589 [cm-1]
 (  0.000000 -0.000000 -1.000000  0.000000  0.000000  0.000000 ) 
 (  0.000000  0.000000 -0.000000  0.000000  0.000000  0.000000 ) 
 **************************************************************************
