 ikr ibn iq imode EPCE[meV]
   1   1   1   1    0.0000000000E+00
   1   1   1   2    0.0000000000E+00
   1   1   1   3    0.0000000000E+00
   1   1   1   4    0.5230651219E+01
   1   1   1   5    0.5230631680E+01
   1   1   1   6    0.5230645806E+01
   1   1   2   1   -0.1857046628E+02
   1   1   2   2   -0.1857047058E+02
   1   1   2   3    0.1204284725E+02
   1   1   2   4    0.7223271381E+01
   1   1   2   5    0.7004756209E+01
   1   1   2   6    0.7004749364E+01
   1   1   3   1   -0.1857049306E+02
   1   1   3   2   -0.1857057595E+02
   1   1   3   3    0.1204276155E+02
   1   1   3   4    0.7223219982E+01
   1   1   3   5    0.7004756465E+01
   1   1   3   6    0.7004798952E+01
   1   1   4   1    0.4077008954E+02
   1   1   4   2    0.4077013281E+02
   1   1   4   3    0.9281938040E+01
   1   1   4   4    0.9281943986E+01
   1   1   4   5    0.8221034637E+01
   1   1   4   6    0.8221034547E+01
   1   1   5   1   -0.1857047709E+02
   1   1   5   2   -0.1857055043E+02
   1   1   5   3    0.1204278845E+02
   1   1   5   4    0.7223236117E+01
   1   1   5   5    0.7004769617E+01
   1   1   5   6    0.7004770154E+01
   1   1   6   1    0.4077005206E+02
   1   1   6   2    0.4077026543E+02
   1   1   6   3    0.9281943141E+01
   1   1   6   4    0.9281960543E+01
   1   1   6   5    0.8221015319E+01
   1   1   6   6    0.8221015499E+01
   1   1   7   1    0.4077025459E+02
   1   1   7   2    0.4077004407E+02
   1   1   7   3    0.9281966074E+01
   1   1   7   4    0.9281933321E+01
   1   1   7   5    0.8221019177E+01
   1   1   7   6    0.8221019238E+01
   1   1   8   1   -0.1857046182E+02
   1   1   8   2   -0.1857056321E+02
   1   1   8   3    0.1204279007E+02
   1   1   8   4    0.7223237088E+01
   1   1   8   5    0.7004772951E+01
   1   1   8   6    0.7004765878E+01
   1   2   1   1    0.0000000000E+00
   1   2   1   2    0.0000000000E+00
   1   2   1   3    0.0000000000E+00
   1   2   1   4    0.5765366452E+02
   1   2   1   5    0.1405041849E+03
   1   2   1   6    0.1060585727E+03
   1   2   2   1   -0.5718679444E+03
   1   2   2   2   -0.2340799728E+03
   1   2   2   3    0.1777646643E+03
   1   2   2   4    0.1066228265E+03
   1   2   2   5    0.9569000158E+02
   1   2   2   6    0.2083123417E+03
   1   2   3   1   -0.2149721125E+03
   1   2   3   2   -0.4201783287E+03
   1   2   3   3    0.2885251982E+03
   1   2   3   4    0.1730567335E+03
   1   2   3   5    0.7689170203E+02
   1   2   3   6    0.1626860899E+03
   1   2   4   1    0.4562765114E+03
   1   2   4   2    0.4543995714E+03
   1   2   4   3    0.1037915678E+03
   1   2   4   4    0.1035378075E+03
   1   2   4   5    0.2945065293E+03
   1   2   4   6    0.2945065354E+03
   1   2   5   1   -0.5811410660E+03
   1   2   5   2   -0.1949948379E+03
   1   2   5   3    0.1970974706E+03
   1   2   5   4    0.1182185981E+03
   1   2   5   5    0.7718558903E+02
   1   2   5   6    0.2155717076E+03
   1   2   6   1    0.1222505233E+04
   1   2   6   2    0.7551111161E+03
   1   2   6   3    0.2440886965E+03
   1   2   6   4    0.2061459917E+03
   1   2   6   5    0.7936524030E+02
   1   2   6   6    0.7936524048E+02
   1   2   7   1    0.8820690325E+03
   1   2   7   2    0.9720559704E+03
   1   2   7   3    0.2040776080E+03
   1   2   7   4    0.2180423817E+03
   1   2   7   5    0.1042664345E+03
   1   2   7   6    0.1042664364E+03
   1   2   8   1   -0.3129290892E+03
   1   2   8   2   -0.3500196497E+03
   1   2   8   3    0.2704982673E+03
   1   2   8   4    0.1622442228E+03
   1   2   8   5    0.7494617640E+02
   1   2   8   6    0.1751170917E+03
   1   3   1   1    0.0000000000E+00
   1   3   1   2    0.0000000000E+00
   1   3   1   3    0.0000000000E+00
   1   3   1   4    0.1767904923E+03
   1   3   1   5    0.6333474874E+02
   1   3   1   6    0.6409135330E+02
   1   3   2   1   -0.3302168545E+03
   1   3   2   2   -0.3490918125E+03
   1   3   2   3    0.2598894064E+03
   1   3   2   4    0.1558810531E+03
   1   3   2   5    0.1788556271E+03
   1   3   2   6    0.7737858131E+02
   1   3   3   1   -0.5804454647E+03
   1   3   3   2   -0.2218256200E+03
   1   3   3   3    0.1801494516E+03
   1   3   3   4    0.1080532162E+03
   1   3   3   5    0.1861650461E+03
   1   3   3   6    0.1164504015E+03
   1   3   4   1    0.9666903812E+03
   1   3   4   2    0.8893508007E+03
   1   3   4   3    0.2165062256E+03
   1   3   4   4    0.2060500115E+03
   1   3   4   5    0.1038803220E+03
   1   3   4   6    0.1038803211E+03
   1   3   5   1   -0.3138354260E+03
   1   3   5   2   -0.3083071456E+03
   1   3   5   3    0.2969610740E+03
   1   3   5   4    0.1781165519E+03
   1   3   5   5    0.1469464348E+03
   1   3   5   6    0.8772480828E+02
   1   3   6   1    0.7602963409E+03
   1   3   6   2    0.1216659217E+04
   1   3   6   3    0.2065185281E+03
   1   3   6   4    0.2435657209E+03
   1   3   6   5    0.7949875515E+02
   1   3   6   6    0.7949875498E+02
   1   3   7   1    0.4302217336E+03
   1   3   7   2    0.4792016455E+03
   1   3   7   3    0.9972156904E+02
   1   3   7   4    0.1073226091E+03
   1   3   7   5    0.2947594039E+03
   1   3   7   6    0.2947594005E+03
   1   3   8   1   -0.2268672782E+03
   1   3   8   2   -0.5495950298E+03
   1   3   8   3    0.1968861971E+03
   1   3   8   4    0.1180918767E+03
   1   3   8   5    0.1600262371E+03
   1   3   8   6    0.1328541787E+03
   1   4   1   1    0.0000000000E+00
   1   4   1   2    0.0000000000E+00
   1   4   1   3    0.0000000000E+00
   1   4   1   4    0.6977248125E+02
   1   4   1   5    0.1003774315E+03
   1   4   1   6    0.1340666748E+03
   1   4   2   1   -0.1779839219E+03
   1   4   2   2   -0.4968966184E+03
   1   4   2   3    0.2627609888E+03
   1   4   2   4    0.1576034215E+03
   1   4   2   5    0.1328546622E+03
   1   4   2   6    0.1217092634E+03
   1   4   3   1   -0.2846511436E+03
   1   4   3   2   -0.4380659572E+03
   1   4   3   3    0.2317394357E+03
   1   4   3   4    0.1389967671E+03
   1   4   3   5    0.1443435047E+03
   1   4   3   6    0.1282642997E+03
   1   4   4   1    0.9482420323E+03
   1   4   4   2    0.1027459207E+04
   1   4   4   3    0.2195443116E+03
   1   4   4   4    0.2302543727E+03
   1   4   4   5    0.7975166830E+02
   1   4   4   6    0.7975167007E+02
   1   4   5   1   -0.1850923662E+03
   1   4   5   2   -0.5767675796E+03
   1   4   5   3    0.2063556741E+03
   1   4   5   4    0.1237716467E+03
   1   4   5   5    0.1832684343E+03
   1   4   5   6    0.1041039924E+03
   1   4   6   1    0.3884073961E+03
   1   4   6   2    0.3994404613E+03
   1   4   6   3    0.8923499538E+02
   1   4   6   4    0.9013065089E+02
   1   4   6   5    0.3192742755E+03
   1   4   6   6    0.3192742718E+03
   1   4   7   1    0.1058920360E+04
   1   4   7   2    0.9199505567E+03
   1   4   7   3    0.2360432892E+03
   1   4   7   4    0.2144770205E+03
   1   4   7   5    0.7911252539E+02
   1   4   7   6    0.7911252526E+02
   1   4   8   1   -0.5402721096E+03
   1   4   8   2   -0.1804548709E+03
   1   4   8   3    0.2330300097E+03
   1   4   8   4    0.1397708503E+03
   1   4   8   5    0.1724280843E+03
   1   4   8   6    0.9942904970E+02
   1   5   1   1    0.0000000000E+00
   1   5   1   2    0.0000000000E+00
   1   5   1   3    0.0000000000E+00
   1   5   1   4    0.1525119701E+03
   1   5   1   5    0.5178198883E+02
   1   5   1   6    0.6891502241E+02
   1   5   2   1   -0.3517459613E+03
   1   5   2   2   -0.3059746466E+03
   1   5   2   3    0.2024985240E+03
   1   5   2   4    0.1214581372E+03
   1   5   2   5    0.1760793229E+03
   1   5   2   6    0.7201190205E+02
   1   5   3   1   -0.5009631835E+03
   1   5   3   2   -0.1785372253E+03
   1   5   3   3    0.1883745308E+03
   1   5   3   4    0.1129865994E+03
   1   5   3   5    0.1724706216E+03
   1   5   3   6    0.8383591160E+02
   1   5   4   1    0.9169229833E+03
   1   5   4   2    0.8350641372E+03
   1   5   4   3    0.2049669745E+03
   1   5   4   4    0.1938997599E+03
   1   5   4   5    0.7612732707E+02
   1   5   4   6    0.7612732502E+02
   1   5   5   1   -0.3358970343E+03
   1   5   5   2   -0.2702347817E+03
   1   5   5   3    0.2359533634E+03
   1   5   5   4    0.1415242710E+03
   1   5   5   5    0.1371061990E+03
   1   5   5   6    0.9152581115E+02
   1   5   6   1    0.8096594263E+03
   1   5   6   2    0.9066222494E+03
   1   5   6   3    0.1914332467E+03
   1   5   6   4    0.1993045957E+03
   1   5   6   5    0.8332708821E+02
   1   5   6   6    0.8332708702E+02
   1   5   7   1    0.3833958964E+03
   1   5   7   2    0.4073790076E+03
   1   5   7   3    0.8815508336E+02
   1   5   7   4    0.9187694994E+02
   1   5   7   5    0.2699492744E+03
   1   5   7   6    0.2699492688E+03
   1   5   8   1   -0.2350456237E+03
   1   5   8   2   -0.4082201692E+03
   1   5   8   3    0.2118723337E+03
   1   5   8   4    0.1270805261E+03
   1   5   8   5    0.1461972032E+03
   1   5   8   6    0.9644168727E+02
   1   6   1   1    0.0000000000E+00
   1   6   1   2    0.0000000000E+00
   1   6   1   3    0.0000000000E+00
   1   6   1   4    0.4740225676E+02
   1   6   1   5    0.1557631075E+03
   1   6   1   6    0.7004238612E+02
   1   6   2   1   -0.4351995948E+03
   1   6   2   2   -0.3263246908E+03
   1   6   2   3    0.1351799952E+03
   1   6   2   4    0.8108064233E+02
   1   6   2   5    0.7403337896E+02
   1   6   2   6    0.2132124372E+03
   1   6   3   1   -0.2376061251E+03
   1   6   3   2   -0.2864400827E+03
   1   6   3   3    0.2891822632E+03
   1   6   3   4    0.1734508395E+03
   1   6   3   5    0.8004238771E+02
   1   6   3   6    0.1176270544E+03
   1   6   4   1    0.4585244219E+03
   1   6   4   2    0.4729400253E+03
   1   6   4   3    0.1050565958E+03
   1   6   4   4    0.1070055695E+03
   1   6   4   5    0.2415782398E+03
   1   6   4   6    0.2415782434E+03
   1   6   5   1   -0.4176317121E+03
   1   6   5   2   -0.1828381760E+03
   1   6   5   3    0.2396222356E+03
   1   6   5   4    0.1437248519E+03
   1   6   5   5    0.8148962987E+02
   1   6   5   6    0.1450067096E+03
   1   6   6   1    0.9087068596E+03
   1   6   6   2    0.6825986936E+03
   1   6   6   3    0.1903201982E+03
   1   6   6   4    0.1719649134E+03
   1   6   6   5    0.1085257428E+03
   1   6   6   6    0.1085257436E+03
   1   6   7   1    0.6044825436E+03
   1   6   7   2    0.1131771967E+04
   1   6   7   3    0.1567282707E+03
   1   6   7   4    0.2385566938E+03
   1   6   7   5    0.7929776611E+02
   1   6   7   6    0.7929776547E+02
   1   6   8   1   -0.3817718159E+03
   1   6   8   2   -0.3187947743E+03
   1   6   8   3    0.1747104792E+03
   1   6   8   4    0.1047909334E+03
   1   6   8   5    0.7515638540E+02
   1   6   8   6    0.1890962797E+03
   1   7   1   1    0.0000000000E+00
   1   7   1   2    0.0000000000E+00
   1   7   1   3    0.0000000000E+00
   1   7   1   4    0.7329452314E+02
   1   7   1   5    0.6566304561E+02
   1   7   1   6    0.1342505258E+03
   1   7   2   1   -0.1830346681E+03
   1   7   2   2   -0.3376798567E+03
   1   7   2   3    0.2913436202E+03
   1   7   2   4    0.1747472164E+03
   1   7   2   5    0.1157623885E+03
   1   7   2   6    0.8065034777E+02
   1   7   3   1   -0.2314114743E+03
   1   7   3   2   -0.5050005643E+03
   1   7   3   3    0.1514658401E+03
   1   7   3   4    0.9084885373E+02
   1   7   3   5    0.1133620677E+03
   1   7   3   6    0.1644114467E+03
   1   7   4   1    0.7540698162E+03
   1   7   4   2    0.8215127472E+03
   1   7   4   3    0.1747936639E+03
   1   7   4   4    0.1839118680E+03
   1   7   4   5    0.1116967176E+03
   1   7   4   6    0.1116967197E+03
   1   7   5   1   -0.2164512014E+03
   1   7   5   2   -0.5169055712E+03
   1   7   5   3    0.1534471509E+03
   1   7   5   4    0.9203723930E+02
   1   7   5   5    0.1472790380E+03
   1   7   5   6    0.1293420347E+03
   1   7   6   1    0.4111518607E+03
   1   7   6   2    0.5402972653E+03
   1   7   6   3    0.1030640241E+03
   1   7   6   4    0.1135479597E+03
   1   7   6   5    0.2375490066E+03
   1   7   6   6    0.2375490077E+03
   1   7   7   1    0.1141634139E+04
   1   7   7   2    0.5903640478E+03
   1   7   7   3    0.2399329283E+03
   1   7   7   4    0.1543830188E+03
   1   7   7   5    0.8015656548E+02
   1   7   7   6    0.8015656585E+02
   1   7   8   1   -0.3531615325E+03
   1   7   8   2   -0.2429653613E+03
   1   7   8   3    0.2424394183E+03
   1   7   8   4    0.1454145914E+03
   1   7   8   5    0.1445213432E+03
   1   7   8   6    0.8033682537E+02
   1   8   1   1    0.0000000000E+00
   1   8   1   2    0.0000000000E+00
   1   8   1   3    0.0000000000E+00
   1   8   1   4    0.5070736136E+01
   1   8   1   5    0.5070871170E+01
   1   8   1   6    0.5070772701E+01
   1   8   2   1   -0.1800325637E+02
   1   8   2   2   -0.1800325080E+02
   1   8   2   3    0.1167442274E+02
   1   8   2   4    0.7002291233E+01
   1   8   2   5    0.6790776445E+01
   1   8   2   6    0.6790823952E+01
   1   8   3   1   -0.1800308817E+02
   1   8   3   2   -0.1800251644E+02
   1   8   3   3    0.1167500804E+02
   1   8   3   4    0.7002642293E+01
   1   8   3   5    0.6790776619E+01
   1   8   3   6    0.6790483335E+01
   1   8   4   1    0.3952455022E+02
   1   8   4   2    0.3952425479E+02
   1   8   4   3    0.8998355854E+01
   1   8   4   4    0.8998316805E+01
   1   8   4   5    0.7969705401E+01
   1   8   4   6    0.7969701379E+01
   1   8   5   1   -0.1800318111E+02
   1   8   5   2   -0.1800270257E+02
   1   8   5   3    0.1167482707E+02
   1   8   5   4    0.7002533744E+01
   1   8   5   5    0.6790688140E+01
   1   8   5   6    0.6790677080E+01
   1   8   6   1    0.3952476648E+02
   1   8   6   2    0.3952333020E+02
   1   8   6   3    0.8998314015E+01
   1   8   6   4    0.8998197384E+01
   1   8   6   5    0.7969847709E+01
   1   8   6   6    0.7969844727E+01
   1   8   7   1    0.3952340802E+02
   1   8   7   2    0.3952486366E+02
   1   8   7   3    0.8998162833E+01
   1   8   7   4    0.8998388407E+01
   1   8   7   5    0.7969812975E+01
   1   8   7   6    0.7969808888E+01
   1   8   8   1   -0.1800330993E+02
   1   8   8   2   -0.1800260363E+02
   1   8   8   3    0.1167480769E+02
   1   8   8   4    0.7002522123E+01
   1   8   8   5    0.6790664909E+01
   1   8   8   6    0.6790711580E+01
   2   1   1   1    0.0000000000E+00
   2   1   1   2    0.0000000000E+00
   2   1   1   3    0.0000000000E+00
   2   1   1   4    0.1710075379E+02
   2   1   1   5    0.7996101571E+01
   2   1   1   6    0.1168574204E+02
   2   1   2   1   -0.2797716527E+02
   2   1   2   2   -0.2797716666E+02
   2   1   2   3    0.4840074654E+02
   2   1   2   4    0.2903065364E+02
   2   1   2   5    0.1055294600E+02
   2   1   2   6    0.1055294392E+02
   2   1   3   1   -0.3348406234E+02
   2   1   3   2   -0.6394485082E+02
   2   1   3   3    0.2150487626E+02
   2   1   3   4    0.1289857407E+02
   2   1   3   5    0.1070575259E+02
   2   1   3   6    0.2604428705E+02
   2   1   4   1    0.7623813640E+02
   2   1   4   2    0.1148958654E+03
   2   1   4   3    0.1914405127E+02
   2   1   4   4    0.2437053524E+02
   2   1   4   5    0.1927048133E+02
   2   1   4   6    0.1927048071E+02
   2   1   5   1   -0.2877265886E+02
   2   1   5   2   -0.6865618486E+02
   2   1   5   3    0.2150492129E+02
   2   1   5   4    0.1289860108E+02
   2   1   5   5    0.2244024710E+02
   2   1   5   6    0.1430976634E+02
   2   1   6   1    0.6143678178E+02
   2   1   6   2    0.1296974358E+03
   2   1   6   3    0.1898664179E+02
   2   1   6   4    0.2452799385E+02
   2   1   6   5    0.1927043745E+02
   2   1   6   6    0.1927043758E+02
   2   1   7   1    0.1279585950E+03
   2   1   7   2    0.6317560096E+02
   2   1   7   3    0.2678405320E+02
   2   1   7   4    0.1673057753E+02
   2   1   7   5    0.1927044189E+02
   2   1   7   6    0.1927044182E+02
   2   1   8   1   -0.3916009212E+02
   2   1   8   2   -0.5826875574E+02
   2   1   8   3    0.2150491860E+02
   2   1   8   4    0.1289859947E+02
   2   1   8   5    0.2337414346E+02
   2   1   8   6    0.1337587154E+02
   2   2   1   1    0.0000000000E+00
   2   2   1   2    0.0000000000E+00
   2   2   1   3    0.0000000000E+00
   2   2   1   4    0.5024525836E+02
   2   2   1   5    0.2248607869E+02
   2   2   1   6    0.3373540858E+02
   2   2   2   1   -0.7857799870E+02
   2   2   2   2   -0.7857800222E+02
   2   2   2   3    0.1432100767E+03
   2   2   2   4    0.8589706627E+02
   2   2   2   5    0.2963950668E+02
   2   2   2   6    0.2963950071E+02
   2   2   3   1   -0.9536794064E+02
   2   2   3   2   -0.1882397005E+03
   2   2   3   3    0.6120739425E+02
   2   2   3   4    0.3671205074E+02
   2   2   3   5    0.3010539704E+02
   2   2   3   6    0.7687097903E+02
   2   2   4   1    0.2176857679E+03
   2   2   4   2    0.3355494083E+03
   2   2   4   3    0.5500871596E+02
   2   2   4   4    0.7094375568E+02
   2   2   4   5    0.5577808856E+02
   2   2   4   6    0.5577809318E+02
   2   2   5   1   -0.8100334311E+02
   2   2   5   2   -0.2026042475E+03
   2   2   5   3    0.6120742703E+02
   2   2   5   4    0.3671207040E+02
   2   2   5   5    0.6588272610E+02
   2   2   5   6    0.4109363089E+02
   2   2   6   1    0.1725578835E+03
   2   2   6   2    0.3806774237E+03
   2   2   6   3    0.5452875372E+02
   2   2   6   4    0.7142374775E+02
   2   2   6   5    0.5577806482E+02
   2   2   6   6    0.5577806406E+02
   2   2   7   1    0.3753759209E+03
   2   2   7   2    0.1778593642E+03
   2   2   7   3    0.7830224365E+02
   2   2   7   4    0.4765025278E+02
   2   2   7   5    0.5577806989E+02
   2   2   7   6    0.5577806792E+02
   2   2   8   1   -0.1126737307E+03
   2   2   8   2   -0.1709338592E+03
   2   2   8   3    0.6120742748E+02
   2   2   8   4    0.3671207067E+02
   2   2   8   5    0.6873007673E+02
   2   2   8   6    0.3824628001E+02
   2   3   1   1    0.0000000000E+00
   2   3   1   2    0.0000000000E+00
   2   3   1   3    0.0000000000E+00
   2   3   1   4    0.7088544537E+02
   2   3   1   5    0.1119462352E+03
   2   3   1   6    0.8928916947E+02
   2   3   2   1   -0.5581965981E+03
   2   3   2   2   -0.2412570711E+03
   2   3   2   3    0.1080807214E+03
   2   3   2   4    0.6482656182E+02
   2   3   2   5    0.1230833379E+03
   2   3   2   6    0.1784693848E+03
   2   3   3   1   -0.2453874210E+03
   2   3   3   2   -0.2388115700E+03
   2   3   3   3    0.3125203728E+03
   2   3   3   4    0.1874489827E+03
   2   3   3   5    0.1001912435E+03
   2   3   3   6    0.8244788835E+02
   2   3   4   1    0.5992741321E+03
   2   3   4   2    0.6076735282E+03
   2   3   4   3    0.1368222753E+03
   2   3   4   4    0.1379578679E+03
   2   3   4   5    0.1843206266E+03
   2   3   4   6    0.1843206300E+03
   2   3   5   1   -0.5404657697E+03
   2   3   5   2   -0.1803290947E+03
   2   3   5   3    0.1590902060E+03
   2   3   5   4    0.9542193040E+02
   2   3   5   5    0.1034619324E+03
   2   3   5   6    0.1684208073E+03
   2   3   6   1    0.1212096092E+04
   2   3   6   2    0.4481280951E+03
   2   3   6   3    0.2199969379E+03
   2   3   6   4    0.1579785575E+03
   2   3   6   5    0.9292048017E+02
   2   3   6   6    0.9292048166E+02
   2   3   7   1    0.5575521590E+03
   2   3   7   2    0.8173568604E+03
   2   3   7   3    0.1363504166E+03
   2   3   7   4    0.1766687057E+03
   2   3   7   5    0.1504523549E+03
   2   3   7   6    0.1504523564E+03
   2   3   8   1   -0.3652311695E+03
   2   3   8   2   -0.2066379989E+03
   2   3   8   3    0.2556670991E+03
   2   3   8   4    0.1533485232E+03
   2   3   8   5    0.9869209430E+02
   2   3   8   6    0.1170160967E+03
   2   4   1   1    0.0000000000E+00
   2   4   1   2    0.0000000000E+00
   2   4   1   3    0.0000000000E+00
   2   4   1   4    0.6217774636E+02
   2   4   1   5    0.1120728323E+03
   2   4   1   6    0.9787034714E+02
   2   4   2   1   -0.2412571168E+03
   2   4   2   2   -0.5581966789E+03
   2   4   2   3    0.1080808138E+03
   2   4   2   4    0.6482661726E+02
   2   4   2   5    0.1784694368E+03
   2   4   2   6    0.1230833336E+03
   2   4   3   1   -0.4990524105E+03
   2   4   3   2   -0.2013242801E+03
   2   4   3   3    0.1723313713E+03
   2   4   3   4    0.1033639502E+03
   2   4   3   5    0.1998349893E+03
   2   4   3   6    0.6434604598E+02
   2   4   4   1    0.1007849450E+04
   2   4   4   2    0.6132570505E+03
   2   4   4   3    0.2112091179E+03
   2   4   4   4    0.1578606363E+03
   2   4   4   5    0.1008084153E+03
   2   4   4   6    0.1008084189E+03
   2   4   5   1   -0.2510411279E+03
   2   4   5   2   -0.2127395131E+03
   2   4   5   3    0.3257616525E+03
   2   4   5   4    0.1953910710E+03
   2   4   5   5    0.7933599988E+02
   2   4   5   6    0.9560136099E+02
   2   4   6   1    0.5428936752E+03
   2   4   6   2    0.6249365379E+03
   2   4   6   3    0.1296071397E+03
   2   4   6   4    0.1362673168E+03
   2   4   6   5    0.1922085188E+03
   2   4   6   6    0.1922085136E+03
   2   4   7   1    0.5328834111E+03
   2   4   7   2    0.9202619234E+03
   2   4   7   3    0.1353573571E+03
   2   4   7   4    0.1954734621E+03
   2   4   7   5    0.1346766496E+03
   2   4   7   6    0.1346766518E+03
   2   4   8   1   -0.3225040480E+03
   2   4   8   2   -0.2902022351E+03
   2   4   8   3    0.2291847943E+03
   2   4   8   4    0.1374644992E+03
   2   4   8   5    0.7477620382E+02
   2   4   8   6    0.1563356854E+03
   2   5   1   1    0.0000000000E+00
   2   5   1   2    0.0000000000E+00
   2   5   1   3    0.0000000000E+00
   2   5   1   4    0.7159586257E+02
   2   5   1   5    0.5902459279E+02
   2   5   1   6    0.1234087745E+03
   2   5   2   1   -0.2588539697E+03
   2   5   2   2   -0.4710910625E+03
   2   5   2   3    0.1115030772E+03
   2   5   2   4    0.6687928278E+02
   2   5   2   5    0.2169432068E+03
   2   5   2   6    0.5839096248E+02
   2   5   3   1   -0.5208504396E+03
   2   5   3   2   -0.2381115074E+03
   2   5   3   3    0.9268588476E+02
   2   5   3   4    0.5559277512E+02
   2   5   3   5    0.2174160211E+03
   2   5   3   6    0.6886328485E+02
   2   5   4   1    0.1074514573E+04
   2   5   4   2    0.5406341716E+03
   2   5   4   3    0.2199467190E+03
   2   5   4   4    0.1477666608E+03
   2   5   4   5    0.7357496402E+02
   2   5   4   6    0.7357496568E+02
   2   5   5   1   -0.3020701533E+03
   2   5   5   2   -0.1800961410E+03
   2   5   5   3    0.2721852251E+03
   2   5   5   4    0.1632560562E+03
   2   5   5   5    0.5776758168E+02
   2   5   5   6    0.1241048200E+03
   2   5   6   1    0.6197474009E+03
   2   5   6   2    0.5881649763E+03
   2   5   6   3    0.1387818138E+03
   2   5   6   4    0.1362179620E+03
   2   5   6   5    0.1556914241E+03
   2   5   6   6    0.1556914267E+03
   2   5   7   1    0.6288060312E+03
   2   5   7   2    0.5081841817E+03
   2   5   7   3    0.1387860924E+03
   2   5   7   4    0.1200671651E+03
   2   5   7   5    0.1699924010E+03
   2   5   7   6    0.1699923998E+03
   2   5   8   1   -0.1641209979E+03
   2   5   8   2   -0.2698391733E+03
   2   5   8   3    0.3034464360E+03
   2   5   8   4    0.1820064568E+03
   2   5   8   5    0.5947222633E+02
   2   5   8   6    0.1042168981E+03
   2   6   1   1    0.0000000000E+00
   2   6   1   2    0.0000000000E+00
   2   6   1   3    0.0000000000E+00
   2   6   1   4    0.5771116351E+02
   2   6   1   5    0.1456159487E+03
   2   6   1   6    0.5070232787E+02
   2   6   2   1   -0.4710942648E+03
   2   6   2   2   -0.2588534676E+03
   2   6   2   3    0.1115018101E+03
   2   6   2   4    0.6687852276E+02
   2   6   2   5    0.5839062460E+02
   2   6   2   6    0.2169445632E+03
   2   6   3   1   -0.1635282967E+03
   2   6   3   2   -0.1942311345E+03
   2   6   3   3    0.3528623729E+03
   2   6   3   4    0.2116460192E+03
   2   6   3   5    0.5665329434E+02
   2   6   3   6    0.7829302551E+02
   2   6   4   1    0.4054308288E+03
   2   6   4   2    0.6194573240E+03
   2   6   4   3    0.1021976758E+03
   2   6   4   4    0.1311338287E+03
   2   6   4   5    0.1925973605E+03
   2   6   4   6    0.1925973462E+03
   2   6   5   1   -0.4212951571E+03
   2   6   5   2   -0.2132663456E+03
   2   6   5   3    0.1733588701E+03
   2   6   5   4    0.1039802415E+03
   2   6   5   5    0.1192105795E+03
   2   6   5   6    0.1201450658E+03
   2   6   6   1    0.9826736184E+03
   2   6   6   2    0.4494484223E+03
   2   6   6   3    0.1846656815E+03
   2   6   6   4    0.1413788624E+03
   2   6   6   5    0.1104813862E+03
   2   6   6   6    0.1104813994E+03
   2   6   7   1    0.4231963365E+03
   2   6   7   2    0.1079848082E+04
   2   6   7   3    0.1201436731E+03
   2   6   7   4    0.2220474377E+03
   2   6   7   5    0.9618036785E+02
   2   6   7   6    0.9618038181E+02
   2   6   8   1   -0.4732991106E+03
   2   6   8   2   -0.2094676578E+03
   2   6   8   3    0.1420982152E+03
   2   6   8   4    0.8523017438E+02
   2   6   8   5    0.1097786189E+03
   2   6   8   6    0.1477599801E+03
   2   7   1   1    0.0000000000E+00
   2   7   1   2    0.0000000000E+00
   2   7   1   3    0.0000000000E+00
   2   7   1   4    0.1443237164E+02
   2   7   1   5    0.2075519439E+01
   2   7   1   6    0.7083047195E+01
   2   7   2   1   -0.6810089737E+01
   2   7   2   2   -0.6810055042E+01
   2   7   2   3    0.4548218072E+02
   2   7   2   4    0.2728010474E+02
   2   7   2   5    0.2568713512E+01
   2   7   2   6    0.2568784632E+01
   2   7   3   1   -0.1428393152E+02
   2   7   3   2   -0.5562526309E+02
   2   7   3   3    0.8979268869E+01
   2   7   3   4    0.5385744294E+01
   2   7   3   5    0.2776105804E+01
   2   7   3   6    0.2359353735E+02
   2   7   4   1    0.3505978251E+02
   2   7   4   2    0.8752652758E+02
   2   7   4   3    0.1040760468E+02
   2   7   4   4    0.1750104865E+02
   2   7   4   5    0.1235927260E+02
   2   7   4   6    0.1235927635E+02
   2   7   5   1   -0.7889656168E+01
   2   7   5   2   -0.6201979646E+02
   2   7   5   3    0.8979101546E+01
   2   7   5   4    0.5385643934E+01
   2   7   5   5    0.1870230247E+02
   2   7   5   6    0.7667438011E+01
   2   7   6   1    0.1497141930E+02
   2   7   6   2    0.1076144403E+03
   2   7   6   3    0.1019393163E+02
   2   7   6   4    0.1771461915E+02
   2   7   6   5    0.1235937312E+02
   2   7   6   6    0.1235935750E+02
   2   7   7   1    0.1052545036E+03
   2   7   7   2    0.1733150427E+02
   2   7   7   3    0.2077654043E+02
   2   7   7   4    0.7132044084E+01
   2   7   7   5    0.1235934068E+02
   2   7   7   6    0.1235933017E+02
   2   7   8   1   -0.2198783868E+02
   2   7   8   2   -0.4792166500E+02
   2   7   8   3    0.8979068437E+01
   2   7   8   4    0.5385624075E+01
   2   7   8   5    0.1996977779E+02
   2   7   8   6    0.6399981951E+01
   2   8   1   1    0.0000000000E+00
   2   8   1   2    0.0000000000E+00
   2   8   1   3    0.0000000000E+00
   2   8   1   4    0.1440259006E+03
   2   8   1   5    0.4873359088E+02
   2   8   1   6    0.8735039328E+02
   2   8   2   1   -0.1687120683E+03
   2   8   2   2   -0.1687119592E+03
   2   8   2   3    0.4260961305E+03
   2   8   2   4    0.2555714543E+03
   2   8   2   5    0.6363782801E+02
   2   8   2   6    0.6363800814E+02
   2   8   3   1   -0.2263486129E+03
   2   8   3   2   -0.5451606769E+03
   2   8   3   3    0.1445959789E+03
   2   8   3   4    0.8672832716E+02
   2   8   3   5    0.6523715384E+02
   2   8   3   6    0.2257749910E+03
   2   8   4   1    0.5254676001E+03
   2   8   4   2    0.9300734557E+03
   2   8   4   3    0.1383369857E+03
   2   8   4   4    0.1930392562E+03
   2   8   4   5    0.1467498514E+03
   2   8   4   6    0.1467498476E+03
   2   8   5   1   -0.1770376702E+03
   2   8   5   2   -0.5944722377E+03
   2   8   5   3    0.1445955781E+03
   2   8   5   4    0.8672808680E+02
   2   8   5   5    0.1880546351E+03
   2   8   5   6    0.1029577427E+03
   2   8   6   1    0.3705518713E+03
   2   8   6   2    0.1084988228E+04
   2   8   6   3    0.1366892882E+03
   2   8   6   4    0.1946867360E+03
   2   8   6   5    0.1467500432E+03
   2   8   6   6    0.1467500414E+03
   2   8   7   1    0.1066789177E+04
   2   8   7   2    0.3887512717E+03
   2   8   7   3    0.2182993703E+03
   2   8   7   4    0.1130767333E+03
   2   8   7   5    0.1467499663E+03
   2   8   7   6    0.1467499776E+03
   2   8   8   1   -0.2857572069E+03
   2   8   8   2   -0.4857528155E+03
   2   8   8   3    0.1445955039E+03
   2   8   8   4    0.8672804225E+02
   2   8   8   5    0.1978290599E+03
   2   8   8   6    0.9318336119E+02
   3   1   1   1    0.0000000000E+00
   3   1   1   2    0.0000000000E+00
   3   1   1   3    0.0000000000E+00
   3   1   1   4    0.1817819918E+02
   3   1   1   5    0.3559045678E+02
   3   1   1   6    0.2558445660E+02
   3   1   2   1   -0.1173185116E+03
   3   1   2   2   -0.6685024417E+02
   3   1   2   3    0.6326735440E+02
   3   1   2   4    0.3794761030E+02
   3   1   2   5    0.2031030102E+02
   3   1   2   6    0.4915787632E+02
   3   1   3   1   -0.6112707093E+02
   3   1   3   2   -0.1230418037E+03
   3   1   3   3    0.6326727728E+02
   3   1   3   4    0.3794756405E+02
   3   1   3   5    0.1914552646E+02
   3   1   3   6    0.5032269574E+02
   3   1   4   1    0.1148429143E+03
   3   1   4   2    0.1284550290E+03
   3   1   4   3    0.2677507094E+02
   3   1   4   4    0.2861543639E+02
   3   1   4   5    0.7080287506E+02
   3   1   4   6    0.8051758425E+02
   3   1   5   1   -0.1207700711E+03
   3   1   5   2   -0.7070074207E+02
   3   1   5   3    0.5853203983E+02
   3   1   5   4    0.3510737979E+02
   3   1   5   5    0.2296983793E+02
   3   1   5   6    0.4925266449E+02
   3   1   6   1    0.2481349312E+03
   3   1   6   2    0.2487323411E+03
   3   1   6   3    0.5870018663E+02
   3   1   6   4    0.5441926585E+02
   3   1   6   5    0.2373046114E+02
   3   1   6   6    0.2532891703E+02
   3   1   7   1    0.2452501782E+03
   3   1   7   2    0.2516170584E+03
   3   1   7   3    0.5481222639E+02
   3   1   7   4    0.5830721796E+02
   3   1   7   5    0.2373048197E+02
   3   1   7   6    0.2532891060E+02
   3   1   8   1   -0.7697745504E+02
   3   1   8   2   -0.1144933559E+03
   3   1   8   3    0.5853204128E+02
   3   1   8   4    0.3510738066E+02
   3   1   8   5    0.2315529858E+02
   3   1   8   6    0.4906720299E+02
   3   2   1   1    0.0000000000E+00
   3   2   1   2    0.0000000000E+00
   3   2   1   3    0.0000000000E+00
   3   2   1   4    0.1650848036E+02
   3   2   1   5    0.3559045420E+02
   3   2   1   6    0.2725418212E+02
   3   2   2   1   -0.1165980520E+03
   3   2   2   2   -0.7487264892E+02
   3   2   2   3    0.5853212165E+02
   3   2   2   4    0.3510742822E+02
   3   2   2   5    0.2418614672E+02
   3   2   2   6    0.4803631452E+02
   3   2   3   1   -0.7014093693E+02
   3   2   3   2   -0.1213299120E+03
   3   2   3   3    0.5853202563E+02
   3   2   3   4    0.3510737063E+02
   3   2   3   5    0.2322315172E+02
   3   2   3   6    0.4899936537E+02
   3   2   4   1    0.1284549623E+03
   3   2   4   2    0.1148430161E+03
   3   2   4   3    0.2861542932E+02
   3   2   4   4    0.2677508681E+02
   3   2   4   5    0.8051758255E+02
   3   2   4   6    0.7080287485E+02
   3   2   5   1   -0.1223646869E+03
   3   2   5   2   -0.6180418364E+02
   3   2   5   3    0.6326728899E+02
   3   2   5   4    0.3794757042E+02
   3   2   5   5    0.1883913708E+02
   3   2   5   6    0.5062908472E+02
   3   2   6   1    0.2487321288E+03
   3   2   6   2    0.2481351505E+03
   3   2   6   3    0.5441924485E+02
   3   2   6   4    0.5870021209E+02
   3   2   6   5    0.2532892052E+02
   3   2   6   6    0.2373046524E+02
   3   2   7   1    0.2516172659E+03
   3   2   7   2    0.2452499784E+03
   3   2   7   3    0.5830725810E+02
   3   2   7   4    0.5481219089E+02
   3   2   7   5    0.2532891402E+02
   3   2   7   6    0.2373048582E+02
   3   2   8   1   -0.6939607245E+02
   3   2   8   2   -0.1147727945E+03
   3   2   8   3    0.6326729131E+02
   3   2   8   4    0.3794757181E+02
   3   2   8   5    0.1906345788E+02
   3   2   8   6    0.5040476256E+02
   3   3   1   1    0.0000000000E+00
   3   3   1   2    0.0000000000E+00
   3   3   1   3    0.0000000000E+00
   3   3   1   4    0.8859899768E+02
   3   3   1   5    0.5787957990E+02
   3   3   1   6    0.7586864524E+02
   3   3   2   1   -0.2214578442E+03
   3   3   2   2   -0.3122317782E+03
   3   3   2   3    0.1658296110E+03
   3   3   2   4    0.9946420961E+02
   3   3   2   5    0.1265965907E+03
   3   3   2   6    0.7471033289E+02
   3   3   3   1   -0.3225257977E+03
   3   3   3   2   -0.2111642891E+03
   3   3   3   3    0.1658293098E+03
   3   3   3   4    0.9946402898E+02
   3   3   3   5    0.1286915944E+03
   3   3   3   6    0.7261550434E+02
   3   3   4   1    0.5974739657E+03
   3   3   4   2    0.8582221964E+03
   3   3   4   3    0.2050836848E+03
   3   3   4   4    0.1263278693E+03
   3   3   4   5    0.5593275921E+02
   3   3   4   6    0.5593275837E+02
   3   3   5   1   -0.2156221337E+03
   3   3   5   2   -0.3032293091E+03
   3   3   5   3    0.1754520289E+03
   3   3   5   4    0.1052357132E+03
   3   3   5   5    0.1208486554E+03
   3   3   5   6    0.7486132918E+02
   3   3   6   1    0.5052115915E+03
   3   3   6   2    0.5000212871E+03
   3   3   6   3    0.9582320456E+02
   3   3   6   4    0.1330334663E+03
   3   3   6   5    0.1820393876E+03
   3   3   6   6    0.1114918899E+03
   3   3   7   1    0.4749451219E+03
   3   3   7   2    0.5302876527E+03
   3   3   7   3    0.9923878322E+02
   3   3   7   4    0.1296178820E+03
   3   3   7   5    0.1114920497E+03
   3   3   7   6    0.1820392536E+03
   3   3   8   1   -0.2922464278E+03
   3   3   8   2   -0.2266050025E+03
   3   3   8   3    0.1754520370E+03
   3   3   8   4    0.1052357181E+03
   3   3   8   5    0.1205241700E+03
   3   3   8   6    0.7518580985E+02
   3   4   1   1    0.0000000000E+00
   3   4   1   2    0.0000000000E+00
   3   4   1   3    0.0000000000E+00
   3   4   1   4    0.9199210046E+02
   3   4   1   5    0.5787957455E+02
   3   4   1   6    0.7247555554E+02
   3   4   2   1   -0.2229218685E+03
   3   4   2   2   -0.2959292244E+03
   3   4   2   3    0.1754522736E+03
   3   4   2   4    0.1052358600E+03
   3   4   2   5    0.1187203799E+03
   3   4   2   6    0.7698947267E+02
   3   4   3   1   -0.3042084822E+03
   3   4   3   2   -0.2146431396E+03
   3   4   3   3    0.1754519306E+03
   3   4   3   4    0.1052356542E+03
   3   4   3   5    0.1204053422E+03
   3   4   3   6    0.7530470987E+02
   3   4   4   1    0.8582220471E+03
   3   4   4   2    0.5974741754E+03
   3   4   4   3    0.1263278511E+03
   3   4   4   4    0.2050837169E+03
   3   4   4   5    0.5593275913E+02
   3   4   4   6    0.5593275838E+02
   3   4   5   1   -0.2123816344E+03
   3   4   5   2   -0.3213083399E+03
   3   4   5   3    0.1658294006E+03
   3   4   5   4    0.9946408342E+02
   3   4   5   5    0.1292427892E+03
   3   4   5   6    0.7206426715E+02
   3   4   6   1    0.5000204900E+03
   3   4   6   2    0.5052123930E+03
   3   4   6   3    0.1330334231E+03
   3   4   6   4    0.9582326681E+02
   3   4   6   5    0.1114918957E+03
   3   4   6   6    0.1820393883E+03
   3   4   7   1    0.5302884870E+03
   3   4   7   2    0.4749443433E+03
   3   4   7   3    0.1296179927E+03
   3   4   7   4    0.9923866725E+02
   3   4   7   5    0.1820392661E+03
   3   4   7   6    0.1114920551E+03
   3   4   8   1   -0.3076527664E+03
   3   4   8   2   -0.2260372001E+03
   3   4   8   3    0.1658294056E+03
   3   4   8   4    0.9946408647E+02
   3   4   8   5    0.1288393386E+03
   3   4   8   6    0.7246771481E+02
   3   5   1   1    0.0000000000E+00
   3   5   1   2    0.0000000000E+00
   3   5   1   3    0.0000000000E+00
   3   5   1   4    0.3443296794E+01
   3   5   1   5    0.1935958780E+02
   3   5   1   6    0.1359657280E+02
   3   5   2   1   -0.6065862387E+02
   3   5   2   2   -0.3200490997E+02
   3   5   2   3    0.2371305493E+02
   3   5   2   4    0.1422303437E+02
   3   5   2   5    0.9287043587E+01
   3   5   2   6    0.2566550224E+02
   3   5   3   1   -0.2875533293E+02
   3   5   3   2   -0.6390713705E+02
   3   5   3   3    0.2371374483E+02
   3   5   3   4    0.1422344817E+02
   3   5   3   5    0.8625732724E+01
   3   5   3   6    0.2632641182E+02
   3   5   4   1    0.3987679655E+02
   3   5   4   2    0.1560583864E+02
   3   5   4   3    0.7956266144E+01
   3   5   4   4    0.4675206591E+01
   3   5   4   5    0.4715495139E+02
   3   5   4   6    0.4488800727E+02
   3   5   5   1   -0.6636667895E+02
   3   5   5   2   -0.1327708566E+02
   3   5   5   3    0.3215625107E+02
   3   5   5   4    0.1928724351E+02
   3   5   5   5    0.1086800363E+01
   3   5   5   6    0.2895470808E+02
   3   5   6   1    0.1280684791E+03
   3   5   6   2    0.1279049202E+03
   3   5   6   3    0.2855822547E+02
   3   5   6   4    0.2971804450E+02
   3   5   6   5    0.5627543222E+01
   3   5   6   6    0.5560200688E+01
   3   5   7   1    0.1288487472E+03
   3   5   7   2    0.1271248782E+03
   3   5   7   3    0.2961162973E+02
   3   5   7   4    0.2866469171E+02
   3   5   7   5    0.5627713052E+01
   3   5   7   6    0.5559939686E+01
   3   5   8   1   -0.1993313651E+02
   3   5   8   2   -0.5971063545E+02
   3   5   8   3    0.3215624631E+02
   3   5   8   4    0.1928724065E+02
   3   5   8   5    0.1283414969E+01
   3   5   8   6    0.2875809624E+02
   3   6   1   1    0.0000000000E+00
   3   6   1   2    0.0000000000E+00
   3   6   1   3    0.0000000000E+00
   3   6   1   4    0.6420386386E+01
   3   6   1   5    0.1935954973E+02
   3   6   1   6    0.1061960271E+02
   3   6   2   1   -0.6194299114E+02
   3   6   2   2   -0.1770150868E+02
   3   6   2   3    0.3215596187E+02
   3   6   2   4    0.1928707016E+02
   3   6   2   5    0.2376687330E+01
   3   6   2   6    0.2766509821E+02
   3   6   3   1   -0.1268431894E+02
   3   6   3   2   -0.6695965904E+02
   3   6   3   3    0.3215630028E+02
   3   6   3   4    0.1928727314E+02
   3   6   3   5    0.1355624273E+01
   3   6   3   6    0.2868596443E+02
   3   6   4   1    0.1560666952E+02
   3   6   4   2    0.3987659376E+02
   3   6   4   3    0.4675348195E+01
   3   6   4   4    0.7956267498E+01
   3   6   4   5    0.4488800820E+02
   3   6   4   6    0.4715495317E+02
   3   6   5   1   -0.6352345206E+02
   3   6   5   2   -0.2913945395E+02
   3   6   5   3    0.2371364964E+02
   3   6   5   4    0.1422339120E+02
   3   6   5   5    0.8451662415E+01
   3   6   5   6    0.2650064638E+02
   3   6   6   1    0.1279063606E+03
   3   6   6   2    0.1280673604E+03
   3   6   6   3    0.2971818020E+02
   3   6   6   4    0.2855816241E+02
   3   6   6   5    0.5560264446E+01
   3   6   6   6    0.5627606246E+01
   3   6   7   1    0.1271237697E+03
   3   6   7   2    0.1288501781E+03
   3   6   7   3    0.2866453586E+02
   3   6   7   4    0.2961185838E+02
   3   6   7   5    0.5560002987E+01
   3   6   7   6    0.5627776236E+01
   3   6   8   1   -0.3345021965E+02
   3   6   8   2   -0.5921270904E+02
   3   6   8   3    0.2371363494E+02
   3   6   8   4    0.1422338238E+02
   3   6   8   5    0.8579005499E+01
   3   6   8   6    0.2637331185E+02
   3   7   1   1    0.0000000000E+00
   3   7   1   2    0.0000000000E+00
   3   7   1   3    0.0000000000E+00
   3   7   1   4    0.2289726121E+03
   3   7   1   5    0.1420152824E+03
   3   7   1   6    0.1573352020E+03
   3   7   2   1   -0.5474149740E+03
   3   7   2   2   -0.6204540664E+03
   3   7   2   3    0.4590353907E+03
   3   7   2   4    0.2753283449E+03
   3   7   2   5    0.2411337173E+03
   3   7   2   6    0.1993847298E+03
   3   7   3   1   -0.6287366516E+03
   3   7   3   2   -0.5391314451E+03
   3   7   3   3    0.4590360026E+03
   3   7   3   4    0.2753287119E+03
   3   7   3   5    0.2428194090E+03
   3   7   3   6    0.1976986821E+03
   3   7   4   1    0.2064496891E+04
   3   7   4   2    0.1311426262E+04
   3   7   4   3    0.2254748529E+03
   3   7   4   4    0.5431058222E+03
   3   7   4   5    0.1496355133E+03
   3   7   4   6    0.1496355116E+03
   3   7   5   1   -0.5040296520E+03
   3   7   5   2   -0.8290634082E+03
   3   7   5   3    0.3518891899E+03
   3   7   5   4    0.2110623063E+03
   3   7   5   5    0.3367301448E+03
   3   7   5   6    0.1661105543E+03
   3   7   6   1    0.1205472601E+04
   3   7   6   2    0.1224569301E+04
   3   7   6   3    0.3450677565E+03
   3   7   6   4    0.2081685797E+03
   3   7   6   5    0.2105919337E+03
   3   7   6   6    0.4701401824E+03
   3   7   7   1    0.1316825934E+04
   3   7   7   2    0.1113216281E+04
   3   7   7   3    0.3325014572E+03
   3   7   7   4    0.2207348841E+03
   3   7   7   5    0.4701401293E+03
   3   7   7   6    0.2105919192E+03
   3   7   8   1   -0.7883171376E+03
   3   7   8   2   -0.5447759377E+03
   3   7   8   3    0.3518891801E+03
   3   7   8   4    0.2110623005E+03
   3   7   8   5    0.3355261918E+03
   3   7   8   6    0.1673145130E+03
   3   8   1   1    0.0000000000E+00
   3   8   1   2    0.0000000000E+00
   3   8   1   3    0.0000000000E+00
   3   8   1   4    0.1911909355E+03
   3   8   1   5    0.1420152930E+03
   3   8   1   6    0.1951168489E+03
   3   8   2   1   -0.5311130391E+03
   3   8   2   2   -0.8019809618E+03
   3   8   2   3    0.3518885359E+03
   3   8   2   4    0.2110619140E+03
   3   8   2   5    0.3288343496E+03
   3   8   2   6    0.1740067043E+03
   3   8   3   1   -0.8326977278E+03
   3   8   3   2   -0.5003952000E+03
   3   8   3   3    0.3518892317E+03
   3   8   3   4    0.2110623314E+03
   3   8   3   5    0.3350858044E+03
   3   8   3   6    0.1677548448E+03
   3   8   4   1    0.1311427003E+04
   3   8   4   2    0.2064496005E+04
   3   8   4   3    0.5431059196E+03
   3   8   4   4    0.2254747224E+03
   3   8   4   5    0.1496355139E+03
   3   8   4   6    0.1496355095E+03
   3   8   5   1   -0.5401120259E+03
   3   8   5   2   -0.6277560480E+03
   3   8   5   3    0.4590359733E+03
   3   8   5   4    0.2753286944E+03
   3   8   5   5    0.2432626031E+03
   3   8   5   6    0.1972554794E+03
   3   8   6   1    0.1224570960E+04
   3   8   6   2    0.1205470985E+04
   3   8   6   3    0.2081687092E+03
   3   8   6   4    0.3450675709E+03
   3   8   6   5    0.4701401848E+03
   3   8   6   6    0.2105919119E+03
   3   8   7   1    0.1113214610E+04
   3   8   7   2    0.1316827407E+04
   3   8   7   3    0.2207346243E+03
   3   8   7   4    0.3325017382E+03
   3   8   7   5    0.2105919068E+03
   3   8   7   6    0.4701401024E+03
   3   8   8   1   -0.6167694706E+03
   3   8   8   2   -0.5510986182E+03
   3   8   8   3    0.4590359636E+03
   3   8   8   4    0.2753286885E+03
   3   8   8   5    0.2429379379E+03
   3   8   8   6    0.1975801502E+03
