Dynamical matrix file
                                                                           
  1    2  2  6.7034255  0.0000000  0.0000000  0.0000000  0.0000000  0.0000000
           1  'C   '    10947.3567922507     
    1    1      0.0000000000      0.0000000000      0.0000000000
    2    1     -0.2500000000      0.2500000000      0.2500000000

     Dynamical  Matrix in cartesian axes

     q = (    0.000000000   0.000000000   0.000000000 ) 

    1    1
  0.78673451  0.00000000    0.00000000  0.00000000   -0.00000000  0.00000000
 -0.00000000  0.00000000    0.78673451  0.00000000   -0.00000000  0.00000000
 -0.00000000  0.00000000   -0.00000000  0.00000000    0.78673451  0.00000000
    1    2
 -0.87507565  0.00000000    0.00000000  0.00000000   -0.00000000  0.00000000
  0.00000000  0.00000000   -0.87507565  0.00000000   -0.00000000  0.00000000
 -0.00000000  0.00000000   -0.00000000  0.00000000   -0.87507565  0.00000000
    2    1
 -0.87507565  0.00000000   -0.00000000  0.00000000    0.00000000  0.00000000
  0.00000000  0.00000000   -0.87507565  0.00000000    0.00000000  0.00000000
  0.00000000  0.00000000    0.00000000  0.00000000   -0.87507565  0.00000000
    2    2
  0.78676851  0.00000000   -0.00000000  0.00000000    0.00000000  0.00000000
 -0.00000000  0.00000000    0.78676851  0.00000000    0.00000000  0.00000000
 -0.00000000  0.00000000    0.00000000  0.00000000    0.78676851  0.00000000

     Dielectric Tensor:

          9.273549229370         -0.000000000000         -0.000000000000
         -0.000000000000          9.273549229370         -0.000000000000
         -0.000000000000         -0.000000000000          9.273549229370

     Effective Charges E-U: Z_{alpha}{s,beta}

     atom #    1
         -0.895151916526         -0.000000000000          0.000000000000
         -0.000000000000         -0.895151916526         -0.000000000000
          0.000000000000         -0.000000000000         -0.895151916526
     atom #    2
         -0.895190391184          0.000000000000         -0.000000000000
          0.000000000000         -0.895190391184          0.000000000000
         -0.000000000000          0.000000000000         -0.895190391184

     Diagonalizing the dynamical matrix

     q = (    0.000000000   0.000000000   0.000000000 ) 

 **************************************************************************
     freq (    1) =      -0.000000 [THz] =      -0.000010 [cm-1]
 ( -0.294253  0.000000 -0.637774  0.000000  0.081605  0.000000 ) 
 ( -0.294253  0.000000 -0.637774  0.000000  0.081605  0.000000 ) 
     freq (    2) =      -0.000000 [THz] =      -0.000002 [cm-1]
 (  0.000641  0.000000  0.089454  0.000000  0.701425  0.000000 ) 
 (  0.000641  0.000000  0.089454  0.000000  0.701425  0.000000 ) 
     freq (    3) =       0.000001 [THz] =       0.000021 [cm-1]
 (  0.642974  0.000000 -0.291962  0.000000  0.036647  0.000000 ) 
 (  0.642974  0.000000 -0.291962  0.000000  0.036647  0.000000 ) 
     freq (    4) =      41.596635 [THz] =    1387.514379 [cm-1]
 ( -0.527040  0.000000 -0.471412  0.000000 -0.000000  0.000000 ) 
 (  0.527040  0.000000  0.471412  0.000000 -0.000000  0.000000 ) 
     freq (    5) =      41.596635 [THz] =    1387.514379 [cm-1]
 (  0.000000  0.000000 -0.000000  0.000000 -0.707107  0.000000 ) 
 ( -0.000000  0.000000  0.000000  0.000000  0.707107  0.000000 ) 
     freq (    6) =      41.596635 [THz] =    1387.514379 [cm-1]
 (  0.471412  0.000000 -0.527040  0.000000  0.000000  0.000000 ) 
 ( -0.471412  0.000000  0.527040  0.000000  0.000000  0.000000 ) 
 **************************************************************************
