Dynamical matrix file
                                                                           
  1    2  2  6.7034255  0.0000000  0.0000000  0.0000000  0.0000000  0.0000000
           1  'C   '    10947.3567922507     
    1    1      0.0000000000      0.0000000000      0.0000000000
    2    1     -0.2500000000      0.2500000000      0.2500000000

     Dynamical  Matrix in cartesian axes

     q = (    0.666666667   0.000000000   0.666666667 ) 

    1    1
  0.80930217  0.00000000   -0.00000000 -0.07477641    0.09112584  0.00000000
  0.00000000  0.07477641    1.00215395  0.00000000    0.00000000  0.07477641
  0.09112584  0.00000000   -0.00000000 -0.07477641    0.80930217  0.00000000
    1    2
 -0.21698444  0.00000000   -0.00000000  0.04418909    0.11176350  0.00000000
  0.00000000  0.04418915   -0.22614372  0.00000000    0.00000000  0.04418915
  0.11176350  0.00000000    0.00000000  0.04418909   -0.21698444  0.00000000
    2    1
 -0.21698444  0.00000000   -0.00000000 -0.04418915    0.11176350  0.00000000
  0.00000000 -0.04418909   -0.22614372  0.00000000    0.00000000 -0.04418909
  0.11176350  0.00000000    0.00000000 -0.04418915   -0.21698444  0.00000000
    2    2
  0.80933905  0.00000000    0.00000000  0.07477812    0.09112660  0.00000000
 -0.00000000 -0.07477812    1.00219080  0.00000000   -0.00000000 -0.07477812
  0.09112660  0.00000000   -0.00000000  0.07477812    0.80933905  0.00000000

     Dynamical  Matrix in cartesian axes

     q = (   -0.666666667   0.000000000  -0.666666667 ) 

    1    1
  0.80930217  0.00000000   -0.00000000  0.07477641    0.09112584  0.00000000
  0.00000000 -0.07477641    1.00215395  0.00000000    0.00000000 -0.07477641
  0.09112584  0.00000000   -0.00000000  0.07477641    0.80930217  0.00000000
    1    2
 -0.21698444  0.00000000   -0.00000000 -0.04418909    0.11176350  0.00000000
  0.00000000 -0.04418915   -0.22614372  0.00000000    0.00000000 -0.04418915
  0.11176350  0.00000000    0.00000000 -0.04418909   -0.21698444  0.00000000
    2    1
 -0.21698444  0.00000000   -0.00000000  0.04418915    0.11176350  0.00000000
  0.00000000  0.04418909   -0.22614372  0.00000000    0.00000000  0.04418909
  0.11176350  0.00000000    0.00000000  0.04418915   -0.21698444  0.00000000
    2    2
  0.80933905  0.00000000    0.00000000 -0.07477812    0.09112660  0.00000000
 -0.00000000  0.07477812    1.00219080  0.00000000   -0.00000000  0.07477812
  0.09112660  0.00000000   -0.00000000 -0.07477812    0.80933905  0.00000000

     Dynamical  Matrix in cartesian axes

     q = (    0.000000000  -0.666666667   0.666666667 ) 

    1    1
  1.00215395  0.00000000    0.00000000  0.07477641   -0.00000000 -0.07477641
 -0.00000000 -0.07477641    0.80930217  0.00000000   -0.09112584  0.00000000
  0.00000000  0.07477641   -0.09112584  0.00000000    0.80930217  0.00000000
    1    2
 -0.22614372  0.00000000    0.00000000  0.04418915    0.00000000 -0.04418915
 -0.00000000  0.04418909   -0.21698444  0.00000000   -0.11176350  0.00000000
  0.00000000 -0.04418909   -0.11176350  0.00000000   -0.21698444  0.00000000
    2    1
 -0.22614372  0.00000000    0.00000000 -0.04418909    0.00000000  0.04418909
 -0.00000000 -0.04418915   -0.21698444  0.00000000   -0.11176350  0.00000000
  0.00000000  0.04418915   -0.11176350  0.00000000   -0.21698444  0.00000000
    2    2
  1.00219080  0.00000000    0.00000000 -0.07477812    0.00000000  0.07477812
  0.00000000  0.07477812    0.80933905  0.00000000   -0.09112660  0.00000000
 -0.00000000 -0.07477812   -0.09112660  0.00000000    0.80933905  0.00000000

     Dynamical  Matrix in cartesian axes

     q = (    0.666666667  -0.666666667   0.000000000 ) 

    1    1
  0.80930217  0.00000000   -0.09112584  0.00000000    0.00000000  0.07477641
 -0.09112584  0.00000000    0.80930217  0.00000000    0.00000000 -0.07477641
 -0.00000000 -0.07477641   -0.00000000  0.07477641    1.00215395  0.00000000
    1    2
  0.10849222 -0.18791404    0.05588175 -0.09679003    0.03826888  0.02209455
  0.05588175 -0.09679003    0.10849222 -0.18791404   -0.03826888 -0.02209455
  0.03826893  0.02209458   -0.03826893 -0.02209458    0.11307186 -0.19584620
    2    1
  0.10849222  0.18791404    0.05588175  0.09679003    0.03826893 -0.02209458
  0.05588175  0.09679003    0.10849222  0.18791404   -0.03826893  0.02209458
  0.03826888 -0.02209455   -0.03826888  0.02209455    0.11307186  0.19584620
    2    2
  0.80933905  0.00000000   -0.09112660  0.00000000    0.00000000 -0.07477812
 -0.09112660  0.00000000    0.80933905  0.00000000   -0.00000000  0.07477812
  0.00000000  0.07477812    0.00000000 -0.07477812    1.00219080  0.00000000

     Dynamical  Matrix in cartesian axes

     q = (    0.000000000  -0.666666667  -0.666666667 ) 

    1    1
  1.00215395  0.00000000    0.00000000 -0.07477641   -0.00000000 -0.07477641
  0.00000000  0.07477641    0.80930217  0.00000000    0.09112584  0.00000000
  0.00000000  0.07477641    0.09112584  0.00000000    0.80930217  0.00000000
    1    2
  0.11307186 -0.19584620    0.03826893  0.02209458    0.03826893  0.02209458
  0.03826888  0.02209455    0.10849222 -0.18791404   -0.05588175  0.09679003
  0.03826888  0.02209455   -0.05588175  0.09679003    0.10849222 -0.18791404
    2    1
  0.11307186  0.19584620    0.03826888 -0.02209455    0.03826888 -0.02209455
  0.03826893 -0.02209458    0.10849222  0.18791404   -0.05588175 -0.09679003
  0.03826893 -0.02209458   -0.05588175 -0.09679003    0.10849222  0.18791404
    2    2
  1.00219080  0.00000000    0.00000000  0.07477812    0.00000000  0.07477812
 -0.00000000 -0.07477812    0.80933905  0.00000000    0.09112660  0.00000000
  0.00000000 -0.07477812    0.09112660  0.00000000    0.80933905  0.00000000

     Dynamical  Matrix in cartesian axes

     q = (   -0.666666667   0.000000000   0.666666667 ) 

    1    1
  0.80930217  0.00000000    0.00000000 -0.07477641   -0.09112584  0.00000000
  0.00000000  0.07477641    1.00215395  0.00000000    0.00000000 -0.07477641
 -0.09112584  0.00000000    0.00000000  0.07477641    0.80930217  0.00000000
    1    2
  0.10849222  0.18791404    0.03826888 -0.02209455    0.05588175  0.09679003
  0.03826893 -0.02209458    0.11307186  0.19584620   -0.03826893  0.02209458
  0.05588175  0.09679003   -0.03826888  0.02209455    0.10849222  0.18791404
    2    1
  0.10849222 -0.18791404    0.03826893  0.02209458    0.05588175 -0.09679003
  0.03826888  0.02209455    0.11307186 -0.19584620   -0.03826888 -0.02209455
  0.05588175 -0.09679003   -0.03826893 -0.02209458    0.10849222 -0.18791404
    2    2
  0.80933905  0.00000000   -0.00000000  0.07477812   -0.09112660  0.00000000
  0.00000000 -0.07477812    1.00219080  0.00000000    0.00000000  0.07477812
 -0.09112660  0.00000000    0.00000000 -0.07477812    0.80933905  0.00000000

     Dynamical  Matrix in cartesian axes

     q = (    0.666666667   0.666666667   0.000000000 ) 

    1    1
  0.80930217  0.00000000    0.09112584  0.00000000    0.00000000 -0.07477641
  0.09112584  0.00000000    0.80930217  0.00000000    0.00000000 -0.07477641
 -0.00000000  0.07477641   -0.00000000  0.07477641    1.00215395  0.00000000
    1    2
 -0.21698444  0.00000000    0.11176350  0.00000000    0.00000000  0.04418909
  0.11176350  0.00000000   -0.21698444  0.00000000    0.00000000  0.04418909
  0.00000000  0.04418915    0.00000000  0.04418915   -0.22614372  0.00000000
    2    1
 -0.21698444  0.00000000    0.11176350  0.00000000    0.00000000 -0.04418915
  0.11176350  0.00000000   -0.21698444  0.00000000    0.00000000 -0.04418915
  0.00000000 -0.04418909    0.00000000 -0.04418909   -0.22614372  0.00000000
    2    2
  0.80933905  0.00000000    0.09112660  0.00000000   -0.00000000  0.07477812
  0.09112660  0.00000000    0.80933905  0.00000000    0.00000000  0.07477812
  0.00000000 -0.07477812    0.00000000 -0.07477812    1.00219080  0.00000000

     Dynamical  Matrix in cartesian axes

     q = (   -0.666666667  -0.666666667   0.000000000 ) 

    1    1
  0.80930217  0.00000000    0.09112584  0.00000000    0.00000000  0.07477641
  0.09112584  0.00000000    0.80930217  0.00000000    0.00000000  0.07477641
 -0.00000000 -0.07477641   -0.00000000 -0.07477641    1.00215395  0.00000000
    1    2
 -0.21698444  0.00000000    0.11176350  0.00000000    0.00000000 -0.04418909
  0.11176350  0.00000000   -0.21698444  0.00000000    0.00000000 -0.04418909
  0.00000000 -0.04418915    0.00000000 -0.04418915   -0.22614372  0.00000000
    2    1
 -0.21698444  0.00000000    0.11176350  0.00000000    0.00000000  0.04418915
  0.11176350  0.00000000   -0.21698444  0.00000000    0.00000000  0.04418915
  0.00000000  0.04418909    0.00000000  0.04418909   -0.22614372  0.00000000
    2    2
  0.80933905  0.00000000    0.09112660  0.00000000   -0.00000000 -0.07477812
  0.09112660  0.00000000    0.80933905  0.00000000    0.00000000 -0.07477812
  0.00000000  0.07477812    0.00000000  0.07477812    1.00219080  0.00000000

     Dynamical  Matrix in cartesian axes

     q = (   -0.666666667   0.666666667   0.000000000 ) 

    1    1
  0.80930217  0.00000000   -0.09112584  0.00000000    0.00000000 -0.07477641
 -0.09112584  0.00000000    0.80930217  0.00000000    0.00000000  0.07477641
 -0.00000000  0.07477641   -0.00000000 -0.07477641    1.00215395  0.00000000
    1    2
  0.10849222  0.18791404    0.05588175  0.09679003    0.03826888 -0.02209455
  0.05588175  0.09679003    0.10849222  0.18791404   -0.03826888  0.02209455
  0.03826893 -0.02209458   -0.03826893  0.02209458    0.11307186  0.19584620
    2    1
  0.10849222 -0.18791404    0.05588175 -0.09679003    0.03826893  0.02209458
  0.05588175 -0.09679003    0.10849222 -0.18791404   -0.03826893 -0.02209458
  0.03826888  0.02209455   -0.03826888 -0.02209455    0.11307186 -0.19584620
    2    2
  0.80933905  0.00000000   -0.09112660  0.00000000    0.00000000  0.07477812
 -0.09112660  0.00000000    0.80933905  0.00000000   -0.00000000 -0.07477812
  0.00000000 -0.07477812    0.00000000  0.07477812    1.00219080  0.00000000

     Dynamical  Matrix in cartesian axes

     q = (    0.666666667   0.000000000  -0.666666667 ) 

    1    1
  0.80930217  0.00000000    0.00000000  0.07477641   -0.09112584  0.00000000
  0.00000000 -0.07477641    1.00215395  0.00000000    0.00000000  0.07477641
 -0.09112584  0.00000000    0.00000000 -0.07477641    0.80930217  0.00000000
    1    2
  0.10849222 -0.18791404    0.03826888  0.02209455    0.05588175 -0.09679003
  0.03826893  0.02209458    0.11307186 -0.19584620   -0.03826893 -0.02209458
  0.05588175 -0.09679003   -0.03826888 -0.02209455    0.10849222 -0.18791404
    2    1
  0.10849222  0.18791404    0.03826893 -0.02209458    0.05588175  0.09679003
  0.03826888 -0.02209455    0.11307186  0.19584620   -0.03826888  0.02209455
  0.05588175  0.09679003   -0.03826893  0.02209458    0.10849222  0.18791404
    2    2
  0.80933905  0.00000000   -0.00000000 -0.07477812   -0.09112660  0.00000000
  0.00000000  0.07477812    1.00219080  0.00000000    0.00000000 -0.07477812
 -0.09112660  0.00000000    0.00000000  0.07477812    0.80933905  0.00000000

     Dynamical  Matrix in cartesian axes

     q = (    0.000000000   0.666666667   0.666666667 ) 

    1    1
  1.00215395  0.00000000    0.00000000  0.07477641   -0.00000000  0.07477641
  0.00000000 -0.07477641    0.80930217  0.00000000    0.09112584  0.00000000
  0.00000000 -0.07477641    0.09112584  0.00000000    0.80930217  0.00000000
    1    2
  0.11307186  0.19584620    0.03826893 -0.02209458    0.03826893 -0.02209458
  0.03826888 -0.02209455    0.10849222  0.18791404   -0.05588175 -0.09679003
  0.03826888 -0.02209455   -0.05588175 -0.09679003    0.10849222  0.18791404
    2    1
  0.11307186 -0.19584620    0.03826888  0.02209455    0.03826888  0.02209455
  0.03826893  0.02209458    0.10849222 -0.18791404   -0.05588175  0.09679003
  0.03826893  0.02209458   -0.05588175  0.09679003    0.10849222 -0.18791404
    2    2
  1.00219080  0.00000000    0.00000000 -0.07477812    0.00000000 -0.07477812
 -0.00000000  0.07477812    0.80933905  0.00000000    0.09112660  0.00000000
  0.00000000  0.07477812    0.09112660  0.00000000    0.80933905  0.00000000

     Dynamical  Matrix in cartesian axes

     q = (    0.000000000   0.666666667  -0.666666667 ) 

    1    1
  1.00215395  0.00000000    0.00000000 -0.07477641   -0.00000000  0.07477641
 -0.00000000  0.07477641    0.80930217  0.00000000   -0.09112584  0.00000000
  0.00000000 -0.07477641   -0.09112584  0.00000000    0.80930217  0.00000000
    1    2
 -0.22614372  0.00000000    0.00000000 -0.04418915    0.00000000  0.04418915
 -0.00000000 -0.04418909   -0.21698444  0.00000000   -0.11176350  0.00000000
  0.00000000  0.04418909   -0.11176350  0.00000000   -0.21698444  0.00000000
    2    1
 -0.22614372  0.00000000    0.00000000  0.04418909    0.00000000 -0.04418909
 -0.00000000  0.04418915   -0.21698444  0.00000000   -0.11176350  0.00000000
  0.00000000 -0.04418915   -0.11176350  0.00000000   -0.21698444  0.00000000
    2    2
  1.00219080  0.00000000    0.00000000  0.07477812    0.00000000 -0.07477812
  0.00000000 -0.07477812    0.80933905  0.00000000   -0.09112660  0.00000000
 -0.00000000  0.07477812   -0.09112660  0.00000000    0.80933905  0.00000000

     Diagonalizing the dynamical matrix

     q = (    0.666666667  -0.000000000   0.666666667 ) 

 **************************************************************************
     freq (    1) =      19.622045 [THz] =     654.520976 [cm-1]
 ( -0.500014 -0.000000 -0.000000  0.000000  0.500014 -0.000000 ) 
 ( -0.499986 -0.000000  0.000000 -0.000000  0.499986  0.000000 ) 
     freq (    2) =      27.003235 [THz] =     900.730959 [cm-1]
 ( -0.473031 -0.000000 -0.000000  0.229481 -0.473031 -0.000000 ) 
 ( -0.472927 -0.000000 -0.000000 -0.229136 -0.472927  0.000000 ) 
     freq (    3) =      27.557732 [THz] =     919.227006 [cm-1]
 (  0.089462  0.000000  0.000000 -0.695625  0.089462  0.000000 ) 
 ( -0.089717 -0.000000  0.000000 -0.695702 -0.089717  0.000000 ) 
     freq (    4) =      31.654990 [THz] =    1055.896802 [cm-1]
 (  0.491887 -0.000000  0.000000  0.126737  0.491887 -0.000000 ) 
 ( -0.491930  0.000000  0.000000  0.126660 -0.491930  0.000000 ) 
     freq (    5) =      32.172276 [THz] =    1073.151601 [cm-1]
 (  0.499986 -0.000000  0.000000 -0.000000 -0.499986  0.000000 ) 
 ( -0.500014  0.000000  0.000000 -0.000000  0.500014  0.000000 ) 
     freq (    6) =      35.656583 [THz] =    1189.375591 [cm-1]
 (  0.162130  0.000000  0.000000  0.668866  0.162130 -0.000000 ) 
 (  0.162162 -0.000000 -0.000000 -0.668919  0.162162  0.000000 ) 
 **************************************************************************
